txl1_x,txl1_y,txl1_z,txl2_x,txl2_y,txl2_z,txl3_x,txl3_y,txl3_z,txl4_x,txl4_y,txl4_z,txl5_x,txl5_y,txl5_z,txl6_x,txl6_y,txl6_z,txl7_x,txl7_y,txl7_z,txl8_x,txl8_y,txl8_z,txl9_x,txl9_y,txl9_z,txl10_x,txl10_y,txl10_z,txl11_x,txl11_y,txl11_z,txl12_x,txl12_y,txl12_z,txl13_x,txl13_y,txl13_z,txl14_x,txl14_y,txl14_z,txl15_x,txl15_y,txl15_z,txl16_x,txl16_y,txl16_z
-0.049657678710620844,0.0021873600072759014,0.016789942387153204,-0.04177728912868998,-0.0089637400050135,0.012492832084747616,-0.04514467195392777,-0.04791823071939691,0.04125683578193886,0.04007505989712258,-0.015969520796460145,0.02927359192395941,-0.11605022174786132,-0.009102791760034597,0.059672862165751676,-0.11742512960682755,-0.030969218901934988,0.026462596349533754,-0.06072338270861174,-0.003667146186496428,0.06963627349643634,0.10065965215320809,0.032003479537349805,0.06127895089535187,-0.0896756107788233,0.11761613945326478,0.037675562714960066,-0.09380864520015304,0.1155414969703904,0.07487029854712354,-0.036565100164038605,0.13480218836453597,0.0872527874603652,0.21543195337506754,0.142948250893462,0.07793079601584672,-0.020632253594635764,-0.02354048591230926,-0.01236971594995134,-0.03851381447874499,0.005181226500705408,0.03370814806558703,0.034253039851194586,-0.0011300707844051714,0.06673949281521961,0.11033378454357887,-0.022627244240743416,0.001622338278258779
-0.058758612872764564,0.005662328258457629,0.01908889168780439,-0.03956711802397476,-0.0073322032737648205,0.010815835288217227,-0.04950300688977052,-0.0461415948617284,0.04222788554259403,0.04485012333820452,-0.012438031934685727,0.030542416572028983,-0.11240720806697416,-0.00033855939292541074,0.061345250796684875,-0.11634327054723165,-0.02687693012354659,0.03153638593483309,-0.06107626164746154,-0.0037303023569990124,0.07297676261543619,0.1061822875296429,0.04192540890755698,0.07100262399925891,-0.08776208126276179,0.10876969555232766,0.03325956925264078,-0.09380864520015304,0.1155414969703904,0.07487029854712354,-0.03332914961936957,0.13531855870428605,0.09459033437206446,0.21064795449576837,0.14321846578433195,0.07722356351552433,-0.022440423162445374,-0.023302937312665126,-0.006992311698523978,-0.031359773636106356,0.0023571557752974127,0.033276451018500054,0.03308736511989878,-0.004802803144696115,0.061132638953721924,0.10378288260970282,-0.017530082335020687,0.0006871189715567669
-0.051335189581171226,0.006120374170397237,0.01480459656074858,-0.04209443111819707,-0.015781542429397943,0.0157471561659507,-0.05713270143803151,-0.058473745667151585,0.03912762982509823,0.03883018086526877,-0.017776781144768238,0.03721869358799422,-0.11600293835011097,-0.0023210901873502512,0.060377035866416004,-0.11286717584797708,-0.02159004042035849,0.02868991680217227,-0.06348757511803571,-0.00017435653856568526,0.07872860233479696,0.10153998938518234,0.03530316262715388,0.06299597158939757,-0.09487626872766758,0.11544627279962554,0.03471251435396265,-0.08915393698225312,0.11206531041835298,0.07591505944374756,-0.03397539307684086,0.13589810947488695,0.08962779741972678,0.212820755421014,0.14877308618818058,0.08331811524685401,-0.018258859551273342,-0.022252993581861287,-0.0038555632029548302,-0.03954220924798511,0.0010342804979459903,0.03770957469227397,0.029826197919498896,-0.0025144429952950126,0.06484457812466148,0.11182855035941931,-0.021417759706396627,0.0041093851119340065
-0.053187599414117354,0.009420308619396934,0.017257129173080563,-0.04273552315779456,-0.01395993526987529,0.020334070034615955,-0.0490100191687999,-0.04998069383313543,0.039591157846131625,0.040657090759534956,-0.014243163148875294,0.036228109983953816,-0.11574395778102621,0.00045295925629158925,0.05825058828722149,-0.10717638409934484,-0.02735758639981817,0.027505802748490366,-0.06279159032665506,0.0016028966584676213,0.07005275174789696,0.10341823369202018,0.03696770323354517,0.06613325090288798,-0.0953024562245334,0.1107056331872567,0.037997345462896084,-0.09497077721422884,0.11208730976579662,0.07869847973021733,-0.0348395426840924,0.13858154427449976,0.0938000080388109,0.2127023709830891,0.14119834309123266,0.07481471029156744,-0.023886259001839754,-0.024552328447107797,-0.006345405808160107,-0.040649814738710634,0.0009408494415697307,0.03512483766020193,0.02965926641456408,-0.003269535213416717,0.05481725048760308,0.10869551024390411,-0.01943324562957178,0.001099675759104713
-0.05314678533739804,0.006165587160192054,0.01477323385120541,-0.03766950317001815,-0.012519820572850062,0.012383776202976066,-0.05059978249775021,-0.049797265837751785,0.03665838084260931,0.03616876430993433,-0.02128577735702724,0.03296865169761076,-0.11404648595087195,-0.004338613777019128,0.05873611965418172,-0.11577808469421849,-0.02704822203550353,0.02947550750453761,-0.06706756999774445,-0.002974757898294269,0.06801611047085622,0.10234440701528853,0.03856200567308742,0.06600358055564261,-0.09302868534069934,0.11550169347612914,0.03413401529628124,-0.09380864520015304,0.1155414969703904,0.07487029854712354,-0.028821517344888855,0.1374192247401307,0.08636347134467559,0.21401796803098214,0.14301107663160306,0.07653893173655439,-0.022820256950875646,-0.023185571658118662,-0.000755697320551825,-0.03441002725634578,0.005360675128125525,0.03842583900930952,0.029411431936244972,-0.003943631887830187,0.06652718783440897,0.11191924466412997,-0.022824518921742108,0.0026491119405467945
-0.04782384369768981,0.007335915268660802,0.01830510834015,-0.041939127017433304,-0.0055020563595267885,0.013268948517894109,-0.0510475475802184,-0.05210133861944197,0.03947696333176795,0.041842414608979375,-0.010733469225926629,0.03937636534728968,-0.11636751173821336,-0.0030895985372828803,0.06391911814819842,-0.11521273493372697,-0.027219507810490613,0.02741447004399763,-0.06850156396135873,0.0049800116584253025,0.07030616550288377,0.10213184698754138,0.037036675324937034,0.061276042391631556,-0.0907381189616308,0.11362096693329848,0.027703405136793306,-0.08863868375999268,0.11049381605108892,0.0737098354520693,-0.034577871185632374,0.1402891825704037,0.09203215128685592,0.20877481359895517,0.14521161535673008,0.07847192590582161,-0.019521954928288118,-0.023562680616921763,-0.006308255881643586,-0.03578767047320502,0.0036435630742215905,0.029898036548638183,0.0309039951134165,-0.0038905829144561016,0.06666846245898017,0.10820797231059653,-0.021666807220061046,0.010511939892234907
-0.05117879127757924,0.008384964414487583,0.011622758554671576,-0.044469122962308684,-0.020819295302582762,0.019064445713982508,-0.0577601278027803,-0.04437163938548882,0.0414758012284454,0.03566608052688166,-0.017781697812622888,0.03635171300659253,-0.10826607088310085,-0.006129821741701426,0.05545782746313334,-0.11270860265002985,-0.027403866698713863,0.025634222939068,-0.0670924923026877,-0.0003900506500687967,0.0765555894656245,0.09964866030118004,0.0350369813007332,0.06845589776180545,-0.08925070282112615,0.11119630023647048,0.03048403416485126,-0.09054414322184808,0.11215061632245227,0.07478227502562791,-0.03203468636343901,0.1344331002343777,0.08768562768313407,0.21545037757626928,0.139225329808967,0.0784185888763093,-0.021180807444336675,-0.021993892852297543,-0.00452980986769875,-0.03682474027003474,-0.0005021856597511137,0.03390878008388051,0.03562936653596522,0.0006909520705226684,0.05874817218605319,0.11381487854246852,-0.025652803130355575,-0.0016618248995720587
-0.05492886372788849,0.011415052865544872,0.016273703425911508,-0.0370228476392522,-0.016058925980253817,0.008001786744685532,-0.04899613085659814,-0.05202783786659019,0.03965233553161562,0.039764612921231915,-0.012515428477933447,0.04205329917908292,-0.11254501058156012,-0.0028577478227006865,0.06228969751615019,-0.10927726796838792,-0.02153359541319313,0.030267605764277467,-0.06572413319133377,-0.005073035581427858,0.07028876791178512,0.10673633636412753,0.038642616782093395,0.07155357982551452,-0.09776841119980911,0.11587641994517305,0.026653255173601054,-0.09414801200332133,0.1122042308813381,0.0756076674883507,-0.029690383542800142,0.13696222816282455,0.0911830663939393,0.2190299428801148,0.14471609355828338,0.085911713540607,-0.019862993178968034,-0.024834788670314693,0.00041047759111645344,-0.04158603659779818,0.0039110021244073085,0.038842241750359364,0.024387513120601688,-0.0037591659792762604,0.05965170894386657,0.10695521537477401,-0.017922376400784857,0.0027421301661701633
-0.04932225839467483,0.015322656078744066,0.013267160134353275,-0.04777328103432437,-0.010526079726808071,0.012302559278694416,-0.04717683886050625,-0.052082186242573894,0.041206275753123876,0.03893131731271159,-0.012489486583262056,0.0367986780071055,-0.11450128866794196,-0.000840747742474314,0.06393064757240041,-0.11273144362969482,-0.019708881497730518,0.029022164009203637,-0.061923146739382075,-0.0005840770829721526,0.07677683984921234,0.10563426262071186,0.03383026875544538,0.06508868999443304,-0.09099894133696083,0.1223800585831164,0.0338306136025803,-0.08942842628285452,0.1120263522366326,0.07694545182950421,-0.03293607960093386,0.13644641826978426,0.08384356505144513,0.21331369818133056,0.13939715975524,0.08165544620372535,-0.020822634863057903,-0.023481701789458912,-0.009249673364895706,-0.042189535772173783,0.008032556379191627,0.034284518190235556,0.029644566314218686,0.0011791101105864958,0.06926022380627844,0.10849123661164001,-0.02279729565834643,0.0054286987929098715
-0.04983388948966353,0.008369843071638872,0.023929302958657694,-0.03782589456519891,-0.01592807371522945,0.014007566340966006,-0.053871019295760166,-0.04436073952561389,0.04320110238093743,0.03929545202819677,-0.019520687655232852,0.03414557273474176,-0.10479184166470658,-0.004403075076544372,0.05760305615490069,-0.116449051794778,-0.025496009875656377,0.025407404807505474,-0.06314725360046254,-0.0010644302962952688,0.06485885112044515,0.1037662631382099,0.03997601925827233,0.07687278854544846,-0.09833385295595207,0.11327120574787737,0.0323330106150703,-0.09532873663922108,0.10903060245694605,0.07315105629559267,-0.03699992100620453,0.13614400665137583,0.08933872741513127,0.21401796803098214,0.14301107663160306,0.07653893173655439,-0.020654971739004744,-0.02491100054421546,-0.010849455882232854,-0.03988090276579242,0.002502764711360556,0.03906264311105463,0.035907755266016445,-0.0010133165681581126,0.06582897454751056,0.11016450431272015,-0.016724382740948354,0.0038408594942178948
-0.05301036362032491,0.010058938226222338,0.012839243364116685,-0.03815076660973124,-0.012441764435760406,0.015985861344553563,-0.05356213038244446,-0.05243060185112013,0.04205863021830529,0.04290072208896452,-0.021313578152319643,0.042692929560153046,-0.10994664412378484,0.0009356429708519028,0.05521494098250555,-0.11133608345291353,-0.027245768736988734,0.027975626497843034,-0.06811978356215671,0.0034066995695996322,0.06895617747004171,0.10407169865237217,0.04014147198730344,0.07172161369576256,-0.09297187660365089,0.10661709627181971,0.030325458248437506,-0.09358053392104387,0.11200209842232962,0.07983124490790645,-0.03380592593226575,0.13284922378549754,0.08931124393997346,0.2145591019737777,0.1429294633737941,0.07306885599537921,-0.020971744839552112,-0.024812626694837796,-0.005651541135581201,-0.03826770817474976,0.0008725162782228372,0.032673728021496706,0.031838004069556225,0.0002618003167203596,0.06372441011843481,0.1085933822975991,-0.021115619371698133,0.0032641429052815874
-0.05316722921585793,0.007792888399523862,0.0160148353495352,-0.04273552315779456,-0.01395993526987529,0.020334070034615955,-0.0389709432925153,-0.05382979918739067,0.04196982325383712,0.040594161314180074,-0.021288783897167016,0.03632355363118414,-0.11733616292025423,0.0032376392848977413,0.056347130080759485,-0.11521273493372697,-0.027219507810490613,0.02741447004399763,-0.06498580238362377,0.005191016870298922,0.07358698816010942,0.1042288646661724,0.028852342635696252,0.06378511108628074,-0.09343069615854349,0.11523099354387181,0.038739780385552855,-0.08821144344165663,0.1168497613515614,0.07954222637686678,-0.037345709151931514,0.135961270065043,0.09126621037988343,0.21589236353540983,0.14101851917572383,0.07528248734863598,-0.0250594323783884,-0.024510740917744907,-0.011370602293611646,-0.039033172911348495,-0.0016466278462435953,0.04262382223405291,0.029787741944203368,-0.005042411822205524,0.06295353022216851,0.11361833521847751,-0.018248641813731356,0.0008067703069394894
-0.049679642443413885,0.003812507019238111,0.01802157868135023,-0.04225463986060132,-0.01575535298408697,0.01694759867646157,-0.04970621900851206,-0.050364375184036976,0.04372720867835263,0.04242054080395023,-0.017755731097463378,0.03533025031752781,-0.11629316774550334,-0.00961351482290006,0.06203492038443342,-0.11426941526927668,-0.025009566611366177,0.03214914557638941,-0.06721016689062163,-0.00041152951502072057,0.07766858732334048,0.1049318932221825,0.03702377342739985,0.06712174213676148,-0.09418770211603052,0.12260049990583145,0.0292147723213651,-0.09186851558558447,0.11553462593340226,0.07394094390318447,-0.03211661132667724,0.13595778230710082,0.08784426870004715,0.20809537443090664,0.14144105317995745,0.07295425168211872,-0.0235515015685994,-0.023280882456936984,-0.013054083224670764,-0.03844214408683199,-0.003146962960293588,0.040267488964207135,0.02811174929406308,-0.0014006592688642163,0.06722595341593088,0.11563104662272009,-0.023984901226802958,-0.005220737781343696
-0.05338884856044082,0.006995294147123042,0.02153409251653036,-0.04020206432846511,-0.0140985505641179,0.01646554381969583,-0.052941025389970385,-0.043848484125655965,0.03768522455364182,0.03650016993003454,-0.017806489248229806,0.04160327799391929,-0.11430562586144799,-0.007112232995562131,0.06086293012426324,-0.11701415192537112,-0.025324744736191347,0.027469521557664498,-0.06569235896043853,0.0024608635611365714,0.07173257540375648,0.1048977514759138,0.0306241588591221,0.06077651050140778,-0.0931337845873004,0.10427969492724792,0.03139090444049743,-0.08808968794828735,0.11057156852122413,0.07164868736626177,-0.040655620707209655,0.13382905431528827,0.08473283987222738,0.21063205731026233,0.14694292358973504,0.07672896880065305,-0.01769033169964563,-0.02932276526024057,-0.007649796862527865,-0.03842494494373611,0.005402657538290887,0.04032024288706437,0.030547049838416773,-0.006549008842331237,0.06688122789130865,0.10060943892069237,-0.017138561467653555,-0.0013690428816861228
-0.051690447074944836,0.0048454406214269025,0.023636181289931647,-0.03988428051939979,-0.010716012733395746,0.013639978367011236,-0.05181056026549604,-0.04429124818112657,0.04337410007204269,0.038264074596032385,-0.021318577369314955,0.04071566600458844,-0.1123493780440008,-0.009133170493931298,0.059220281666925,-0.11952952371025567,-0.017439167184415776,0.03267695256502867,-0.06464370649980494,-0.005576085571588283,0.07279470683478612,0.10522187505697804,0.03858809131016317,0.0705630896580521,-0.09302868534069934,0.11550169347612914,0.03413401529628124,-0.09130116982648456,0.11533181741569024,0.07816468230623441,-0.03060419864768344,0.1358346840107068,0.08798835895444079,0.21152160739252568,0.14323725330767237,0.08208358055519671,-0.019839300817362723,-0.02346472300991391,-0.0011108711149814257,-0.04192750927593525,0.005379921102024093,0.040198396326262605,0.036820502855008506,-0.0024524550366022647,0.06870288090417534,0.10906878084304154,-0.02197097642471605,-0.005449137259351583
-0.04773483955112685,0.00765461661612396,0.016094921664243058,-0.037829944962501305,-0.012493805647744808,0.013584592010181244,-0.050663043847174766,-0.04160163309680646,0.03641968695292613,0.03778267259108262,-0.017759719167848832,0.033342374731381304,-0.11205785772280658,-0.001831664519316602,0.05756577626563143,-0.11551436313460944,-0.019437365757316274,0.03184638808170303,-0.06279159032665506,0.0016028966584676213,0.07005275174789696,0.1037216926803738,0.03713462308286729,0.06097509997502354,-0.09823349207178485,0.11333858234375625,0.031180984674997695,-0.09401816641763233,0.11880076472869362,0.07619533475028067,-0.03150416537432367,0.13784841477918677,0.08414686129745827,0.2155940515332655,0.14664485520943674,0.07628853533926669,-0.022758686561282257,-0.019074874666466606,-0.005295409546567344,-0.03664210630975758,0.002559307771497578,0.04019915280772373,0.028587079060001196,-0.0012025350211696633,0.06407224693885734,0.10895558772908813,-0.0267412598447037,-0.002575911408741067
-0.05500273639826299,0.006051201180462851,0.015845309464537206,-0.042413962484743904,-0.019162686213150013,0.01857711975389224,-0.050185290866795865,-0.04857287014726642,0.04642348774931703,0.03980205973838564,-0.014275012136919807,0.04173323516671696,-0.10858343862200309,-0.00010339032389206264,0.059714219719031576,-0.11508612100765615,-0.021489986004254242,0.029447837341491798,-0.059864548791264995,-0.005857394673748838,0.07636419819884183,0.10711713630193524,0.03885084312796847,0.06510867118646452,-0.09463705197492461,0.11337869833880745,0.031171245418386683,-0.09081858430341916,0.11211164446100219,0.07581273562920801,-0.030870891991638408,0.13412746508565362,0.08975743853178957,0.21262080031495081,0.1393502208576373,0.07563971935394696,-0.019624513814191738,-0.022152630147123667,-0.005752316145953928,-0.0451577906049217,0.00104511987512429,0.03901833652792952,0.033404274193044134,-0.004670774669779222,0.05902905073094035,0.11059066299199405,-0.022259968844727012,-0.003212759669745447
-0.05126554467969621,0.011479072732858942,0.015203637896241419,-0.03831305672196674,-0.010698622242431748,0.016975246460479636,-0.05361942872298257,-0.04628258000248609,0.041880817448762916,0.03904395888787094,-0.017768947766757758,0.03584157162729469,-0.11528940200320918,-0.003044729436504531,0.05305436132743506,-0.11327438177097666,-0.027232636416110918,0.027695162686365397,-0.0637776394853881,0.006371078533108314,0.07297772350049227,0.10778992191485251,0.04062156128639025,0.06210868905725134,-0.09604593403663156,0.11139245985268316,0.025907126320439813,-0.09599100675618252,0.1171581038940493,0.0769777167714895,-0.027206938130522183,0.13891267509602803,0.08570300974013144,0.2117467678242414,0.13933068467470575,0.07077880825122818,-0.023931217921920062,-0.023163514107947057,-0.006814741266378654,-0.038352538674615,-0.00030804967471028283,0.03994932766031884,0.027375764676074207,-0.009254869047181787,0.06576170966727335,0.11051174546211238,-0.01776248769147734,-0.0024552742986893848
-0.04972413654629338,0.0036532755011622875,0.019125744513609353,-0.03988008590969526,-0.015867905189659748,0.014277186851672717,-0.055192610038588906,-0.04814770167644747,0.03900763826168879,0.04055634717762148,-0.019529595299780777,0.036643287803006935,-0.11609279895933274,0.001943911985915975,0.06202853327800365,-0.11341012016802751,-0.029113208157317896,0.02736424048285884,-0.06555374726845234,0.0008397556456106426,0.07261241090451948,0.10564293127354708,0.03243788002002658,0.05647784140776906,-0.0908388046490305,0.11355344160732327,0.02885573356358653,-0.09167482160520482,0.11034596953539176,0.07875830979608485,-0.036573739140675354,0.14108458882861263,0.08595936402388123,0.21192721661354874,0.13930334944713546,0.06962149715053233,-0.018067913629519185,-0.02231156766918756,-0.006975163684348606,-0.035022584520646854,0.002587527589501169,0.04076704608098097,0.03637566453764375,-0.0015018781206671407,0.05159297169301592,0.1089899819747447,-0.01747356901523525,-0.004691363387083457
-0.04786923936012316,0.013995397323070572,0.022120418592919237,-0.0400392386216666,-0.017558635352350055,0.015691072953696324,-0.05292260448529212,-0.045898490602270595,0.03774394464491101,0.03900633969475145,-0.016009273562362432,0.03616024146936852,-0.11019057285990783,0.0004214028772874858,0.05757749036559057,-0.11521273493372697,-0.027219507810490613,0.02741447004399763,-0.06266485773624422,0.004230869483325182,0.07747074027669872,0.0995878758494307,0.03359415878115586,0.06115273091543325,-0.094296779643532,0.11137723919354425,0.02647571336967505,-0.09036987848342183,0.1072419313897912,0.07331817742918129,-0.0342336155447447,0.13733130774101923,0.09075027270115853,0.212882782189483,0.14117106847217298,0.07365790583936628,-0.024120930062185603,-0.023104866884859684,-0.0036961859942752327,-0.04473847964437812,0.0024176915608304225,0.03735607069066451,0.031143090223402156,0.00122854832970076,0.06940148198823,0.11185492751905499,-0.02291629529408029,0.003857543680534194
-0.05690285916187214,0.005777073526431148,0.018019399871145942,-0.0401974734534562,-0.020965577920604255,0.017319327115277696,-0.04721224847923683,-0.04594311962454249,0.04102223094328655,0.04342897243997475,-0.016013563815016122,0.0395308486317586,-0.10993037334962519,0.0032010440556135287,0.0554526487398735,-0.1142476610628737,-0.03270248327219391,0.02876217999787984,-0.0633670449684892,0.0024491551361857135,0.08614303377229342,0.10036969219718735,0.03043820746145919,0.05783914915761247,-0.08939264403960956,0.11333688060403059,0.03288198737077354,-0.09576129465872574,0.11361880700236404,0.0819356769837458,-0.03401751701614278,0.13522728406518428,0.08161200457573509,0.2151997988896155,0.14097209622922507,0.06926286841077474,-0.022525705492496887,-0.020523222579919415,-0.007941505684846471,-0.03340298035747391,0.0026157129327948124,0.041334698304186686,0.03415892415757332,-0.00617538020307086,0.06295761557364,0.10831027665651013,-0.019985282708960425,0.008348652848842453
-0.049679642443413885,0.003812507019238111,0.01802157868135023,-0.04209574788607157,-0.012347085692720148,0.015319665068908396,-0.051793521889342796,-0.04634006631647504,0.04343313569099199,0.039588295696271175,-0.014282929432070634,0.043109028552392153,-0.10837187147465561,-0.004120647390960232,0.056876634269645454,-0.11492999858817682,-0.027305148396620457,0.026383891677385946,-0.06520678222228898,0.00350067011907235,0.07780727061065872,0.11347858189805454,0.03923663669567502,0.06390809664718912,-0.09288895593707606,0.1133648801620942,0.031741871157845,-0.09689746362926478,0.11402369027217434,0.07348864003490055,-0.036476235888629735,0.1332777046777544,0.0870949091850445,0.21625335391030825,0.14096399214226582,0.07296830789114228,-0.02212127835413692,-0.027529172861621435,-0.008687447821750233,-0.0406461284145447,-0.0016760592589595072,0.04205004567813727,0.026622247026949184,-0.007056050006763215,0.07290427964034554,0.106494097872242,-0.02165381862944071,0.011900141692691142
-0.049433518062860136,0.013216975671692064,0.015349453623002622,-0.04446839116426309,-0.01566896830775877,0.01841676645072015,-0.0515109201224211,-0.05235708375793812,0.04223425661649237,0.040908493236225314,-0.01599490958357507,0.03452975466556252,-0.1103448332734034,-0.0043643473902556405,0.058284607038750706,-0.11078301174219576,-0.023570631892632338,0.027602759985950645,-0.06737912232734092,0.0028455918536795964,0.07479887953135349,0.10486821387726583,0.035585870763773675,0.05980841159660889,-0.09087909048590374,0.1157603074669189,0.030099610384343358,-0.09104478401031646,0.11565224646802923,0.07084824491127367,-0.033460601545064424,0.13303163998271492,0.08738332955820763,0.2127023709830891,0.14119834309123266,0.07481471029156744,-0.01818400043563049,-0.025034137154233135,-0.002879711105468651,-0.043207296148042106,0.0038830329708229184,0.03827524543182215,0.034674019391459344,0.0002959906855675822,0.06505774794179686,0.11374696342389415,-0.01806430075261666,-0.0016108221736741276
-0.05493385016555097,0.00799852585366372,0.014883825240248571,-0.0427359537766881,-0.012242957597590653,0.020120316182773566,-0.051128986221164276,-0.04185790883940428,0.03917845106618055,0.04205614706749014,-0.010725342148426615,0.03800053438859518,-0.10624355194702545,0.000915031838312937,0.05476310836684998,-0.11678009994587907,-0.020976675748626893,0.03563620572999873,-0.06425464647912954,0.006280309443029159,0.07743261910196433,0.10220402800471981,0.027100225168514288,0.06323858005680612,-0.09786874162919032,0.11580872789307221,0.02780549521067076,-0.0911593812160825,0.10877476457886516,0.07655317413225457,-0.0353149300138894,0.13925344427641487,0.08787310509568853,0.21681451342153046,0.1371586763891915,0.06998237547909218,-0.023912578206986043,-0.02179379195986133,-0.008324279435451228,-0.04595722438567788,0.009701648325006564,0.04214362670824654,0.03314106635286095,-0.0015911307015782688,0.07409591279158409,0.11522969049594631,-0.019945562642241163,0.001580253802918665
-0.05283307025288965,0.010697839534062194,0.00841942022135457,-0.03640967956471724,-0.019316327069849034,0.01896331275510226,-0.05043001723913325,-0.041473463541353346,0.0350400795174438,0.03552745217746579,-0.021308775790215794,0.03710162532390603,-0.11437963294470012,-0.0005842343435390848,0.06275009431285586,-0.11050011705119901,-0.023656157735138964,0.02657173508937746,-0.06398919489317854,0.000430111832142527,0.07066027087080101,0.10645645321300676,0.03568548414579984,0.05950372631336842,-0.0885093245286808,0.12064278258114938,0.025102720420048387,-0.09143363796843829,0.10873601402111094,0.077583263893268,-0.03522774697308302,0.13458790132015927,0.0883611970134826,0.21500083705530765,0.1447237841032893,0.06993257740949552,-0.02193187557501856,-0.02758868710344617,-0.011805220920670278,-0.03636866722820545,0.006801013429839625,0.039211904814717494,0.030429088534015398,-0.004088659246128506,0.06982174044150825,0.1117759471140003,-0.01842015039418002,0.004614288053366372
-0.049634474319803584,0.007381920506141664,0.01827793275594086,-0.04398830131503288,-0.019181734063286052,0.015246897110201106,-0.05012035912743888,-0.05158959486921606,0.03396057373147825,0.034597453631158036,-0.017820391152818166,0.04323329948729363,-0.10442496841901171,-0.0036323398983295003,0.05405828049603279,-0.11009861841697587,-0.028967355304246104,0.029989262521652287,-0.0648051500899499,-0.002315706013904774,0.0699192367848231,0.1054922865603093,0.03235346770676882,0.059060276943415306,-0.09647302346207076,0.10665422580744137,0.029199419033562747,-0.0967507386618207,0.10746708541081794,0.07187007496336444,-0.026341522545743998,0.13375789150377054,0.0901882368002851,0.21597320784263183,0.14286664230004978,0.07446078499737627,-0.0235515015685994,-0.023280882456936984,-0.013054083224670764,-0.03425665353997842,0.0024905606727483025,0.037745606452791694,0.0309039951134165,-0.0038905829144561016,0.06666846245898017,0.1102929558481208,-0.01653985312235017,0.0014240809686537717
-0.053119347458096475,0.011367252931228904,0.01629126429666197,-0.04004447948596157,-0.010690073650603182,0.014840508933843703,-0.04876423255286461,-0.05189994644871979,0.03827343839756012,0.04583382698393895,-0.019501055843571917,0.034490752416634816,-0.1096294213602593,-0.005090447857380738,0.050958054717263515,-0.11635233526297453,-0.023029097620182848,0.03323764078527025,-0.06604730791059865,0.0023948989069040557,0.07507317662848373,0.10515963947190096,0.03714901994475833,0.06325331775547914,-0.09800559475632739,0.11794116828160425,0.03019085934580142,-0.09799433245685077,0.11386728167981643,0.0776105210138699,-0.031111386557587117,0.13870148434928542,0.09023452766218149,0.2124232601104757,0.143101143510001,0.07630329736555153,-0.01776571351653852,-0.02654285617554467,-0.008627322182297692,-0.0403932842761489,0.005185974579154964,0.034151112997446983,0.030785724742502508,-0.0014300428601786454,0.06961071613471588,0.11373539364850663,-0.021155545764707583,-0.0009071304396996956
-0.049501630048369126,0.004449602904675441,0.013603704518689832,-0.048255848344182985,-0.015600953898025625,0.016553741942458556,-0.057063516621903704,-0.043987339138174895,0.037338818156147716,0.03646273386723152,-0.016046937981719966,0.04191826455233587,-0.11575983330866926,-0.001808432197422041,0.058015103661941375,-0.11379864343728029,-0.027647695398715182,0.02226118063532801,-0.0620613489478132,0.0026920790846728976,0.07389843771176957,0.10622929615201332,0.03555963082796533,0.06337457790935172,-0.09114081995863771,0.11335094091716857,0.03231211847530728,-0.08991045721572048,0.11524656578108784,0.07929626084097938,-0.032643830548572304,0.132543809528343,0.09138284726113816,0.22065411732990764,0.14447189878869918,0.07550426399776458,-0.021371181595530767,-0.021935431030462523,-0.001410952894562099,-0.03705878702128903,0.006423637854898259,0.028001852441465244,0.029411431936244972,-0.003943631887830187,0.06652718783440897,0.1085933822975991,-0.021115619371698133,0.0032641429052815874
-0.056656406793565206,0.008363998502295732,0.012649424196369002,-0.041613681015511536,-0.015860088041783085,0.012145104074342019,-0.0478601893317712,-0.05451132156360476,0.04540358932253168,0.04135133717903503,-0.017795011922490524,0.04221598016369745,-0.11490861213257056,-1.2118965842612697e-05,0.04974491364157624,-0.11299151269893806,-0.02731825232453362,0.026664712691497255,-0.0665204643264086,0.0023070234336803217,0.07952598749790453,0.1030958299926657,0.029000672346408112,0.05635162786836032,-0.09796906509980621,0.1157410483889332,0.02895763518629733,-0.09133428340386847,0.11368271968441908,0.07801890696624038,-0.038581150577680995,0.1315116676278738,0.09064860512064217,0.21928229575805785,0.1370890881678015,0.07507365329597385,-0.022906549293044608,-0.020406883363869213,-0.001701699837802643,-0.04150017743271653,0.0024744414692271254,0.0384940266876428,0.029826197919498896,-0.0025144429952950126,0.06484457812466148,0.10663445078380207,-0.018382966794959946,0.008782125683447772
-0.04950195072053976,0.0010397556060676284,0.012246225283487119,-0.035771627696391646,-0.015988233664160047,0.013737731363307012,-0.05377431104036558,-0.05460721955015872,0.04349702208771651,0.0434045747012499,-0.024815189160673795,0.03929289026593969,-0.1155904657776178,0.005233403279903167,0.05754156831814653,-0.11201911208105199,-0.021846596200050073,0.02559546172339088,-0.06567178164746527,0.0008180350870396287,0.07372586695313216,0.10234440701528853,0.03856200567308742,0.06600358055564261,-0.09284957885823333,0.11116021941799212,0.030501313904662274,-0.0921101226902744,0.11714482943009064,0.07511802917070255,-0.034581989495734954,0.13400860762984115,0.093324224457545,0.21559937816305258,0.13347019111550507,0.0679264500770165,-0.020122923053553902,-0.017863537181464505,-0.0009624410620241527,-0.03842494494373611,0.005402657538290887,0.04032024288706437,0.03569897905840262,-0.0036001384841634816,0.06498861728431601,0.10730183300842391,-0.01896042362387852,-0.0035537762760803246
-0.047668498854755,0.009598428791810169,0.015113072498190029,-0.043828416726460324,-0.012338767373721981,0.013185712625933155,-0.060463040245566466,-0.048930512531920475,0.04555059375229363,0.038541339694837896,-0.01426535487489117,0.03923181551215262,-0.11437963294470012,-0.0005842343435390848,0.06275009431285586,-0.10720716829600929,-0.01966839178877105,0.030865903909595305,-0.06758992293026785,0.0011621973357148242,0.07901637003615604,0.10257245753472435,0.03868674111786032,0.06213628986937807,-0.08939264403960956,0.11333688060403059,0.03288198737077354,-0.08790281946396059,0.11853852764427879,0.07865679963285054,-0.0348395426840924,0.13858154427449976,0.0938000080388109,0.20380842056590479,0.14550984360690328,0.07891149606037662,-0.019624513814191738,-0.022152630147123667,-0.005752316145953928,-0.038588143835845426,0.008274409606527474,0.04101042287739758,0.032916196339643405,-0.0011151774369096263,0.06554732037142326,0.11340211427118618,-0.024703883561163636,0.005840906136436806
-0.053364777634266995,0.00878195071358599,0.0216730776482462,-0.039881434439489834,-0.014150758721792094,0.014064406261992459,-0.05111265042244423,-0.043907126821907956,0.03923734174191152,0.037493863930841906,-0.014247678080606884,0.03535379402288031,-0.11146480929081534,-0.002812495167345573,0.05142159442745767,-0.11286717584797708,-0.02159004042035849,0.02868991680217227,-0.06630488714362541,0.003993604294744848,0.07530755702658663,0.10529802867857331,0.038629666916463454,0.06927441322705917,-0.0927271041602804,0.11570485017892135,0.030678640834174483,-0.09269204562113469,0.11541706280916562,0.07703290873823436,-0.03414513617889969,0.13894746549653952,0.08994552438360354,0.2144779730295751,0.1410811437269641,0.07389183910272648,-0.022673635359524415,-0.017722774923946652,-0.007851005670593096,-0.03894284922334681,0.003809619066582651,0.03537868856614243,0.02611034140351241,-0.004182289017336541,0.06834636374528072,0.11028115968998149,-0.019630042848938916,0.0021266201680773624
-0.05511093682221881,0.007360090365571057,0.01929854376800457,-0.0419356447986371,-0.012373108248357608,0.014119200390410407,-0.055424485968667433,-0.04827569970074881,0.040386483768309604,0.04032657421413582,-0.01772156990306835,0.027574741418966545,-0.1073952039070491,-0.0020656118695500636,0.04742183679599138,-0.11936484662238685,-0.030957017374203914,0.026176726512848674,-0.060233459087760045,-0.002622703565572935,0.07570846989657233,0.09601278955307585,0.028156775503486824,0.07051221117852491,-0.09276627618316083,0.11790973420165256,0.031919561426449944,-0.08364577009394812,0.11035427412422302,0.0740176991309178,-0.03389062500986784,0.13437360783865937,0.08946937399433469,0.21206259466584426,0.14315557783779015,0.07861580475142817,-0.024949643978021692,-0.02591885165657504,-0.011944595825198905,-0.03970312316574906,0.008183083352875941,0.038432934621793126,0.02972790556322582,-0.003811494216802364,0.0644245857141831,0.10882382243543362,-0.019249137114797827,-0.0013175875050014203
-0.05504199130271703,0.009307466094059578,0.018338236202381068,-0.03799240266744299,-0.01075050792651653,0.014574317238158234,-0.05390987084477604,-0.04026028542305947,0.0430855757190786,0.04026715197284616,-0.016018687539144143,0.038660609421572165,-0.11548481804609576,0.0032285159308634796,0.05612436613767869,-0.11620661044435587,-0.024995879471230192,0.0318713261872643,-0.0646787442032914,-0.0013427648158574775,0.07933402766142565,0.10666012321234423,0.03860103245622132,0.07284211967129765,-0.09300608051404159,0.11997801593181101,0.03546291567335962,-0.09472887215454683,0.11047759698041452,0.07752186727175364,-0.032809639498561555,0.13559244208190915,0.09169959138526486,0.21695579469069334,0.14457941491459705,0.06785412164021035,-0.024869966553642674,-0.0245696625205259,-0.014490219358403852,-0.040220115464157886,0.003971263137232505,0.040416394193483834,0.037507912805933255,-0.007160957451195976,0.059664843212103004,0.11494563575749787,-0.018814402312407538,0.006666522115729043
-0.04943418546072446,0.00980506288331167,0.013986512337339134,-0.0427348109403283,-0.01739343756178352,0.020762711022680017,-0.04856817077357815,-0.052848887421829416,0.049475752415094075,0.03700287475752058,-0.021309888038873046,0.038220037791308704,-0.10934782075694865,-0.006171598560714396,0.06632446833056771,-0.11621560420728314,-0.021147785304139195,0.03357357529740759,-0.06649780459841541,0.000666145975215104,0.08151741109965638,0.10740846259415018,0.04041359167158195,0.06855402470273092,-0.09220271316529745,0.12052416194479298,0.026250361417498248,-0.09411554714879455,0.11385321746055063,0.07575416356708074,-0.028349845600440734,0.13674775621018354,0.09229069563459331,0.21599207680359483,0.13914331893688756,0.07494763796237296,-0.019253188423308046,-0.026401948804294688,-0.008458904943430537,-0.04294336663553558,-0.0004277036779472923,0.03722573346965682,0.03277055510209941,-0.004934833050914637,0.06323588368036764,0.11174972102821695,-0.016921076669647078,0.004867349563398925
-0.05478569797285179,0.0034332379038406434,0.008940366557434694,-0.04652108242918404,-0.01389160264440956,0.018469155899135673,-0.05243722183845239,-0.052868320561696845,0.047747040155100305,0.04055634717762148,-0.019529595299780777,0.036643287803006935,-0.11340598312327678,0.0014701702957492545,0.053301751316837814,-0.1096511871169912,-0.023912726057204046,0.02347842185429114,-0.06373883780916738,0.0014277823064651036,0.07896067831972692,0.0987723894090106,0.03173326206409227,0.06674711120494153,-0.09662329903143696,0.11545842485991668,0.0341390436251654,-0.09388730601261,0.1103146729737905,0.08071515392559796,-0.0331494263074396,0.13855008540715846,0.0929811001903633,0.21401796803098214,0.14301107663160306,0.07653893173655439,-0.019633155740741,-0.026283332180269466,-0.0022239950180158044,-0.03800635150948683,0.002498720891047091,0.03862385277598836,0.030863085817916563,-0.006416815974246551,0.06477858050960651,0.11859242641272483,-0.020064906079448643,5.622357285538838e-06
-0.053392573553845225,0.00358208836625118,0.020154168303864028,-0.044788387360374375,-0.015616566637572752,0.020816817302983986,-0.04970621900851206,-0.050364375184036976,0.04372720867835263,0.04092197478099261,-0.026557925961142297,0.033987327975739307,-0.11361730856229361,0.005482697176878681,0.056137859138501126,-0.1124256516242521,-0.027489479538651634,0.024603693429077617,-0.06189937371043561,-0.0038774732571226597,0.08076792698423055,0.10659726235310901,0.037163349024996205,0.06553105251062866,-0.09274892130086841,0.11122743288609724,0.02934894999685608,-0.09293379485983565,0.1170269726239038,0.07821006083169516,-0.03484080404744013,0.13544150445627676,0.0944460293222828,0.21643385127648318,0.14093673342117655,0.07181102110738614,-0.020888630614205584,-0.027590865019666712,-0.004694633361067304,-0.03885419561052922,0.004031476913015877,0.04199014247003047,0.03229552580417409,-0.005132880593932971,0.0663901067150815,0.11358033714553514,-0.01984018324110928,0.00176268127091345
-0.04930039449947395,0.01369611169505969,0.012032196469685822,-0.04177395169565218,-0.015833909958246004,0.013345908864890926,-0.05286386853503462,-0.0572186082653999,0.05062338482687205,0.03861640032793576,-0.0177845965420346,0.03859562038468753,-0.11141625928281611,0.003982513445754998,0.05213295050200458,-0.11673162234850937,-0.0254103780730451,0.026438483061365543,-0.06275021486333525,-0.003336115154968008,0.0760397989288962,0.10471684173275786,0.035502046934330546,0.062388810615657174,-0.09667426085048797,0.10652098356290232,0.03150478908044276,-0.09563499499109167,0.10734312466119664,0.07403519548989923,-0.029926240672057167,0.1330590051972589,0.08477861507989658,0.21314460842954389,0.14299231321954045,0.07167670615372404,-0.020084116331111672,-0.019254607899416402,-0.00047957516559096286,-0.040308938920301206,0.003749323047703739,0.033803948393165285,0.029477555916821267,0.000425474410530255,0.05923549254406084,0.10497267220229889,-0.02136555479992012,0.009665522769951088
-0.056548840188678624,0.007054235517687152,0.009191454043554113,-0.041297172955823185,-0.009041284279357544,0.008890646985216214,-0.055192610038588906,-0.04814770167644747,0.03900763826168879,0.03896879250303167,-0.014249453167863862,0.03647927692930545,-0.11179808769366573,0.0009459230838345912,0.05544000089819264,-0.11093075877506588,-0.02160455221229764,0.028963301314844363,-0.06383634767434163,-0.0028365985681108124,0.07353659015914472,0.10456539870262084,0.03541830436262468,0.06496862045866962,-0.09256531776628019,0.11804574017614879,0.02961605056493363,-0.09495775858542115,0.11401667219723903,0.07256020582587322,-0.031644267982406826,0.13528683294000546,0.09377095067279936,0.2152515381241803,0.14297546015211904,0.07908720361532452,-0.020550660285862513,-0.026320504317691843,-0.011409110624103094,-0.039370597989227686,0.002438086773554779,0.03704814857767514,0.029215536279700128,-0.006537788722973501,0.06568866114868624,0.11195716297630043,-0.021233959942828333,0.0016924798521869872
-0.05327235649649026,0.012515766781712295,0.02084811282707535,-0.04414853728546744,-0.008851485513733926,0.015158343235928073,-0.05452791814442374,-0.048843831668250806,0.047453061425105414,0.038541339694837896,-0.01426535487489117,0.03923181551215262,-0.1137871868744502,-0.0015634873275460759,0.05660953461375192,-0.11036515845434183,-0.02177554157758688,0.026900627763371633,-0.06059491945187845,-0.001037042488223674,0.07705105094062065,0.10795854456845644,0.037135823730883505,0.06909765315782215,-0.08589617237978384,0.1133083967731176,0.034020589895717955,-0.08486493388514968,0.10552954555053401,0.07142736588145003,-0.032207727191671795,0.13434182453042862,0.08864959592564545,0.21278393136504217,0.14304672197058443,0.07399026449965018,-0.02090841185446409,-0.02483229599043072,-0.00669095879497929,-0.04235210045931814,0.004007994689354151,0.041864354059698884,0.034911175946885094,-0.007678147184088544,0.06688552541719432,0.11005038907632327,-0.021496286319416406,0.006707347857342459
-0.04815733818269842,0.0044376108327065875,0.025911980466660076,-0.03355308164756709,-0.01779137239351334,0.012476332575223752,-0.04947418934263918,-0.05023650252317259,0.04234867532018237,0.03883018086526877,-0.017776781144768238,0.03721869358799422,-0.11773215325683892,-0.0020530745692847003,0.05941986996499676,-0.11866959084540515,-0.025396821751959835,0.02615956415174247,-0.06508816054002507,0.0035228613312258024,0.07669394072662737,0.10341823369202018,0.03696770323354517,0.06613325090288798,-0.09476117134917435,0.10883857099585627,0.03100025628849766,-0.0892781566069417,0.12055619537473371,0.07138626134681599,-0.03129767763582483,0.13546940356689802,0.09184370544367552,0.2179482372704018,0.13899894380110767,0.07286473766548436,-0.01813157308761463,-0.02229204023627083,-0.0059352142122512256,-0.03885419561052922,0.004031476913015877,0.04199014247003047,0.03221422812106673,-0.0008364704888829561,0.060148710692525705,0.10384686521302194,-0.017437903341598265,-0.0005213312340443512
-0.04974599548583046,0.005278479358349895,0.02035814827673314,-0.04225521025737747,-0.014038281675732685,0.016733614951197757,-0.04992335459788716,-0.05253919231037712,0.04516642154213692,0.04022958027842202,-0.01425912360438579,0.03898106290334785,-0.11368146458399375,-0.0035697959653783118,0.05519226659818618,-0.12088395800573626,-0.02914830186736466,0.0252000261390743,-0.06534255989399554,0.005123607084282112,0.07692777836118507,0.10892393472219072,0.04046671759161833,0.06954646025978654,-0.09847057807140581,0.1154028390876656,0.03471683414278294,-0.09802586719789477,0.11221872542257426,0.07746260831204037,-0.029534288019345396,0.13391309920375552,0.09086504856566836,0.2119641812199469,0.14503109209747714,0.07894752404669603,-0.02057269919042276,-0.027690094234457924,-0.009889888550159232,-0.03335454485651725,-0.0030900312373669764,0.04098737565811297,0.03103519292759924,-0.0007553923310345978,0.057903891514087744,0.10850294914010815,-0.01970931825644108,0.004724691685707459
-0.054845285247100986,0.008317845485590477,0.012675739476196235,-0.04129502598977796,-0.012477160598327802,0.00931613407629166,-0.04628611095485085,-0.052647562271367,0.04827299686774163,0.0366017551623537,-0.012519457118041186,0.04117413785326016,-0.11442723573241402,-0.007367970384949861,0.062043872800883165,-0.11619728571452785,-0.028843512630590675,0.030171689354859636,-0.06363417476813879,0.0030964770861315986,0.075853190291962,0.10736236942621383,0.03540769028245634,0.07080851504460621,-0.08973558936136719,0.1153413659572892,0.03758204840117012,-0.087713157750395,0.11555997614868847,0.07105048130633097,-0.031644267982406826,0.13528683294000546,0.09377095067279936,0.21493842121664683,0.13915108437197315,0.0712435816238578,-0.024012576244174594,-0.024513056488158866,-0.00426681822663698,-0.0383432703751237,0.003966837007446246,0.039975511237279195,0.028806821562565067,-0.0023683412236683793,0.06154877726384232,0.11361833521847751,-0.018248641813731356,0.0008067703069394894
-0.05166702704260597,0.006630780310060206,0.02377034393058702,-0.040685068893087414,-0.010586279446853274,0.01964142360104678,-0.05220777746460685,-0.0475640853944036,0.03366510649336581,0.040908493236225314,-0.01599490958357507,0.03452975466556252,-0.11146480929081534,-0.002812495167345573,0.05142159442745767,-0.11629387693176363,-0.03131212616769403,0.02234218491429603,-0.06576785417326418,-0.0008450104106412123,0.07683199623087911,0.10774152799991854,0.0356171846935249,0.06435998805415082,-0.09284411689914035,0.12231907901582027,0.03440108898898412,-0.09245041583714605,0.11380704874927929,0.07585616325955485,-0.03626411747749811,0.13404031133485755,0.09414343700227251,0.2112707424498056,0.14498557782651242,0.07292928641721155,-0.019497353035655363,-0.02219165580255061,-0.007832215188961341,-0.03584552604671403,0.008392327423351458,0.04414755741150939,0.04235905003949122,-0.0012974520529082435,0.05215462038908311,0.11347800104246368,-0.021523191733880388,0.0039274186186752
-0.051288774699296664,0.00969257964621863,0.015070203163312987,-0.04161290769041182,-0.01757733453741479,0.01235926837701448,-0.05088166310873901,-0.0489563684905331,0.05055754573846184,0.03650016993003454,-0.017806489248229806,0.04160327799391929,-0.11193604145009814,-0.001574984148484017,0.05638452394469189,-0.11379864343728029,-0.027647695398715182,0.02226118063532801,-0.06578980825140177,0.0007963200569747782,0.07483922842339608,0.10390665732534121,0.032250765842476534,0.059370186515101744,-0.08933294285458875,0.11561233825381553,0.03297587846134358,-0.08772991770158017,0.11362932413170174,0.07719183090263719,-0.034841302503914935,0.13230225357389275,0.09509327502329684,0.2151189532607676,0.139123758648187,0.07008605093161939,-0.02288578119512963,-0.01903627147514852,-0.0032151076426397015,-0.03816916523740532,0.005370346500189382,0.03931256143649546,0.02791883583784253,-0.003996761839765013,0.06638574376956537,0.10526713802243148,-0.019408403312599607,0.0038784421814012904
-0.04771411432491945,0.016259510994008405,0.018929390275281892,-0.04809483724582006,-0.013909647081513633,0.015136325461064533,-0.05431592043439244,-0.04666647929777641,0.04601633797948415,0.040342511365893535,-0.019537376838351116,0.03802079931161009,-0.10792372460788287,0.007983446692861452,0.05452382366000467,-0.11227810184985579,-0.02945579029348687,0.023243528989794492,-0.06072004770757776,0.0005917794908580422,0.07616751291754438,0.10213184698754138,0.037036675324937034,0.061276042391631556,-0.0927883636283238,0.11343234634661215,0.030589793460257447,-0.08603066520736075,0.11523258850300662,0.0774371413698438,-0.03609455840835969,0.13727140141360986,0.09253295292044411,0.21627257220579316,0.13724084523984714,0.07345556983584499,-0.022736794519953984,-0.021835355784709187,-0.003307644849583082,-0.042775405663980096,0.0026361434177790935,0.043529231304112466,0.03217150226729202,-0.003362395107647599,0.05825594271474422,0.10841256326276968,-0.018303060742381756,0.00618545454690141
-0.04784574441491751,0.005551976821050512,0.018181514816416066,-0.039721088526134,-0.014176857119742243,0.012863656343121756,-0.0511137132946577,-0.049084159026083075,0.05193526456303663,0.040594161314180074,-0.021288783897167016,0.03632355363118414,-0.10772878455423009,0.001697568137632474,0.05144448551859317,-0.11063507719274836,-0.025536627097335802,0.026243173666264483,-0.0631468664456705,0.0015371873126704522,0.07339393354994862,0.10560246595088185,0.038796172486007655,0.06411823456299781,-0.094296779643532,0.11137723919354425,0.02647571336967505,-0.09715188199283578,0.113703964450361,0.08080342204122411,-0.0344069760983898,0.13723989838702677,0.09171395985025173,0.21418063546314117,0.14670807399258576,0.07489410954779921,-0.02546852394410818,-0.021635543081257272,-0.007102053429357436,-0.042609264714657716,0.002381382770093432,0.03591049239857678,0.02795335556642337,-0.0014667014004132147,0.06827701716022079,0.10699592750659566,-0.024006374656725855,0.002941784706991089
-0.05307855628955604,0.008112044969678016,0.013806284899200407,-0.035937561934106355,-0.012528124691753668,0.014517776351177996,-0.04902393151626709,-0.047933283786432614,0.03953038604934088,0.03253797400116969,-0.01954635859596017,0.03517419667240847,-0.11626175975335004,-0.005093632400062044,0.0625037088752622,-0.11631221040807671,-0.0236141610423982,0.02574304552942399,-0.06590782708026181,0.0007746105554160911,0.07595249531531124,0.10645645321300676,0.03568548414579984,0.05950372631336842,-0.08959409779022405,0.11320189988859304,0.03518564476112408,-0.09196751463330592,0.11058670789406208,0.07350389214653988,-0.03436342129341391,0.13504454528504822,0.08354070195181232,0.21262080031495081,0.1393502208576373,0.07563971935394696,-0.0253749924027501,-0.024412592989269323,-0.006172893418280389,-0.03628969548969175,0.005365522910436095,0.038869311165079856,0.030104042805064648,-0.0049102047712404895,0.060850310638781414,0.11370899939975422,-0.01965610121825873,-0.0006547522339870831
-0.049634474319803584,0.007381920506141664,0.01827793275594086,-0.0462002567956518,-0.010508719363028551,0.015637797219186435,-0.05013999286669743,-0.05471363307809496,0.04660571607839445,0.037124403060681724,-0.01596639512240787,0.027026261474654773,-0.11562236940033206,0.0007096639207616749,0.05706955251791542,-0.11245551141583598,-0.030748871317172334,0.0304075686505928,-0.06193341433789884,0.0010644499390463046,0.0747809109433552,0.10608751966211637,0.03408258818490918,0.057345289800047564,-0.08919116245393381,0.11347191151131548,0.03057792973465041,-0.09054414322184808,0.11215061632245227,0.07478227502562791,-0.03389062500986784,0.13437360783865937,0.08946937399433469,0.2094685945542413,0.14525717447633033,0.08448718834634596,-0.019917854852680945,-0.0206841235329882,-0.0020764015252150167,-0.04150263991670379,0.0008149890592744357,0.03153198496809971,0.028936907224547437,-0.004141841078062474,0.06968044695949308,0.10659921086650298,-0.02764094974292819,0.010895872107556367
-0.05137960936212729,0.005960948042179033,0.01590896844366483,-0.0400392386216666,-0.017558635352350055,0.015691072953696324,-0.04745704959353266,-0.044024246840711656,0.04234066411978075,0.040908493236225314,-0.01599490958357507,0.03452975466556252,-0.10846137885337388,0.00015369800234185275,0.05853315552894074,-0.121847356737509,-0.019805300792270233,0.025598730285551003,-0.06000381249549156,-0.0009294012936096923,0.07148372700678378,0.1048977514759138,0.0306241588591221,0.06077651050140778,-0.09988110044493138,0.11341942645967316,0.029457097668035524,-0.09532873663922108,0.10903060245694605,0.07315105629559267,-0.03751856593792284,0.13586991917062952,0.09222984485838612,0.21525715715178553,0.13568855426018075,0.09070308743516207,-0.016730593743015023,-0.023783775258378645,-0.003545620249564131,-0.040646238215028135,0.0025997723173971582,0.04208384509551331,0.03348569284289458,-0.00030887493541446057,0.051732199754047185,0.11189286285562665,-0.02132586583429859,0.002900991080030926
-0.05493385016555097,0.00799852585366372,0.014883825240248571,-0.03577698175796703,-0.012554141482479766,0.013316966119638242,-0.05041745189480809,-0.04870072405112478,0.04780165733160204,0.03811387682772067,-0.014281184658942002,0.04198357343897488,-0.11169237523505718,-0.0010614319528349737,0.05402169289284103,-0.11300290961095144,-0.02347105254763121,0.02835800084602211,-0.06024027860327564,-0.0009724743569737743,0.0737109403153647,0.10157869864027479,0.0303315860649099,0.06398189219812367,-0.09424984429506306,0.12032820963900519,0.029127250276421247,-0.08687177823547815,0.11539624532908707,0.07424420843633099,-0.03626775654211096,0.137180000312609,0.0934964914467019,0.20901083056095854,0.14718684347808508,0.08712612370350821,-0.021266479209834165,-0.02334463463608702,-0.001972466573580121,-0.038087783414298665,0.003934515194527019,0.038968087657781446,0.03201297719962983,-0.0034284173311097373,0.05930780824189259,0.1070600742691935,-0.02391470253818583,0.0017334003793165742
-0.055047037376309116,0.0058916629344122565,0.016948853411083833,-0.04920897504250384,-0.01029249063209526,0.023101014063457208,-0.057688649283706615,-0.05052651865020693,0.04164841560202798,0.03900633969475145,-0.016009273562362432,0.03616024146936852,-0.11809638993880203,-0.0028213908998863933,0.06296209413617654,-0.10927726796838792,-0.02153359541319313,0.030267605764277467,-0.06614384141275258,0.0007312081378172063,0.07817874536409548,0.0987723894090106,0.03173326206409227,0.06674711120494153,-0.09101975677759236,0.11789901403857728,0.03249503860934072,-0.0943898943837047,0.11381413310352222,0.07678461973565297,-0.03726259026700755,0.13757712115823278,0.09046087788084684,0.21275537300139166,0.14320161946475057,0.08463117718241332,-0.021180807444336675,-0.021993892852297543,-0.00452980986769875,-0.04389479531681642,0.0068216737872741195,0.04099205069824107,0.032872036690990265,-0.0036396746669588994,0.06365549793700119,0.11160922576251396,-0.02019500673910359,0.007985999032022514
-0.049854184980508975,0.013406283352406909,0.026530551970585604,-0.04793183854644768,-0.00878210768863778,0.013286854444643052,-0.05722573200255065,-0.05027060727591472,0.03889109903068275,0.03520122575268612,-0.016037421364683304,0.03941850162746948,-0.11207390776063145,-0.004095135488884537,0.05732941175498038,-0.11579663940388144,-0.019351846742149518,0.03287813444984516,-0.06362045908662088,0.0014496522506938464,0.0778475185224687,0.11280784380401118,0.03608442121761774,0.05827972657537943,-0.0929502294568329,0.11109301849784882,0.031653577751025314,-0.09224183772454099,0.11054782662579793,0.07453431711964467,-0.030870891991638408,0.13412746508565362,0.08975743853178957,0.21010708774721845,0.14330014591861095,0.0806914040419976,-0.024138850216466536,-0.02447379547777515,-0.0021885612249783436,-0.039797986248065124,0.003684642736395053,0.03178812722238444,0.029826197919498896,-0.0025144429952950126,0.06484457812466148,0.10841256326276968,-0.018303060742381756,0.00618545454690141
-0.046171866635961276,0.01184322759326723,0.024219039812328612,-0.033717285303273455,-0.016048385036451555,0.01346768191869574,-0.04805542049747215,-0.053563201923908,0.03419777698145031,0.037216679334264716,-0.021302228481723508,0.036842563075615994,-0.10821722564649136,0.0006680661087935604,0.056170700738787285,-0.1156104026967959,-0.021903296708347005,0.024015414690045245,-0.06469765836042347,0.00030009354570726017,0.07734073653466281,0.10334232464141364,0.03692602405730041,0.06742242039983166,-0.09124147781097616,0.11328346578304069,0.03346404665632791,-0.09832015495746547,0.1124599505825448,0.07220758779534123,-0.035140965296577543,0.1330634674501876,0.08820319284864163,0.21465842731585955,0.14105387705688963,0.07273479348474783,-0.024191552552539995,-0.018956222497674542,-0.006143550660251417,-0.05061453137069103,0.0024617873993542493,0.03967654787493161,0.035151581526448046,0.0004934729882594566,0.061903346497077856,0.10856714855024036,-0.01961730606685686,0.0035164702394474023
-0.05155490923330896,0.008735328197059175,0.02169697293525749,-0.04019854666204802,-0.019249047607813183,0.017105314649192578,-0.051295734186893184,-0.050181112431865765,0.04079525785173618,0.041741331536730146,-0.016020129016859508,0.03978415714663606,-0.11735200832931317,0.0009766616096354883,0.05611175507669112,-0.11438484828882547,-0.019779426475558654,0.0277190050335233,-0.06311857715360165,-0.0017550342204691967,0.07738395413155025,0.10555865775555238,0.03378828661772149,0.06637874116446592,-0.08907194900514757,0.11802426477207308,0.030766824329214286,-0.09166009738948636,0.11227490790553665,0.07261868517986499,-0.03644092981794745,0.1370886108107767,0.0944599586370441,0.2110249871918499,0.1394400575559183,0.07540673895394978,-0.019593152975637098,-0.02767248411821457,-0.0017415835453467518,-0.040479702730238355,0.0023450575887726003,0.034464567437001666,0.032827320918195436,-0.006163910985520016,0.06176505678705591,0.10708343458242787,-0.017738056107509306,0.0003253115876730929
-0.05474131677693128,0.003592736785826516,0.007836367481498487,-0.036253685189718964,-0.01590968262296121,0.01734009555396492,-0.0545170243705699,-0.04571274128489871,0.03481156373777354,0.03685277500002627,-0.014271469489539244,0.03948227313834015,-0.1137871868744502,-0.0015634873275460759,0.05660953461375192,-0.1160385322687506,-0.01985002298981611,0.02641532072590463,-0.05817755135095649,-0.011202253370920645,0.07929934447320112,0.10382064123095862,0.03360359577572067,0.06926451402890747,-0.08424882450073058,0.11322641213092748,0.03574105388572161,-0.08968715110670218,0.11391719562741036,0.0718352755360133,-0.03492339193253086,0.14324723232681272,0.09331500975142686,0.211537923176437,0.139514347580898,0.08257833308247152,-0.024012576244174594,-0.024513056488158866,-0.00426681822663698,-0.03731298162316258,0.0054947415381783665,0.042899710734302855,0.038944841995581694,0.000921677242951944,0.05692548406186169,0.11172625610230433,-0.02309981198064,0.006274055572686401
-0.05693371612803303,0.012452751998883443,0.021923016042952756,-0.03561361591796681,-0.014297357636772654,0.012326179573177535,-0.04767762679844943,-0.046199038843186484,0.04377984606517341,0.04167861953746259,-0.023063798433098567,0.039876900572400585,-0.11207390776063145,-0.004095135488884537,0.05732941175498038,-0.10982935532563583,-0.025208032029158292,0.03064332614624748,-0.06578980825140177,0.0007963200569747782,0.07483922842339608,0.10563426262071186,0.03383026875544538,0.06508868999443304,-0.09025558310486441,0.12065186378850927,0.02452466054057292,-0.09200051892668579,0.10893759772445047,0.07335876920999496,-0.032809639498561555,0.13559244208190915,0.09169959138526486,0.21627257220579316,0.13724084523984714,0.07345556983584499,-0.021035067007129413,-0.02479296013638617,-0.0046122061211492345,-0.03792486952296982,0.001062963589749598,0.03827985679111623,0.029160075654855823,0.0002934670417030149,0.06133880592419271,0.11000086610393804,-0.026172870632488708,0.00836926670074284
-0.05497308216182612,0.011255277269606458,0.017377836053678854,-0.041613681015511536,-0.015860088041783085,0.012145104074342019,-0.05356213038244446,-0.05243060185112013,0.04205863021830529,0.041099873587201914,-0.01604377932622393,0.0439132914393912,-0.10812777192200212,-0.0036072714185754395,0.05451358772117554,-0.11703054719463453,-0.017625708186324057,0.030881337797640067,-0.0647154932402512,0.0019441711972341329,0.07534718851566795,0.10031442148459989,0.036813851653377624,0.06544434506779997,-0.09198337464275404,0.11397252754938145,0.021369569667603637,-0.09166009738948636,0.11227490790553665,0.07261868517986499,-0.033629054683197664,0.13608083267651153,0.08770000530729527,0.21786795062932965,0.1371512559108341,0.0736859219446161,-0.01838610274488916,-0.02221395787601695,-0.0017762427735229188,-0.04430490801808933,0.0011709561643732586,0.042609475007350475,0.035317370895662406,-0.00319131538230422,0.05748591909722313,0.10851756177716503,-0.024295015205768468,0.005177260260667849
-0.0567006334496879,0.008204265646102757,0.013753174193572746,-0.04036234830408456,-0.014072440804393854,0.017665931458528496,-0.04718861803148434,-0.050036096716478164,0.041144521594484854,0.03764908733897205,-0.01253735533304024,0.045051686525753726,-0.11354376757658481,-0.001050190780773573,0.054246826575617385,-0.11121349747012349,-0.021519055228289324,0.02999457845423905,-0.06676411839971033,0.0013145004060100155,0.07122351708452042,0.10308788449806047,0.03039345372810639,0.06496105548125207,-0.09190615205318807,0.11060726413092357,0.04028390915404002,-0.09002866092351824,0.11057915592980153,0.07257641398335055,-0.03565850190457021,0.13278985051458322,0.09109472555665747,0.21301751862393528,0.14502234795640226,0.08265229771368171,-0.02119856670179332,-0.019232303780549333,-0.0065279943407292014,-0.04430490801808933,0.0011709561643732586,0.042609475007350475,0.030944348284774756,-0.001364088943177497,0.06855972569283061,0.11322041042788375,-0.021890645393097735,0.008760092541996316
-0.051531514125491514,0.010521346583923842,0.021831585030627355,-0.0458803975981727,-0.008842660370735446,0.013022394791630186,-0.05563487415907887,-0.05045402711454866,0.041823786490561135,0.04394629296504646,-0.021329690067427146,0.04656544695921121,-0.11141625928281611,0.003982513445754998,0.05213295050200458,-0.11356822865562007,-0.023299943835991356,0.030420108594849952,-0.06747197417970323,0.0011839383316670756,0.07790338906382568,0.10625615940566616,0.030601550157364522,0.06433690821420346,-0.08987417696226847,0.10631270420496913,0.036059532341335056,-0.09080343849434994,0.1140416450442425,0.06967163308447964,-0.032636419742462654,0.1356837597394541,0.09073586771783382,0.20951115493856828,0.14137830732151346,0.074345696989721,-0.017930057579681795,-0.025112925703948272,-0.007037216057878144,-0.03902542006731823,0.005245871259957166,0.03572424988656914,0.030460085037775676,-0.0022503150009235526,0.06063854783371698,0.11038661082897937,-0.025623728116748876,0.0011196831599505116
-0.05502733051683693,0.004263771083741663,0.01570335338627407,-0.04161450401405153,-0.0141426905285977,0.011931317533129322,-0.05127925232500201,-0.05222922175007478,0.04085568510041519,0.04482698485013666,-0.012496600958317939,0.04130703379394036,-0.11736781556600359,-0.001284183876731382,0.055876666563901584,-0.11464722126575706,-0.027390787448507835,0.02535327355321315,-0.059746920772474815,0.0017285211304924237,0.07778293431596457,0.10455196171117334,0.0368154355204886,0.07356617022538618,-0.08736698182356768,0.12022335797623543,0.032590728483172446,-0.09466421922531285,0.11377505512542607,0.07781499433124062,-0.034753622631935654,0.13705711447654775,0.0936411201406914,0.21048366696863605,0.1395221207863057,0.07887630759592604,-0.016214577125225726,-0.026703740054223223,-0.009835438947955447,-0.040904757524403756,0.005250628380469775,0.03616716200871117,0.02906263170046779,-0.0010044139939037727,0.0609177675954781,0.1085554576950411,-0.022705530487654148,0.004220519126422044
-0.053075067823527534,0.011526980958907829,0.015186657159028621,-0.03641672932130753,-0.014166846990813465,0.018329873410876812,-0.052885834781731866,-0.049997705515755636,0.03786260249352917,0.03523863731278479,-0.01779722909093336,0.039104933090891664,-0.11736781556600359,-0.001284183876731382,0.055876666563901584,-0.11523204588846783,-0.019522883238240567,0.03081460195599978,-0.06420765627687386,-0.0012572229383338916,0.07488182959755485,0.10123722513826756,0.035136153529002824,0.06815373807692174,-0.09584486021995038,0.11152688863433903,0.023601500254230256,-0.08319585366947412,0.11864343850807009,0.07370131703650476,-0.03289964192545512,0.13397683770631866,0.09250475553653512,0.2160919280388483,0.1372682412509187,0.07461303854808356,-0.022483192053585087,-0.021913268356806622,-0.007466782171119558,-0.04364035493144866,0.005130721312582871,0.03302014591461546,0.03207073931086639,-0.004658288434490818,0.057836067228608554,0.1088122182733098,-0.022338349611162833,-0.0006133714989378841
-0.05135421555503868,0.011159762757960294,0.01741343794115296,-0.04036481548134876,-0.010638184123244158,0.017241207787470597,-0.050615561782208204,-0.047748756672387566,0.03659809853714863,0.04055634717762148,-0.019529595299780777,0.036643287803006935,-0.11178192326078125,0.0032102183162213732,0.055677125467235695,-0.11828114764871533,-0.026863706522355226,0.03125597794854935,-0.058292746973903346,0.0013018055141724568,0.07694103430336037,0.10442507479635914,0.03393930186319999,0.05894360116300171,-0.09632217374142275,0.11566141493339262,0.030683672616645386,-0.09090328171394835,0.10909276949516702,0.06923666898092548,-0.035226536168411544,0.13144801067001333,0.08900942819408598,0.21641473863702712,0.14466076961663876,0.07132583031604994,-0.022800941598767586,-0.017684331857146067,-0.00576984127528902,-0.04124967902706923,0.005061357897216212,0.03056099993688276,0.03382372795784201,-0.0032438038228771744,0.05734503992552873,0.10867238568738001,-0.02560948301252338,0.0025096010600496148
-0.05328335256891464,0.0022739778823952133,0.01670685400597927,-0.037663312632902096,-0.01767124080136983,0.013018656453304517,-0.04652502855925987,-0.04351206097605844,0.03682388392814655,0.04255884520973049,-0.014228719900916394,0.03459967168200514,-0.11097732849721803,-0.0017852341862111512,0.04669338210560866,-0.1153777832527022,-0.01755569599659565,0.03218232157971531,-0.06373883780916738,0.0014277823064651036,0.07896067831972692,0.10681253179450358,0.03868422142239979,0.07026489268572243,-0.09306766161774191,0.11770581934962195,0.03537407725790081,-0.09256765084328356,0.10913931467543177,0.06913293602966501,-0.027381152149523528,0.13882117917730483,0.08666711814140161,0.21595459279095136,0.14659072086336652,0.07397568988725743,-0.022652696696055692,-0.020484431892670803,-0.005861239822634043,-0.03834979369112001,0.0023087160168679265,0.03301829580593919,0.032113594934060914,-0.002132458686938129,0.05972805051765595,0.11522969049594631,-0.019945562642241163,0.001580253802918665
-0.046168208233388304,0.005029332590756618,0.02152810117130059,-0.04193644084317573,-0.010655571802480418,0.013906070780091684,-0.05084782483018658,-0.047876771271164076,0.037977294774585967,0.03997834801068019,-0.012507429969100882,0.04067768817303789,-0.10996287672557596,-0.001329625925014341,0.054977519716416456,-0.116449051794778,-0.025496009875656377,0.025407404807505474,-0.05817499736940004,-0.0003316774761241402,0.07782632749450888,0.10427407273345254,0.03385525345472429,0.0615247131435319,-0.09246482811969188,0.11811376198533965,0.028464145042010766,-0.0943441738655181,0.11739400079997644,0.07079259011666894,-0.02920575893606356,0.1309555096896663,0.08958430561416497,0.2080803468086468,0.14516612372423074,0.072454168111661,-0.022440423162445374,-0.023302937312665126,-0.006992311698523978,-0.04039496446547456,0.0009084908365039653,0.03411762275549069,0.03188777973833355,-0.0016560479463740758,0.051169956048105036,0.1037449337632027,-0.019120198250053632,0.0016425802852988354
-0.053296430012845494,0.010728510633647255,0.020708482013571453,-0.04129402701691577,-0.014194872231482417,0.009529444264019036,-0.04922799221296716,-0.05215570816169112,0.04103108241310106,0.04038029906451678,-0.02129650220279974,0.037701442683423715,-0.11144866412718413,-0.0005476244852074318,0.05165842662769444,-0.11772428319703784,-0.023186146321833318,0.030899698012831794,-0.06395385715593002,-0.0028577301992506266,0.07464979842802116,0.10751408601991749,0.035491427103580823,0.06822954613045093,-0.09335276226357805,0.11082434029689393,0.036261632522046,-0.0925161384224741,0.11050895173646604,0.07556466051976493,-0.03290587348642474,0.13083752961518536,0.0931523319867379,0.21633405141676035,0.14281225255657404,0.07214678746836499,-0.01950654323830625,-0.02632286010637933,-0.0043019677466229,-0.04022454348274835,0.0023127085184349483,0.03345702268580451,0.03322491517024759,-0.0016705609811504883,0.052363546239255154,0.11195716297630043,-0.021233959942828333,0.0016924798521869872
-0.051335189581171226,0.006120374170397237,0.01480459656074858,-0.03545863730978204,-0.010888727982571856,0.010705265988901516,-0.053871019295760166,-0.04436073952561389,0.04320110238093743,0.04238276685368063,-0.015996316880798018,0.035653266377824816,-0.10959695652281508,-0.0005586269772501532,0.051432599003107995,-0.11262657629236773,-0.021091547294610765,0.035150367787795594,-0.05926999345593608,-0.007402569442595525,0.07279693336124714,0.10474733507301938,0.03053968448230625,0.0633584806464643,-0.09266580045410318,0.11797773091491977,0.030767856026413364,-0.09366460560669175,0.10898411370152536,0.07325498283809019,-0.03440918566114035,0.13409984028329272,0.09236061884561579,0.2173258976037264,0.1372334392796519,0.07715826335862708,-0.020654971739004744,-0.02491100054421546,-0.010849455882232854,-0.038431829125785084,0.0037449527576954504,0.03336310248730264,0.029017419191111803,-0.004223655195092725,0.04794092450312767,0.10681509458489381,-0.02119458352344743,0.005861527033683266
-0.05303421442887609,0.008271648726725199,0.012701828048989425,-0.040041759706933536,-0.01412465653658398,0.015265035420850483,-0.04694482089255181,-0.05195432878300485,0.03982750375880026,0.03498752681147674,-0.01604522326565997,0.04079444137997328,-0.1151518742989246,-0.0005256704076955746,0.05210836909258595,-0.10927726796838792,-0.02153359541319313,0.030267605764277467,-0.0671425909751095,0.002889658921152552,0.07257191099562808,0.10721058194688117,0.0353240347190691,0.07338689478272567,-0.0905367267105354,0.11375605522913439,0.02539844809887742,-0.08669977753058714,0.11048619504192511,0.07278205023737232,-0.032852832543623645,0.13492145612694592,0.08368495822205158,0.21659508920243203,0.14463364818553173,0.07016872546077627,-0.02061396319082771,-0.026300735799851045,-0.010369545695630374,-0.03313022359187713,0.00519914654658913,0.03338608807665426,0.03230603555693486,-0.00022744821327958808,0.049486056877583104,0.10851483212937521,-0.016620141320325035,0.004022344986411774
-0.04236738370997275,0.005575463309628774,0.01717016645046005,-0.04809876266239513,-0.0190616887472817,0.015789055037180554,-0.05544571859200258,-0.046225038563930364,0.0403281952069771,0.03613720419389607,-0.010775392054113868,0.04424004189661972,-0.1149564092096751,-0.006801378986406075,0.049038214417148986,-0.11270860265002985,-0.027403866698713863,0.025634222939068,-0.06362045908662088,0.0014496522506938464,0.0778475185224687,0.10134057921363615,0.031602696013176675,0.07644693196910186,-0.09441235242143331,0.11798830851221088,0.030191950966402772,-0.08826261697653823,0.11548158528319474,0.07311241562790036,-0.030192967640632232,0.1313520285944272,0.08654873998213419,0.21094304820016077,0.13759206409056648,0.07623368300712033,-0.02405770349960781,-0.02312441322208084,-0.004735621773343589,-0.035522060487732696,0.005268595918688505,0.035845755746307786,0.03131175952831993,-0.0031508273311876625,0.05390642267101588,0.11347800104246368,-0.021523191733880388,0.0039274186186752
-0.049634474319803584,0.007381920506141664,0.01827793275594086,-0.04161450401405153,-0.0141426905285977,0.011931317533129322,-0.047922838426482005,-0.044280213036421476,0.045098152700177405,0.040128673039434716,-0.019545140396177337,0.03939811565620701,-0.10608828069086527,0.005708420913909715,0.05405976929175389,-0.10982935532563583,-0.025208032029158292,0.03064332614624748,-0.06785661081030885,0.001811145395758882,0.0687205124307225,0.10526618657989822,0.03222700159513952,0.0629328255418175,-0.09091920854618324,0.11796703224941629,0.031343382664427925,-0.08975422243334691,0.11061804265513274,0.07154581250911558,-0.03065259940303019,0.13489005227816556,0.09680525417219188,0.2141170688144577,0.1411356866583925,0.07620553622866523,-0.024933132646068636,-0.024550019249124266,-0.013450264358506995,-0.041757604682845936,0.006784234441314979,0.03953938856655531,0.038463641759883746,-0.003020737073775719,0.05671510670131972,0.10522917844480405,-0.020998092963439553,0.004834197622217037
-0.05137960936212729,0.005960948042179033,0.01590896844366483,-0.037188053917095884,-0.012597842624618032,0.008780604221284457,-0.04972085796867789,-0.048317098971241305,0.0436666978270368,0.038172505793965916,-0.015983928165091452,0.03090518590599336,-0.11359165537557968,-0.007839409048293068,0.0535395002412212,-0.11413338379281036,-0.023128828987381646,0.032482057313433316,-0.06013509564233325,-0.0035617753322021886,0.06406690006446207,0.10578541918680905,0.03391429397419607,0.06250814577234037,-0.08909041122294796,0.11353944578690069,0.02942575082442413,-0.09254900317324265,0.10886005011268575,0.07541932988662244,-0.0331494263074396,0.13855008540715846,0.0929811001903633,0.21756738727185163,0.14277665508282186,0.07469558165444758,-0.02076229049722463,-0.027630548494159288,-0.00677248750180571,-0.039370597989227686,0.002438086773554779,0.03704814857767514,0.03382372795784201,-0.0032438038228771744,0.05734503992552873,0.11177914289995745,-0.026095875020118616,0.005771743620856783
-0.05345334515422576,0.00846287364856094,0.023880325385654676,-0.03940698342055851,-0.007357967892367938,0.009615041033372285,-0.05286748598284989,-0.05204691395262606,0.03792254025087813,0.038440229156584994,-0.019551732274036074,0.03965518042407312,-0.10444144369989128,-0.005900661973529507,0.05381968264752675,-0.11577808469421849,-0.02704822203550353,0.02947550750453761,-0.06791742789081737,-0.0014860179776295833,0.07381743329091886,0.10666012321234423,0.03860103245622132,0.07284211967129765,-0.09101975677759236,0.11789901403857728,0.03249503860934072,-0.09608699923332965,0.11221149587411458,0.07653526212714529,-0.03311517772620397,0.13321410257660685,0.08545512983277942,0.21898075796486943,0.1427138931078805,0.07608709055136334,-0.01685783755644317,-0.023744536531903785,-0.0014667491854906988,-0.03433336543901469,0.0039255993993456955,0.03808560328259014,0.032805850176305724,-0.0030983097920531145,0.05404762186581115,0.10858178750943377,-0.02420336753483604,0.003969042886095703
-0.05345334515422576,0.00846287364856094,0.023880325385654676,-0.03940698342055851,-0.007357967892367938,0.009615041033372285,-0.05286748598284989,-0.05204691395262606,0.03792254025087813,0.038440229156584994,-0.019551732274036074,0.03965518042407312,-0.10444144369989128,-0.005900661973529507,0.05381968264752675,-0.11577808469421849,-0.02704822203550353,0.02947550750453761,-0.06791742789081737,-0.0014860179776295833,0.07381743329091886,0.10666012321234423,0.03860103245622132,0.07284211967129765,-0.09101975677759236,0.11789901403857728,0.03249503860934072,-0.09608699923332965,0.11221149587411458,0.07653526212714529,-0.03311517772620397,0.13321410257660685,0.08545512983277942,0.21898075796486943,0.1427138931078805,0.07608709055136334,-0.01685783755644317,-0.023744536531903785,-0.0014667491854906988,-0.03433336543901469,0.0039255993993456955,0.03808560328259014,0.032805850176305724,-0.0030983097920531145,0.05404762186581115,0.10858178750943377,-0.02420336753483604,0.003969042886095703
-0.04972413654629338,0.0036532755011622875,0.019125744513609353,-0.04604053491779487,-0.01053466421073248,0.014437612205395738,-0.051940776186953995,-0.05153503436919477,0.03240565009166088,0.04791081970947045,-0.017719016733922722,0.03180415488709602,-0.11254501058156012,-0.0028577478227006865,0.06228969751615019,-0.1168854546195364,-0.01959341032210399,0.029511422036295098,-0.05976168572332608,-0.0025376501908953874,0.07125473236465772,0.10638075191408287,0.03564351272542069,0.060794157472705154,-0.08862804355526165,0.11608702286926706,0.024911228701085926,-0.09269204562113469,0.11541706280916562,0.07703290873823436,-0.03423635696863097,0.134191084535913,0.09139694189777102,0.2109103012508224,0.1450398715797309,0.07524191776308793,-0.024120930062185603,-0.023104866884859684,-0.0036961859942752327,-0.045683807678788754,0.003729935663680772,0.03411735942151881,0.03925943197879755,-0.0026915206258327643,0.05145350649843565,0.10875967252743564,-0.01934119738187091,-0.00010889727497792407
-0.04433985734309264,0.010171522055943578,0.023011370915202015,-0.037988379224141965,-0.014184914926692974,0.014996634638049022,-0.04902393151626709,-0.047933283786432614,0.03953038604934088,0.039700988842324515,-0.019560613569597422,0.04215216285338215,-0.11217966277230701,-0.0020882810721545605,0.058746919783247024,-0.11620661044435587,-0.024995879471230192,0.0318713261872643,-0.0651791308421173,-0.000737773557849416,0.07126557734437496,0.10690091404045088,0.037330663661841776,0.06037163756029937,-0.0995157966365077,0.1158882008836087,0.026078730870069042,-0.09282321170656814,0.10882128587520179,0.07644948786545934,-0.032982834396745674,0.1355011360235328,0.09266324371678031,0.21076253327288733,0.13761948394859358,0.07739042822202648,-0.013843945278966744,-0.025416657913684363,-0.0013214179956770778,-0.03825798734133609,0.005148902260945118,0.03269998919197386,0.029697048581467555,-0.0007402576337716163,0.056710592901163676,0.11197215935498898,-0.025821286959779862,0.002146573740211268
-0.05348131335872632,0.0032634520383749647,0.02236048084555585,-0.04430833439653957,-0.00882562035161693,0.01635847337804057,-0.056163834582048947,-0.04455824641796534,0.04440646942972968,0.041879919679179166,-0.012493195547026485,0.0390530075206762,-0.11032869591946462,-0.0021000505108269042,0.05852146119980952,-0.116449051794778,-0.025496009875656377,0.025407404807505474,-0.06191334440898828,-0.004834302604140074,0.0702430382149345,0.10364585451539628,0.03709286264888529,0.06226485864800308,-0.09210226093226048,0.12059248666224397,0.02509834185902141,-0.09075207575802573,0.11541015909345627,0.07610359042483265,-0.0362987143059248,0.13022909005338865,0.08678003274749568,0.21234155292775264,0.14125290192063145,0.07712792508595126,-0.019751631322685214,-0.02211361544026193,-0.0036727476828109984,-0.03963031627327726,0.0008114075807690196,0.031095546188868492,0.032690841662978434,-0.000638619472641718,0.05699316314585098,0.10511286731256958,-0.018094678785129156,0.006547198235541989
-0.05148719488040732,0.010680925155462852,0.020727229883302337,-0.04193728656115465,-0.008937884339049554,0.013693318931232728,-0.051295734186893184,-0.050181112431865765,0.04079525785173618,0.04001582126576927,-0.014267076861024857,0.04035724661703552,-0.11593935940661765,0.006723029220764239,0.061319945011872476,-0.11767684156172689,-0.02762169611031849,0.021697825140486654,-0.061781809598097225,-0.0038564654283377723,0.0796551872380204,0.10364585451539628,0.03709286264888529,0.06226485864800308,-0.08552036397293172,0.12028226616291093,0.03201631329570404,-0.09495775858542115,0.11401667219723903,0.07256020582587322,-0.03617956937881128,0.13565571503201473,0.09333805337646711,0.20918194624997904,0.13398633524156758,0.0776600866246428,-0.018120530947909403,-0.02505383018594997,-0.003918963376121842,-0.03944677545232139,0.008150785623109525,0.037424547907696615,0.032872036690990265,-0.0036396746669588994,0.06365549793700119,0.10829849910823544,-0.02307251905419,0.009052534616728192
-0.05137960936212729,0.005960948042179033,0.01590896844366483,-0.045242681350588176,-0.017535905885942258,0.009297511174493924,-0.0522581259727557,-0.04659595238616869,0.04619004935124579,0.041879919679179166,-0.012493195547026485,0.0390530075206762,-0.1066429072132714,-0.0043901488789236005,0.0578308107109445,-0.11188941653433006,-0.030920189157748728,0.028348451223924164,-0.06336947833319632,-0.00015275425384343323,0.07761552023050185,0.09913498424810384,0.03334326748747412,0.06889057151431664,-0.09099983203129218,0.11121192709539005,0.029916681291851686,-0.09136739928665537,0.1120337198748988,0.07787341211741461,-0.029438831264245083,0.13552890425777928,0.09006010388893325,0.21513791144189034,0.135400393606705,0.0705762617939683,-0.02507575373996709,-0.025879407726395583,-0.00986563096174774,-0.03834979369112001,0.0023087160168679265,0.03301829580593919,0.032907271283583193,-0.0018025299651056367,0.05446811968896805,0.1086051475465634,-0.018026671674349536,0.002560903332374204
-0.04768826860383883,0.0009970212690610415,0.012290809698285336,-0.037353185641024717,-0.009136477616340675,0.009560614799658649,-0.04947418934263918,-0.05023650252317259,0.04234867532018237,0.04354250448928966,-0.021290408816668986,0.03855977586984986,-0.11067829565365755,-0.0006063114939058458,0.06230128349187336,-0.11133608345291353,-0.027245768736988734,0.027975626497843034,-0.06504011442237664,-0.002358093078539327,0.07214612184524219,0.10439986505691888,0.036732242558764276,0.07614291040277335,-0.09258715813452327,0.1135673163595335,0.028285337880752895,-0.09521280172862323,0.11369691830603053,0.07987549880346233,-0.03432163203882491,0.135715432669937,0.09155530418849596,0.21673407865806243,0.13531091133218812,0.07080522185629129,-0.022863530848074076,-0.02179641592150829,-0.0012285720586115668,-0.0361911412887643,0.008204254743901447,0.038546441788291155,0.03139319435136673,0.0019042799333890104,0.05769485481179166,0.1084270031527054,-0.022889048809666503,0.006636761263456838
-0.05860007543474293,0.007930766503483556,0.015932708671520936,-0.04588227482222686,-0.01571353386718537,0.013884307920237463,-0.05023080518428322,-0.042429713097205224,0.04624491241847893,0.04028207068584831,-0.017833843228914688,0.04909683090971127,-0.11528940200320918,-0.003044729436504531,0.05305436132743506,-0.11122569029107406,-0.01767213942473453,0.03168724900025444,-0.060483048824685234,0.0006353657592104542,0.07394052253643216,0.10119197506060015,0.040117974337850006,0.06715772851528988,-0.09293212669225205,0.10441251772924855,0.029085159793675267,-0.09346898614007224,0.11887957821704122,0.07413355460438986,-0.03660937544898486,0.13385787413310607,0.09607027964454444,0.21152160739252568,0.14323725330767237,0.08208358055519671,-0.01756375710262276,-0.029362700125759297,-0.009727780053857984,-0.03928119851848257,0.005278191779448632,0.036732192833938054,0.03189660957897475,-0.0009683729555041493,0.06225197968680571,0.10868386273524257,-0.02252196408815292,0.0018038082056238008
-0.04612363363735974,0.005188480163689115,0.020423274425685436,-0.04382918783531045,-0.007185196501099525,0.012544291336720631,-0.05561344740204172,-0.05250411161356858,0.041882799847455174,0.03757467021775523,-0.00901774238877829,0.045687055011306106,-0.1115543609818862,0.001460162800500967,0.0530771393155282,-0.11300290961095144,-0.02347105254763121,0.02835800084602211,-0.06012749218727313,0.0007007866255352967,0.0705993276271484,0.10567853096544083,0.038837849664479486,0.06282882166196009,-0.09822353698039599,0.10667260897293368,0.028635831793131318,-0.08611619854941223,0.112213799242648,0.07086399078833758,-0.03466880188676036,0.13239338627790528,0.09412978151586524,0.21164802899176677,0.1412064791454508,0.0711098800919332,-0.015142176411216185,-0.025335026227018723,-0.00426567727663996,-0.04364035493144866,0.005130721312582871,0.03302014591461546,0.03165360913380474,-0.00608634006597946,0.05952045925975689,0.10668673302643376,-0.02137831362396139,0.008277324485109
-0.047735551861208536,0.011064073277674042,0.01744813300049089,-0.04193644084317573,-0.010655571802480418,0.013906070780091684,-0.05565632495138145,-0.048403676602280676,0.04176517902236034,0.041854631450319875,-0.02129736400010732,0.038819603712062084,-0.10811147115130437,-0.0013410288592297355,0.05475130568431067,-0.11299151269893806,-0.02731825232453362,0.026664712691497255,-0.0630151413282195,-8.791422863969778e-05,0.07427570644752418,0.10699399181586879,0.03380521914980399,0.06865176335559946,-0.09437399593872665,0.11578475981642024,0.028953309641499128,-0.0904441745479455,0.11709884797250672,0.07521866641092094,-0.037083133738414216,0.1345282615420832,0.09014442462111431,0.21418063546314117,0.14670807399258576,0.07489410954779921,-0.0193949408500832,-0.023601882819714023,-0.008387788303071296,-0.03885185340416618,0.006649849470750764,0.03506177731006194,0.03314385911452925,-0.006031810268062656,0.05966153809338484,0.11019068619577424,-0.01822331438446515,0.0035877395251989737
-0.05129076620186248,0.006279817279928845,0.013700103594469942,-0.04761564592283557,-0.01398795397323564,0.011535095636581448,-0.04607493843230508,-0.04842975487826997,0.04677121753948515,0.04181679281105693,-0.019538431862461295,0.039140755905723634,-0.10391905741261304,-0.0003342255079666968,0.049569648195794014,-0.1100690167957462,-0.025707738033588126,0.0241816681163222,-0.06436040403089276,0.002009991611730485,0.07200658073732467,0.10320416474215216,0.03544443301262053,0.06140268617306719,-0.09411110098872277,0.11819230944706807,0.026736086032262792,-0.0902362847789655,0.11383901146401755,0.07389681230469385,-0.030710907227860604,0.13107870682522793,0.08944084596668259,0.21274998597951478,0.15049667632504385,0.07301041918857495,-0.025768169852859114,-0.02016901025996743,-0.003407142036646463,-0.038605019108769206,0.002341060566174052,0.03402586696199529,0.03254598107316409,-0.004460116620722366,0.054679802074523574,0.1120857260910473,-0.02105011210177117,-0.0007248941913234754
-0.05180010668584343,0.006152723070979671,0.027080779009771953,-0.04382809267857272,-0.01749097908836134,0.013830533768283568,-0.05317357928746459,-0.04397657965979963,0.039064419389320836,0.03815131826769905,-0.0160407521216901,0.041666048153583615,-0.10811147115130437,-0.0013410288592297355,0.05475130568431067,-0.11218484298727711,-0.02698898583938726,0.031066352821850086,-0.06255470070526256,0.0016467305315298832,0.06782482432145225,0.09811728596746346,0.03638430589080983,0.07605037978295418,-0.09749364483302599,0.1116091569453209,0.021879423292358136,-0.08692316313874346,0.11181682462118396,0.0802404735074563,-0.03505484758964162,0.13782005160215677,0.08675022370867008,0.21260359501151702,0.14307393114174616,0.07514684661760396,-0.01702074202552901,-0.022314412907790217,0.0001199205791876898,-0.03673013700166766,0.0023370393510182184,0.03358694460263424,0.030044478245552658,-0.0036793579770761677,0.062321640097821346,0.11222580961709984,-0.017774995886039213,-0.0038464033715328054
-0.04775668523894889,0.005870519935255123,0.01597172059465627,-0.04382862408930342,-0.010621061433734839,0.012971527768069216,-0.05157796059850995,-0.04416322885082316,0.041995330881235714,0.042672246374345336,-0.019507152249725324,0.03362949087020486,-0.11169237523505718,-0.0010614319528349737,0.05402169289284103,-0.10610457188012043,-0.023270913475846644,0.03255116650242134,-0.06279159032665506,0.0016028966584676213,0.07005275174789696,0.10471684173275786,0.035502046934330546,0.062388810615657174,-0.08898965303319677,0.11360699261044768,0.028273471852754688,-0.09353418340733331,0.11558069835819902,0.07383957538428344,-0.03665861884770464,0.13946790731573547,0.08676425248909901,0.21533266574675697,0.14482356534223706,0.07826570067756214,-0.021371181595530767,-0.021935431030462523,-0.001410952894562099,-0.03903714504913129,-0.0006899044143437938,0.02873505217147908,0.03255500437939833,-0.003771634477589396,0.06575829694855363,0.11528260845912511,-0.02294432151870169,0.0010760964185123959
-0.05144041453685174,0.014253900859909963,0.020997324483187366,-0.037829944962501305,-0.012493805647744808,0.013584592010181244,-0.045125792267619244,-0.05200865599272315,0.041381265120483665,0.04048093490870339,-0.01601077953469857,0.03728385300024184,-0.11219569378497062,-0.004351472099208454,0.05851064881051311,-0.12395593959154443,-0.02494116806326132,0.03075776032186251,-0.05854694542193602,-0.006316939302326226,0.0766412820288746,0.10385939708270005,0.03861664926918035,0.06699476360329769,-0.09447446441404549,0.11571703731713764,0.030105350706878132,-0.09258187022941423,0.10721124641065635,0.0752742797446482,-0.03699992100620453,0.13614400665137583,0.08933872741513127,0.21704518982540677,0.13913558884298077,0.07865086168426562,-0.021302535183338352,-0.01782196150041482,-0.005966991850206826,-0.03493266458332897,0.003768464332432366,0.033488626859358446,0.04054428673919311,-0.0014799625084449112,0.05411927043140237,0.11033378454357887,-0.022627244240743416,0.001622338278258779
-0.05129076620186248,0.006279817279928845,0.013700103594469942,-0.039719676845898465,-0.015894085138817675,0.013076387636789238,-0.05311766206652744,-0.05012566721599217,0.03924153638373326,0.03520122575268612,-0.016037421364683304,0.03941850162746948,-0.11198413412195095,-0.008365840318043794,0.0556760092728239,-0.11606995188617224,-0.023114682023558545,0.03220659769057672,-0.06662171620018752,-0.00030407990519946867,0.07210265225127335,0.10150351203146375,0.030289478045034308,0.0652723403240223,-0.09282763817918536,0.11563711873002878,0.03183053238298655,-0.09166009738948636,0.11227490790553665,0.07261868517986499,-0.028315550356558146,0.12894416793285812,0.09342473547085557,0.21607285799661713,0.14099125406044824,0.07412546330489223,-0.018487006997939898,-0.02080356372070182,-0.0012242142694283266,-0.04030671514694811,0.0011313241487045825,0.0407302189897634,0.03314385911452925,-0.006031810268062656,0.05966153809338484,0.1085554576950411,-0.022705530487654148,0.004220519126422044
-0.05495350300378877,0.009626842071364456,0.016130484484355924,-0.04177728912868998,-0.0089637400050135,0.012492832084747616,-0.04903786789899973,-0.04588560772648172,0.0394700201412434,0.042710190765349695,-0.02126633731912181,0.033306828501997635,-0.11041826202968415,0.002171699370407031,0.06017693814107921,-0.1139867841469164,-0.025095156729775497,0.031118522853822037,-0.06311857715360165,-0.0017550342204691967,0.07738395413155025,0.10789306737954968,0.03570112465899249,0.06177954619990593,-0.09270931119681927,0.10902237834848413,0.028108001992782457,-0.08891314807589239,0.1104549493844197,0.07474028713549624,-0.033675365410334335,0.13513602778171388,0.09651713968368623,0.21508179862636967,0.1465727543316144,0.06911090277155515,-0.01820956220200109,-0.026404367877759127,-0.0013532609484914633,-0.044240643693977566,0.006632842268898414,0.03538801876130009,0.028455366821395205,0.0005735002779727456,0.05593835110377926,0.1090161979062262,-0.018972884197345278,-0.004944361370717079
-0.05315984390583507,0.014622936814944858,0.01877901299498581,-0.035455759467952014,-0.012606163702158064,0.010914983376520696,-0.0525997228714208,-0.056016683797523815,0.036664810234356554,0.04108459118172443,-0.01422713077038832,0.03347437640853485,-0.1137390696751061,0.005225240984947619,0.057318878142154986,-0.11399735386103622,-0.02124794456804187,0.03281530030135841,-0.06239754615937177,-0.00327286450128473,0.07270016756865089,0.10456539870262084,0.03541830436262468,0.06496862045866962,-0.087526598144686,0.11787721050778967,0.03364485770913419,-0.09490626843841224,0.1153847552084786,0.07899237546863848,-0.03652538406934855,0.13547310112972238,0.09526497755590305,0.2144779730295751,0.1410811437269641,0.07389183910272648,-0.01813157308761463,-0.02229204023627083,-0.0059352142122512256,-0.0432951724888006,0.005320019191444526,0.038625560546385815,0.03161150319194169,0.000739342091640302,0.05516918688413151,0.10662253368390341,-0.02147016064516005,0.009485047416910574
-0.049345322761303004,0.010124187413686397,0.011775671393393163,-0.04430828066197892,-0.013978004210708377,0.01700147161574741,-0.05016624375541558,-0.0454437997053091,0.03377920492414637,0.04167861953746259,-0.023063798433098567,0.039876900572400585,-0.11243923216402485,-0.004863953865872415,0.06087279651160679,-0.11356822865562007,-0.023299943835991356,0.030420108594849952,-0.06592899936895505,0.0024168815964753982,0.0739597374652567,0.10284231504915196,0.04165698636439058,0.07416213941929876,-0.1029444108430432,0.11817515357503955,0.025002444890521315,-0.09466421922531285,0.11377505512542607,0.07781499433124062,-0.03140114533335813,0.1307144401879898,0.09329598857659556,0.20985587871656175,0.1450486864031635,0.07153547886285733,-0.021139720626880288,-0.023383782994201043,-0.004051255289125399,-0.04286272855659051,0.004072650198870669,0.04387873572218483,0.034141156490817906,-0.003111849737453189,0.05524086692943288,0.11662098016444296,-0.020419164722400053,0.0062315211573942195
-0.04403149377318132,0.014694018468052515,0.016605840901985712,-0.03767166602927073,-0.01080237846156945,0.012172904975786113,-0.052830860490882245,-0.05614453278662268,0.03804363343165582,0.03473653867270825,-0.014293179735414462,0.04248336503563896,-0.1137390696751061,0.005225240984947619,0.057318878142154986,-0.11479370869630076,-0.025423938109387877,0.02671717314009848,-0.06385425869375806,-0.0011930084808764862,0.07154168797699013,0.1029770990411781,0.03531893672873154,0.06527214787017496,-0.09059684220477346,0.11148099243771603,0.02530642286669057,-0.08982130298160375,0.1073192813698587,0.07125747144689108,-0.03103115271289994,0.13717669367834237,0.09007520458101997,0.21278393136504217,0.14304672197058443,0.07399026449965018,-0.021307734362643462,-0.02195491556726623,-0.0024504892406415307,-0.04090464878319851,0.0009732068065458875,0.03613198058949842,0.03157909009222876,-0.0011002768534269709,0.06435490518494988,0.11002412042397057,-0.019998065933078703,0.006959541316353268
-0.04574586257022256,0.008245786809732859,0.011697923630233883,-0.04430828066197892,-0.013978004210708377,0.01700147161574741,-0.04951745171623434,-0.04409374201113419,0.04216809948683976,0.04195514582377784,-0.016012209618916466,0.038407388721038535,-0.11368146458399375,-0.0035697959653783118,0.05519226659818618,-0.11631221040807671,-0.0236141610423982,0.02574304552942399,-0.06229881819998773,0.002647861337483394,0.07612557910973064,0.10508374177673539,0.03710725079120453,0.06454293984324888,-0.09623331250623277,0.12240226311486946,0.032087505557005735,-0.09119257378638414,0.1071259542616819,0.07640862460523251,-0.024310981039836744,0.13390820738750445,0.08743949595380249,0.21271977736779105,0.1374749433607565,0.0753083053061051,-0.02071834799413567,-0.02489132030005732,-0.009809707642970282,-0.040734845748980175,0.002377405419020644,0.03547204021278406,0.030262230381250033,-0.004844101782496083,0.05979857203603692,0.10994809560494932,-0.023177796753601525,0.008871469322039291
-0.04791283345084207,0.007017281846451259,0.02051481068260738,-0.041134819672782846,-0.012503164217675436,0.008115065597730278,-0.04693330796107203,-0.054000196907154886,0.03988975078795751,0.040770180474618584,-0.019521795780466318,0.03526558113039755,-0.11401459843572655,0.00018568876123435462,0.0592077817142786,-0.1120614676940788,-0.021262555070809586,0.03308817132705635,-0.06434346161464499,0.0003650778106471588,0.07400092930530118,0.10690091404045088,0.037330663661841776,0.06037163756029937,-0.08963493817282059,0.11540909020947805,0.03643065600837821,-0.09469654453722832,0.11212627709204485,0.07766829055591298,-0.03548601455982079,0.13288104456061603,0.09013095265656779,0.21569335090024516,0.14476928731199842,0.07595293603708284,-0.025232329834428885,-0.02308288038181503,-0.009756522160821556,-0.03731298162316258,0.0054947415381783665,0.042899710734302855,0.03596230322667471,-0.0022408869125181167,0.06435718306141627,0.11020527106616994,-0.02281080982251832,0.004039184076615728
-0.049612595721300445,0.0057564112624651845,0.01704506209873505,-0.03815076660973124,-0.012441764435760406,0.015985861344553563,-0.05197556018612035,-0.04743599459178682,0.032285484611056445,0.04166615826800218,-0.012501241410844762,0.04042902085900087,-0.11360117412594724,0.007746150934681384,0.05637497350177702,-0.11744195059298479,-0.023271752334431225,0.02986844703127248,-0.06205186313874077,0.001042611489211126,0.07589435666019827,0.1060019795983546,0.03543396034003962,0.06724410385925438,-0.08893018500756518,0.11588351131773116,0.028368107538426675,-0.09944776335602448,0.11065545264259324,0.07618119342679594,-0.036352489153037314,0.13556440228128422,0.09430155113414287,0.2075545198158366,0.14152292939544445,0.07642328276676216,-0.02094950162111903,-0.023442526059931856,-0.00717005819968922,-0.03876262565373172,0.00687081409451214,0.041673080779995826,0.030044478245552658,-0.0036793579770761677,0.062321640097821346,0.11037168046434129,-0.021036814914610413,0.0006657148917238335
-0.04956812193641843,0.005915755859797089,0.015940457872677574,-0.04998844837111091,-0.013875455735982032,0.014203595096317424,-0.05491927283720341,-0.052120385208478864,0.03774678521854258,0.03997834801068019,-0.012507429969100882,0.04067768817303789,-0.10994664412378484,0.0009356429708519028,0.05521494098250555,-0.11173634220500445,-0.021932111724795676,0.02456389718200816,-0.059865729467003186,0.001706522237987189,0.07889627293815064,0.10257089850468014,0.028704500339501567,0.06539042825061944,-0.09298954128706305,0.1132974265255381,0.03289384879398941,-0.09217597559660165,0.11384613218444252,0.07482561216283702,-0.03415115088780794,0.13266685398495473,0.09123887297807694,0.21344202392128442,0.1373653276955203,0.07067904608330876,-0.01813157308761463,-0.02229204023627083,-0.0059352142122512256,-0.0368173340175932,0.0011562861696207236,0.040863550398091496,0.03442043221541702,-0.0048151942872749634,0.06232522053693803,0.11064008253991271,-0.0175780728786767,-0.004873300199830756
-0.04972334886839858,0.0070631579847863285,0.020486928245391004,-0.04540200065662717,-0.014074331784440156,0.01006632533833311,-0.054296070339582336,-0.048715952093328685,0.04607494206849678,0.03842388997274004,-0.017736091387612733,0.029209288386028175,-0.11013323937575853,-0.008380671664964126,0.05544867811069539,-0.11342139897158704,-0.025266332363866755,0.029057158136003906,-0.0682645000392338,0.0050247544327846555,0.06807828932351975,0.10523551944565925,0.03719080941274645,0.061963548373700446,-0.0929502294568329,0.11109301849784882,0.031653577751025314,-0.09102663398890613,0.11537098506510711,0.07713417715202582,-0.032982834396745674,0.1355011360235328,0.09266324371678031,0.2173258976037264,0.1372334392796519,0.07715826335862708,-0.0280877054223164,-0.02284379825711456,-0.011481712307405963,-0.042694402687727916,0.005476877622248945,0.043221066322571375,0.029388052696322223,-0.00018409950264897798,0.06989006407350887,0.10512712253013135,-0.0226791101854842,0.006998245569126395
-0.055066670555580864,0.007519673765624116,0.018195045761109155,-0.03987878705334097,-0.01758490063997372,0.014490345202812742,-0.05342502558600375,-0.042054470803915917,0.040385323733503786,0.0358797983618338,-0.017773905202351472,0.0349748102184336,-0.10795663140618068,0.0034494763668742787,0.054046195218948094,-0.1145211335466251,-0.021661077148856976,0.027384729818167156,-0.06280322359315302,0.003251672509537098,0.06805655556976646,0.10010255581886751,0.03528732074392307,0.06071931228331407,-0.08708170806395561,0.11593887160104843,0.027788267335892954,-0.08936126670920096,0.11532488009939443,0.07723530539522455,-0.03168853013322907,0.13461568643978175,0.08575747719036451,0.21766743709060918,0.14090139947262528,0.07435877844586347,-0.021307734362643462,-0.02195491556726623,-0.0024504892406415307,-0.04381499291071191,0.00966349462332609,0.040686459071637496,0.030962708599782514,-0.005120701857173115,0.06519768033028484,0.11211212184615359,-0.02254911768849426,-0.000976886455060561
-0.047778515874328825,0.004086683486872693,0.0158489404795003,-0.040043094759727414,-0.01240744060237042,0.01505258329661721,-0.04905182831699779,-0.043837665653282745,0.03941006012183918,0.03135790407278584,-0.014304708188457676,0.042981976701834,-0.11739931552227881,-0.005805478282778972,0.05540734901215914,-0.11355720986614566,-0.02714701897344575,0.02872557292367241,-0.0644432157902355,-0.0013000049341080112,0.07710811778618769,0.10500782636016256,0.037065501952085037,0.06583241463700967,-0.09075817198797993,0.12031019545320454,0.030284010750122464,-0.09081858430341916,0.11211164446100219,0.07581273562920801,-0.03574808756711281,0.13745423841311763,0.09060566186018179,0.2120261682659606,0.13742761208135987,0.0692904529475535,-0.021307734362643462,-0.02195491556726623,-0.0024504892406415307,-0.04226708959842353,0.0009120858781039603,0.03455398232014503,0.02858417158833063,-0.00680235446649264,0.06989324377656013,0.11530914297764068,-0.024443431888507307,0.0008246277656256288
-0.047600244283348137,0.0047236570245256645,0.011428683943926312,-0.041451766411817706,-0.019320767414187492,0.011372786298559569,-0.05111265042244423,-0.043907126821907956,0.03923734174191152,0.03929545202819677,-0.019520687655232852,0.03414557273474176,-0.1115543609818862,0.001460162800500967,0.0530771393155282,-0.11051294800877366,-0.0198093166361394,0.028261540100707673,-0.0613114753979792,-0.0037723788281365856,0.07520328246969252,0.10721058194688117,0.0353240347190691,0.07338689478272567,-0.0907381189616308,0.11362096693329848,0.027703405136793306,-0.09279041672710524,0.11047008322606641,0.07659492234690063,-0.034708078453417314,0.1380030277916882,0.08482207661742068,0.2160919280388483,0.1372682412509187,0.07461303854808356,-0.01815800406416833,-0.02366336127373704,-0.004407028860055236,-0.041411427605530175,0.002696768762627285,0.04510439930123928,0.032872036690990265,-0.0036396746669588994,0.06365549793700119,0.11006518783027881,-0.02608137692829594,0.0071612957671296044
-0.04762478724630597,0.013168081549238443,0.01536118695537054,-0.04572141054319706,-0.012304417978463536,0.012252120003185455,-0.047848947155322764,-0.04934080245957689,0.032694734741028506,0.04410834559514863,-0.017748947779030227,0.03507414718871849,-0.11361730856229361,0.005482697176878681,0.056137859138501126,-0.11383999698444508,-0.02706139999653812,0.0297559434034183,-0.06133227354832575,-0.0004761954887978992,0.0712095268380689,0.10137290874817499,0.036620478619065366,0.07416542086294277,-0.0935923919902945,0.11184811000167437,0.018404617248552975,-0.08829647469588613,0.11383185529927574,0.07296776399265122,-0.03514152871724472,0.13620383511893902,0.08755556877618513,0.20931533962158141,0.14513013649302767,0.07500429354936732,-0.021995020652235405,-0.027568846285696624,-0.010765880576064145,-0.04192750927593525,0.005379921102024093,0.040198396326262605,0.03398242984241171,-0.0031778266012524783,0.05629299636449778,0.10718833066778857,-0.023731322242989128,-0.0006837198638550403
-0.051132511379037425,0.01195816505505744,0.011888029703656187,-0.03388468223482944,-0.012588453871486651,0.01425005117802997,-0.052885834781731866,-0.049997705515755636,0.03786260249352917,0.03972723810547789,-0.010755698628843841,0.04237372880931197,-0.1053134949045203,-0.00996242129521417,0.0618523007786296,-0.11383999698444508,-0.02706139999653812,0.0297559434034183,-0.06443180501195016,-0.0038940417225554387,0.06857338922586395,0.10696486949103393,0.038767491646315516,0.0676870765241114,-0.09820609032403795,0.11780534148438614,0.03249426669228784,-0.09529652291671266,0.11067949085041859,0.07329738815863947,-0.03470922613902591,0.1348618529015867,0.0854691139842272,0.2097579534500647,0.14692498116191557,0.07186581910338313,-0.016532142463576486,-0.02660471260123671,-0.004638648108763265,-0.040644124578382276,0.006876000322212458,0.04211817538333616,0.03442043221541702,-0.0048151942872749634,0.06232522053693803,0.10887637747904308,-0.02224652434360946,-0.0018221371451300164
-0.047600244283348137,0.0047236570245256645,0.011428683943926312,-0.043828416726460324,-0.012338767373721981,0.013185712625933155,-0.05354917304762625,-0.049301876082782504,0.029410902948006627,0.0380718724939327,-0.02127141044568416,0.03133071257278281,-0.10772878455423009,0.001697568137632474,0.05144448551859317,-0.11077003887898983,-0.027416949664177397,0.025914943494032713,-0.060607105578156656,0.00226540149974814,0.07305682219947254,0.10511536465258793,0.03214279242622488,0.06551378813737416,-0.08770327684044361,0.11104600893565936,0.03335533963928134,-0.09497077721422884,0.11208730976579662,0.07869847973021733,-0.03548601455982079,0.13288104456061603,0.09013095265656779,0.21298177098099239,0.13929553752662882,0.073325797151056,-0.01815800406416833,-0.02366336127373704,-0.004407028860055236,-0.038949443670342844,-0.00046655188168393533,0.03535034944947227,0.031537550579662274,-0.0036264861484485945,0.0624628895791339,0.10985746573710976,-0.021771824929833407,0.010330921285423308
-0.049523033766735204,0.009486006278190556,0.016196868947835542,-0.040526197458525724,-0.008894960362980112,0.01822953158491295,-0.04858605712830321,-0.043581504804353445,0.03665141974655831,0.037066473825029,-0.014263557000639242,0.03810630859719309,-0.1153631881938243,0.003485628173836857,0.0549432062996419,-0.1174498646357123,-0.01942232753908359,0.031575290788749794,-0.06529689105849956,-0.0007592319854201018,0.07237905027837323,0.10917769919576631,0.03563273998592077,0.0666350517449626,-0.09136104900846301,0.11990060753357921,0.03719192897395802,-0.09128624898099535,0.11726274364666782,0.07202526335284902,-0.03255373427439303,0.13415930792003636,0.09057731840292146,0.211910027745984,0.14302799070260763,0.06912733767020356,-0.01929243073012531,-0.025011906826072742,-0.008943165191766765,-0.04039496446547456,0.0009084908365039653,0.03411762275549069,0.030736941692825176,-0.004645794963215304,0.05664284098359969,0.11471411270889775,-0.02068140668784941,0.011245839495121184
-0.05117879127757924,0.008384964414487583,0.011622758554671576,-0.03702516375338807,-0.014341459699249461,0.007790357178627166,-0.04649172667282887,-0.04965232713555547,0.037007493908328845,0.03650016993003454,-0.017806489248229806,0.04160327799391929,-0.11118868674015672,0.0022320010104602186,0.049532030916602035,-0.11356822865562007,-0.023299943835991356,0.030420108594849952,-0.06375297820348537,0.000473495489003589,0.06843269235605727,0.10666012321234423,0.03860103245622132,0.07284211967129765,-0.08919116245393381,0.11347191151131548,0.03057792973465041,-0.09736275168259859,0.11696169855974715,0.08212974572676489,-0.032463175128448964,0.13577508899616766,0.08977207271448717,0.21118883431667232,0.14313681442389123,0.07375454065899541,-0.02076229049722463,-0.027630548494159288,-0.00677248750180571,-0.03466593930299494,0.005392977124163978,0.03943357326959635,0.031193961582838454,-0.0006893980639262976,0.056851962743643535,0.11204784182767928,-0.022640930118949097,0.00023189687274941876
-0.04945607226410422,0.011431120764650035,0.01522039192642017,-0.03609554589770762,-0.014219062610971037,0.015928758155835138,-0.04922799221296716,-0.05215570816169112,0.04103108241310106,0.042345064904810735,-0.014236756474029414,0.03597664805598492,-0.10997907115499854,-0.0035947626319852016,0.05474038494160622,-0.11494000861026711,-0.023457004294636676,0.028082027736191367,-0.060483048824685234,0.0006353657592104542,0.07394052253643216,0.10654977578780607,0.03216106929462807,0.0677848321443626,-0.09443600540335768,0.11351360026066157,0.028866891051520852,-0.09054414322184808,0.11215061632245227,0.07478227502562791,-0.032975724406034544,0.1386415449677384,0.092017508993515,0.21036965034597607,0.1451213361877571,0.07870987950685607,-0.021139720626880288,-0.023383782994201043,-0.004051255289125399,-0.040476747681478846,-0.0002723962109915974,0.04139030674426839,0.03223807112315239,-0.003903595719521522,0.06786075246397026,0.1034888114969858,-0.01948827595349286,0.006474891196868532
-0.05490925345679562,0.009786555531987002,0.015026427000299767,-0.041457232326024246,-0.009015439975167494,0.01009149611173936,-0.051312240084049804,-0.04813273710040869,0.04073523649175041,0.04424652408023835,-0.014222167195971611,0.03434770760314556,-0.10994664412378484,0.0009356429708519028,0.05521494098250555,-0.1048386587730628,-0.021733531296304592,0.02875115008579463,-0.06289701344307437,-6.628982989279259e-05,0.07316224602983414,0.10563426262071186,0.03383026875544538,0.06508868999443304,-0.09393326719604722,0.11385107465462883,0.023104254059101187,-0.09557070478328313,0.1106405949805595,0.07432778642142211,-0.03574808756711281,0.13745423841311763,0.09060566186018179,0.21581150894200254,0.1391706526971542,0.07610475297035793,-0.018146187699467187,-0.02642414370887601,-0.002392164618422565,-0.03861055814787293,0.0006819458785345746,0.02706510311089915,0.03510344858461777,-0.002029051202708194,0.060009992080358655,0.11002412042397057,-0.019998065933078703,0.006959541316353268
-0.04643558024415359,0.004074803760743118,0.028154518894381312,-0.037511266741316385,-0.010828308048208965,0.010972017704581033,-0.0433144653623648,-0.050018902955194594,0.04287172839583629,0.03663907366029266,-0.014279363997695126,0.04085804251548096,-0.11723052096079074,0.0012333660856565533,0.05493056320759533,-0.11464722126575706,-0.027390787448507835,0.02535327355321315,-0.06578980825140177,0.0007963200569747782,0.07483922842339608,0.10515963947190096,0.03714901994475833,0.06325331775547914,-0.08887067274379976,0.11816040692870382,0.028463111042420518,-0.08735123783170637,0.10546074801378844,0.07441366317576507,-0.03635601269478157,0.13870440317626903,0.09365522288796757,0.2183694291218019,0.14451643386434523,0.06924721842981137,-0.021453093879818533,-0.019155033502817536,-0.002367225440566979,-0.03817629473388195,0.0037126177431174375,0.032355201484760635,0.032256397850699774,0.0016897150413698423,0.06204285995478397,0.11190454113541082,-0.0182358806315723,0.0021975336259566257
-0.055204622897716715,0.0036260364539368022,0.020116017763991932,-0.035934923217039484,-0.014245164740162875,0.014728019388295278,-0.04831348680280715,-0.049596822377308704,0.03545375474077997,0.03689019193730029,-0.01603129341202756,0.039166165874787634,-0.10923093531118198,0.0002129463324656606,0.04788669905988411,-0.11204951109003593,-0.025108822907461848,0.03139624178380053,-0.06277887778285278,-4.465990263972415e-05,0.07204869103379542,0.10494387336740893,0.03562781315014669,0.05851799114607134,-0.08939264403960956,0.11333688060403059,0.03288198737077354,-0.08728299015873453,0.10875913137034483,0.074699648492442,-0.02899534030030068,0.13732780222633217,0.08732753302635951,0.21475789062500986,0.13917841329285247,0.07240098094609008,-0.022310583775658754,-0.027469683254068424,-0.005570418527525278,-0.041669053544173044,0.0010702714609367083,0.03915297752489945,0.02778719666645204,-0.007824473451041751,0.06407715837759766,0.10886175333415185,-0.01765798464576221,-0.0022734723635007923
-0.04981220902358288,0.0067444633886846045,0.022695439401391588,-0.03594298838856094,-0.009093591542274227,0.014098423561322732,-0.051940776186953995,-0.05153503436919477,0.03240565009166088,0.037921243977731355,-0.014231727237598043,0.03260049879254259,-0.11518370108871775,-0.005050856173577101,0.05163732393669084,-0.11342139897158704,-0.025266332363866755,0.029057158136003906,-0.0630284488477418,0.0015590848994300119,0.0722803008609468,0.10471684173275786,0.035502046934330546,0.062388810615657174,-0.09722950049801993,0.1140130384404457,0.019655221894898444,-0.09075207575802573,0.11541015909345627,0.07610359042483265,-0.031482117227003434,0.1322384535222626,0.09345401590429929,0.21477655229962514,0.13545531643714864,0.07289181840541625,-0.01819522172819935,-0.02227251554049541,-0.004895347385119968,-0.04644956812634333,0.0038269912395242993,0.03714052964459312,0.03314106635286095,-0.0015911307015782688,0.07409591279158409,0.11318238460229922,-0.02348068642913191,0.009716335892898276
-0.05325588774874911,0.007473799754623323,0.018222901466420433,-0.03496486734977145,-0.017836303641547317,0.007942078629250402,-0.05103133195782553,-0.054149226535705294,0.039537883450965206,0.04604774427558391,-0.01949315022078856,0.03311222907519892,-0.11347938276476546,0.008003950887121115,0.055193939232716364,-0.11106586545632294,-0.02348510451588325,0.02863374512496272,-0.06351549078265585,0.0031186312753853237,0.07473966906669452,0.09892301863733267,0.03181707644548347,0.06416741263184973,-0.09288895593707606,0.1133648801620942,0.031741871157845,-0.08944615496254403,0.1123065675575752,0.07065961688146197,-0.035830964391404874,0.13269866806771904,0.09205842712083158,0.21436086519081932,0.1466810036662052,0.07373773093256276,-0.019854238974534564,-0.020703538507024458,-0.0031162451001271515,-0.0415016321138314,0.0067519226557889245,0.03853135810380367,0.030361149983225488,-0.0035472231686515996,0.06021835098532375,0.10856714855024036,-0.01961730606685686,0.0035164702394474023
-0.05492886372788849,0.011415052865544872,0.016273703425911508,-0.039405246745679946,-0.009075963084073631,0.009826162689175145,-0.05523461491205887,-0.04404602416695775,0.03889129306406711,0.03900633969475145,-0.016009273562362432,0.03616024146936852,-0.10800570531086336,-0.003350487705391105,0.053331901241954686,-0.10927726796838792,-0.02153359541319313,0.030267605764277467,-0.06024027860327564,-0.0009724743569737743,0.0737109403153647,0.10519078447694673,0.032184886853465045,0.06422338048660031,-0.09455989161821818,0.10897241186021184,0.028695157326529882,-0.08621939694022428,0.10726453228494645,0.07043499678265039,-0.03501308216560363,0.13849009296691137,0.09476345061282376,0.21275537300139166,0.14320161946475057,0.08463117718241332,-0.023525483055638993,-0.026039421445291727,-0.011072908853007957,-0.041669053544173044,0.0010702714609367083,0.03915297752489945,0.030005299330233205,-0.006207089594646231,0.0604310006980797,0.10511286731256958,-0.018094678785129156,0.006547198235541989
-0.0548650003114498,0.009946285973922952,0.013922248432881224,-0.0419356447986371,-0.012373108248357608,0.014119200390410407,-0.05625482835293718,-0.053860989166630346,0.03349281233157243,0.040770180474618584,-0.019521795780466318,0.03526558113039755,-0.11200947857512074,0.004959541522759497,0.05827658874525774,-0.11702251504345322,-0.021475456965122954,0.02917412353878297,-0.06266073434755473,-2.302444688049265e-05,0.07093504145940796,0.10474733507301938,0.03053968448230625,0.0633584806464643,-0.08706503523218145,0.12042841267507808,0.029136015456844307,-0.08802182605077115,0.11387094326964081,0.0719369414666576,-0.033450331947070436,0.13931357230527755,0.08608989935374677,0.21049471867606792,0.14309089653755913,0.0677347245749973,-0.02258920650303165,-0.020503825867724458,-0.006901331431257197,-0.037240671491039885,0.002401715687298592,0.03560192379822013,0.03115326269454627,-0.0032168924095348017,0.05495862540848543,0.10224836314562265,-0.020329894592040616,-0.000846347155836166
-0.05133091545359044,0.012946357843828468,0.017547686082659348,-0.043509142382057636,-0.008954908289622258,0.010356615067351296,-0.05195815616890446,-0.04948564748711482,0.03234536440701204,0.035062369057203085,-0.01956456606218161,0.04016842501195358,-0.11562236940033206,0.0007096639207616749,0.05706955251791542,-0.11218484298727711,-0.02698898583938726,0.031066352821850086,-0.06121407558488516,-0.00045460258444455836,0.07009578050079401,0.1030130968217451,0.04033698644160515,0.06299694701482131,-0.09583244201006168,0.12267622519828462,0.027481577383186732,-0.08908663786598824,0.11536404682694612,0.07620470531287032,-0.03751856593792284,0.13586991917062952,0.09222984485838612,0.21419834455943018,0.1429838690152403,0.07538237119283552,-0.022398671018895172,-0.02056202421573324,-0.010022102126923381,-0.03995928237800899,0.005596497725018151,0.0463648201067682,0.03499978683956346,-0.0033231823266565777,0.059589761168812455,0.1100124080335548,-0.023086068049889042,0.00766357380459469
-0.04400747779791559,0.013070162077851132,0.015383973499004232,-0.040204657806611234,-0.010664130780552653,0.016040918740663494,-0.048805242982567575,-0.045757582474704184,0.03809086206171298,0.04084853235790836,-0.014292509024985207,0.045610018081668945,-0.10564883952484758,-6.585318167351585e-05,0.048615160450062415,-0.10512183662445536,-0.021648109879660163,0.02978208186751982,-0.06083853548640936,0.0005699946494410813,0.07728086624057738,0.11045046472515317,0.03912727333623104,0.06192980911291708,-0.09089909501281047,0.1112791746090288,0.028764266777726137,-0.09135252051515655,0.11396342076352572,0.07173346943477625,-0.03307255846411399,0.1338856199982128,0.09346836709946857,0.21612373805543558,0.14299430392531415,0.08394719533641541,-0.021094500285862555,-0.020642443049879153,-0.00708880060583709,-0.032018155417506106,0.005291204482974986,0.035966407712648724,0.03040036594500738,-0.0010193729777218696,0.062110747855524964,0.11008839880377363,-0.01990607819110208,0.005751486823195583
-0.0532594368588785,0.004060170217916031,0.016843791366108363,-0.03388802245747308,-0.010871350748425945,0.01404129044593045,-0.0485725811187709,-0.04562953610015717,0.03671155372961248,0.042358415171762934,-0.024799565257835603,0.03542088872676285,-0.10947496067547874,-0.00030149969200617274,0.05025074115869063,-0.11825696794762597,-0.01974955117600793,0.02717555464277837,-0.06011552740926621,-0.0026014485146627925,0.07459517738111678,0.10341823369202018,0.03696770323354517,0.06613325090288798,-0.08744280158961291,0.11345777312510875,0.031147519118368196,-0.092161538543705,0.11577680098122592,0.06868473597531471,-0.03324545014485809,0.13379441388927552,0.0944319073264864,0.21483888305462776,0.14102661358390828,0.07157761649676296,-0.02103091479774517,-0.020661855735848018,-0.008129016132503098,-0.036872721755694,0.00948436410649925,0.03429517428775924,0.0357532365750718,-0.004827578193866706,0.06351755937747708,0.11006217586050407,-0.018407560926054757,0.006004124683168291
-0.053392573553845225,0.00358208836625118,0.020154168303864028,-0.04177324152099343,-0.017551074902669935,0.013560122463576168,-0.049249931823600976,-0.04288187379546851,0.028199375081811827,0.03692768087597401,-0.01779097114441263,0.03885042422909822,-0.11389289781965263,0.00044245743214808386,0.05802679324143832,-0.11715957701206216,-0.023357356812786664,0.028837156292152045,-0.06395385715593002,-0.0028577301992506266,0.07464979842802116,0.09936150979509989,0.033468621719360596,0.06502231403791527,-0.09248654494947502,0.11363482018793691,0.027132959998835887,-0.08733431602792677,0.10738863636951183,0.06826984439423647,-0.03289964192545512,0.13397683770631866,0.09250475553653512,0.21354143835266817,0.13548991095991492,0.07034699267045087,-0.01922898081492249,-0.025031600306863484,-0.00998287205913995,-0.039198334929005395,0.0038419503608918388,0.03638637364244019,0.0357532365750718,-0.004827578193866706,0.06351755937747708,0.10530512628474087,-0.017818287263917966,0.0029230516536909034
-0.0547811775327422,0.006849147130416878,0.010325773481368246,-0.03767387856196359,-0.009084785332735166,0.011962411510055925,-0.05517164365475208,-0.050198141411320216,0.03906641969353953,0.041298337620722894,-0.014219087610028654,0.03209721687481603,-0.11024743656424264,0.00922341671974752,0.059710029374286405,-0.11201911208105199,-0.021846596200050073,0.02559546172339088,-0.06495218050444128,0.0019003185634340475,0.07757378747615315,0.10240312734869897,0.04000566319369393,0.07330392445208654,-0.09575747196310153,0.11827070539340236,0.025007449628828067,-0.09002866092351824,0.11057915592980153,0.07257641398335055,-0.03204357723008721,0.13129296663638323,0.088333255139579,0.21434486479403633,0.13722838004857082,0.06488951622967415,-0.020464778068547625,-0.024970057699537692,-0.0139691964698173,-0.040220115464157886,0.003971263137232505,0.040416394193483834,0.034475667404703175,-0.006043367342335941,0.060854256056407555,0.11496041867004496,-0.023403139194899898,0.007118343526538608
-0.04936776431355436,0.008338615621729365,0.011648040286893056,-0.03799036610907234,-0.01246778693538159,0.014785287057373744,-0.051312240084049804,-0.04813273710040869,0.04073523649175041,0.044032714938859026,-0.014230233143326224,0.035724891145398785,-0.11134295592722804,-0.002555775649053904,0.050239704551981325,-0.1113609419673467,-0.019552921465064158,0.031356366792722926,-0.06420765627687386,-0.0012572229383338916,0.07488182959755485,0.10282563330015916,0.035235374111643764,0.06785105253153531,-0.09453653216852381,0.11344614302575362,0.030019118265675344,-0.09397132985633037,0.10729653231850386,0.07413973985080877,-0.031217074766658602,0.13394500156429012,0.0916850302392429,0.2104128092213087,0.14124191867822597,0.06856145898636605,-0.025025485839956358,-0.021771771829533253,-0.014383147750167663,-0.03937014303466097,0.0050566520954500455,0.03011815126994168,0.03478564223472626,-0.0021608480514725267,0.06211338843685472,0.11024320103573476,-0.021220639534649463,0.0030827196657938656
-0.05120360902830364,0.0031864510174941458,0.01012354522720712,-0.03544742398310359,-0.017757564755594625,0.011546402108136823,-0.04881896119633275,-0.04370959579020284,0.03803081506048379,0.04055634717762148,-0.019529595299780777,0.036643287803006935,-0.11022292379047646,-0.004107882955493453,0.05710330847635982,-0.11355720986614566,-0.02714701897344575,0.02872557292367241,-0.06083018875694831,-0.0053355813726382005,0.07274742432389092,0.10674912363959448,0.03724696571455037,0.06295163962348192,-0.0957322069891056,0.12274474708904298,0.02632984518612411,-0.09224183772454099,0.11054782662579793,0.07453431711964467,-0.03436342129341391,0.13504454528504822,0.08354070195181232,0.2144779730295751,0.1410811437269641,0.07389183910272648,-0.022523885016577833,-0.024652925540998186,-0.00443942413938315,-0.03766995182440812,0.0010306189871053188,0.03727287697834605,0.03610737442001088,0.0008884279323572173,0.05559222500872286,0.11401905144818643,-0.022287442652117826,-0.005995676978300669
-0.04780121662610953,0.0057112398874961156,0.017076678247217366,-0.0356163809359156,-0.012580154485947896,0.01211603512808581,-0.051743305960269353,-0.04730788266640057,0.030905712476177,0.0356825201738466,-0.019596461831590875,0.046793532789478814,-0.11157052529272467,-0.0008045601280185152,0.052840114161929706,-0.11810467421404977,-0.025568133178354213,0.024097111142974127,-0.0643145853457528,-0.003873102028479246,0.06745978794274568,0.11144064204683979,0.037499126602838884,0.06333370416347618,-0.09270931119681927,0.10902237834848413,0.028108001992782457,-0.08894687316883804,0.10880572171158472,0.0745962692771544,-0.038685024784932937,0.13617549431104892,0.09015770390462577,0.2141170688144577,0.1411356866583925,0.07620553622866523,-0.02527871537596461,-0.02169391040767059,-0.010222026554193665,-0.03706567328351667,0.003805215541954023,0.034937673585643,0.031854476895804146,-0.0034944399123972825,0.06035958789500698,0.11006217586050407,-0.018407560926054757,0.006004124683168291
-0.05104556050352941,0.008863734868731073,0.008307237974266269,-0.04145521166086094,-0.0124511531917222,0.010517081794840366,-0.04994872840340102,-0.04326650210115431,0.032339739473624764,0.03893131731271159,-0.012489486583262056,0.0367986780071055,-0.11191993421474346,0.0006888989524933413,0.05662126848453895,-0.10939497195692047,-0.01630360399921911,0.02582447016126175,-0.061299457406849424,-0.005418641562862728,0.07719977494715624,0.10198020111092614,0.03695327346828821,0.06385509643796546,-0.09662329903143696,0.11545842485991668,0.0341390436251654,-0.09169316914876886,0.11062559554125849,0.07247338560045054,-0.02864766953156225,0.13751065885309785,0.0853993383270761,0.20915050339285862,0.14143288515848046,0.07665847260101967,-0.023669550963323464,-0.027368451716022722,-0.007485348353480742,-0.0444072156912341,0.003568151568816058,0.029077302874766738,0.0331189463363097,0.0014754177350764501,0.06638937195947775,0.11200998624899317,-0.02423132173828532,0.001189052849927666
-0.04777999710590802,0.010904572861340615,0.018553558250910304,-0.0419356447986371,-0.012373108248357608,0.014119200390410407,-0.05016624375541558,-0.0454437997053091,0.03377920492414637,0.041587614190462675,-0.01773076694358972,0.030074790307765678,-0.10973517362668851,-0.00308138703649845,0.05237702619355689,-0.11673162234850937,-0.0254103780730451,0.026438483061365543,-0.05997604419930802,-0.0016187411697306483,0.08400265756441137,0.10610576382644625,0.041884057880289274,0.07229058746876992,-0.0942257510147937,0.12480438351956583,0.030453958654907874,-0.0948128008393083,0.10745920577007667,0.0709443790723904,-0.03436342129341391,0.13504454528504822,0.08354070195181232,0.21327950861200742,0.14684347358088573,0.08067403207388861,-0.015433862328248006,-0.02110122535578162,-0.002639774573982941,-0.041330649519795155,0.003878668789245811,0.037834727029750034,0.035151581526448046,0.0004934729882594566,0.061903346497077856,0.11177914289995745,-0.026095875020118616,0.005771743620856783
-0.05117879127757924,0.008384964414487583,0.011622758554671576,-0.04177728912868998,-0.0089637400050135,0.012492832084747616,-0.04580485276873908,-0.04722174424254952,0.032807243788146576,0.046499668773326557,-0.010671558714028249,0.030621678421498624,-0.11768478825611346,0.004727338973875685,0.06012515313594759,-0.11437479111109698,-0.02362815622472095,0.02601950421363195,-0.062382488247236474,-0.004917599342062126,0.0746961367268349,0.10695012660286797,0.04016469851014425,0.0762835667750108,-0.09634749257091345,0.11119091078991307,0.029364814958930528,-0.09523210238790489,0.11397756140261638,0.073590893358238,-0.0327334639509868,0.13092859382108762,0.0921886592891373,0.21518872899138086,0.13740526926267332,0.08039841155918358,-0.020591584666363096,-0.0249306835255149,-0.011889286766461548,-0.043037224096695845,0.006945774767601123,0.04457846124909238,0.03245384413964604,-0.005066864388434785,0.06533878491087751,0.11159753518341942,-0.023283280589710853,0.008690098681075167
-0.05316722921585793,0.007792888399523862,0.0160148353495352,-0.040043094759727414,-0.01240744060237042,0.01505258329661721,-0.05548825594446916,-0.04212291825054927,0.040212835750391876,0.040150634664114775,-0.019489355344523708,0.028632842421310672,-0.11368146458399375,-0.0035697959653783118,0.05519226659818618,-0.11121349747012349,-0.021519055228289324,0.02999457845423905,-0.06157802128491439,0.0011299984595888202,0.07144000632273366,0.10636933751282647,0.03703807634892229,0.06939906713628152,-0.08905306971665726,0.12250954286246561,0.03210852445074681,-0.09280910480222744,0.1107498169638458,0.0703089859461476,-0.03777349716010806,0.13416318816717374,0.09399894213262819,0.21278393136504217,0.14304672197058443,0.07399026449965018,-0.019624513814191738,-0.022152630147123667,-0.005752316145953928,-0.0403932842761489,0.005185974579154964,0.034151112997446983,0.03335824230962128,-0.007194631440871401,0.05713864189776364,0.11217638948909435,-0.022457293238667218,-0.0021857869788114
-0.045722300347232125,0.006621572479184742,0.010474384963841513,-0.05219857271353553,-0.012071214658705432,0.01545196816931842,-0.05086387035414288,-0.045828040703854156,0.037917505339643505,0.042282416137296504,-0.021281886621102804,0.03606360643504232,-0.11321063197839257,-0.004807724681314428,0.05022954988510686,-0.11522255589454777,-0.02337142602823084,0.02911322986112939,-0.06410729157541048,0.0004084282964712411,0.07177391826064979,0.10399536635594246,0.0401000783333942,0.07300962834919746,-0.0908388046490305,0.11355344160732327,0.02885573356358653,-0.092161538543705,0.11577680098122592,0.06868473597531471,-0.03449627641169101,0.1324845305810865,0.09316621667251808,0.2056115337027528,0.13794371295741795,0.07900585597370657,-0.022483192053585087,-0.021913268356806622,-0.007466782171119558,-0.04021494848310248,0.005628800082492399,0.0473719977294339,0.02892847760353943,-0.004831732860317124,0.05860534181300891,0.11520330705128308,-0.018445914135586258,0.0018329425344381703
-0.05327986107837232,0.005687166070758961,0.01808492597035613,-0.03907949841358935,-0.014281212838963192,0.008059449067512159,-0.046281048472437504,-0.04543102771402093,0.03550519766867196,0.044887936415991175,-0.014197861469443051,0.03021498599234851,-0.10923093531118198,0.0002129463324656606,0.04788669905988411,-0.10857708013577852,-0.01982426728931604,0.028532464387964657,-0.06158631714254686,0.0027805809211258635,0.06944301997566282,0.10499330786374872,0.03846348637786822,0.07442823518697715,-0.08488703605376285,0.11398448317945109,0.022497288359852,-0.09052886389399367,0.11408076675299925,0.06864059254985452,-0.032982834396745674,0.1355011360235328,0.09266324371678031,0.21696453618240977,0.13728824417766275,0.07947250078460347,-0.019917854852680945,-0.0206841235329882,-0.0020764015252150167,-0.04013603081095252,0.002535101820129032,0.040069782414622265,0.03548554614592659,-0.0024384541577477255,0.06751113715414583,0.11175267432215549,-0.024597933189854183,0.0060226962503328015
-0.04996825645966029,0.004482265811092482,0.02587753690614882,-0.037829944962501305,-0.012493805647744808,0.013584592010181244,-0.050383261786865315,-0.0476207209508416,0.03521875204714122,0.04468840394777632,-0.024769231688997355,0.031017953917565434,-0.1075009307377239,-5.507240079161151e-05,0.04884225294455277,-0.11536855327286727,-0.02140443813058918,0.030479331466812434,-0.06418885279387744,-0.002899976876011763,0.0768759312307278,0.10494387336740893,0.03562781315014669,0.05851799114607134,-0.09089909501281047,0.1112791746090288,0.028764266777726137,-0.08913792786123094,0.1139954053065322,0.06977341247539455,-0.03221608619718428,0.13120185603380635,0.08929721318084195,0.2119157426123745,0.13573720717237378,0.08076187110483014,-0.01650427668734904,-0.025233771657615398,-0.006171067314229156,-0.04081552842175673,0.0054720888545156535,0.04277833903444202,0.03723474505080893,-0.001714056669557066,0.055942860356643066,0.11189286285562665,-0.02132586583429859,0.002900991080030926
-0.053163623494312744,0.011207541884863387,0.01739575035093293,-0.042575933272902176,-0.012268995302259974,0.018920334544326293,-0.04721224847923683,-0.04594311962454249,0.04102223094328655,0.035703616964250735,-0.01954148581464493,0.036037755000604965,-0.11050774032786656,0.006442922055160954,0.06183307809247184,-0.11327438177097666,-0.027232636416110918,0.027695162686365397,-0.06412363901593825,0.002053899530592202,0.0697790359933522,0.10094882980023481,0.03356946155986435,0.0647171472017883,-0.09067784264956426,0.11589587609965678,0.027795425889751046,-0.09380864520015304,0.1155414969703904,0.07487029854712354,-0.032643830548572304,0.132543809528343,0.09138284726113816,0.2138731798624285,0.13559267946238773,0.07867841095892782,-0.018624685462334447,-0.018001418040961045,-0.0011597374095981294,-0.037152545936973605,0.0026239577044603825,0.04221317715722111,0.03846614466763839,0.0007244660247609434,0.06008121133197808,0.10856714855024036,-0.01961730606685686,0.0035164702394474023
-0.05479618683595951,0.011894481541240542,0.012960579042435152,-0.036098121464333534,-0.012502104113769605,0.015718465822705075,-0.042856213830110595,-0.04771879091981583,0.04005129808302565,0.04083326322116464,-0.012475256126329428,0.0351732925087955,-0.10918178053580024,0.007014188552003285,0.048601506014496594,-0.11658589472617142,-0.027377711913559314,0.02507209533646816,-0.06642346984789968,0.003971359474173179,0.07642097930442798,0.10670071677549248,0.032245295902686336,0.06520414271922556,-0.09637239432971417,0.10672086575165364,0.028046583917958015,-0.09200051892668579,0.10893759772445047,0.07335876920999496,-0.03699350895817395,0.13300400810860702,0.08998663804779436,0.2131161071759986,0.14314716266981414,0.08231976390505599,-0.022673635359524415,-0.017722774923946652,-0.007851005670593096,-0.040646238215028135,0.0025997723173971582,0.04208384509551331,0.037774855043421374,-0.002057587336739036,0.06239467738172636,0.1119456768305841,-0.02432299263023586,0.0023976394939402403
-0.05144515567015668,0.007427882001462506,0.01825053046469767,-0.03641917858705152,-0.012450051596027583,0.01811948248572119,-0.054456305057155305,-0.05186446199123839,0.034988690869750476,0.035703616964250735,-0.01954148581464493,0.036037755000604965,-0.1111724271814659,0.0044976959554172075,0.04976962317523083,-0.11535899232613159,-0.025252719256852196,0.028778953631648185,-0.0648051500899499,-0.002315706013904774,0.0699192367848231,0.10471684173275786,0.035502046934330546,0.062388810615657174,-0.0887105259629259,0.1205060346079984,0.027406661777950092,-0.08642519781575118,0.11052506716566139,0.07175142205281522,-0.03315600443701502,0.13540984156432515,0.09362682471238018,0.2098599804237773,0.13775663119512624,0.08317218374646446,-0.017930057579681795,-0.025112925703948272,-0.007037216057878144,-0.0412416363393394,0.004100556072139437,0.04444526313789157,0.03041154055806927,-0.00546765279183767,0.04766250789494827,0.10847969454397091,-0.025884073526041104,0.00613436630801901
-0.047778515874328825,0.004086683486872693,0.0158489404795003,-0.041616299031452336,-0.010707442449565894,0.011504877735083225,-0.048339882307609716,-0.045501468602840704,0.03533209514494191,0.03896879250303167,-0.014249453167863862,0.03647927692930545,-0.11380314959616117,-0.0038261323872532077,0.05637365975350862,-0.11535899232613159,-0.025252719256852196,0.028778953631648185,-0.06446153497164761,0.00034341086049436255,0.07511429296010379,0.10878386362447227,0.03898897454925652,0.06351973472975474,-0.09254758530984263,0.11136189746619299,0.027043921996914255,-0.08673403745157983,0.10883664793518925,0.072638844538879,-0.03742836516509071,0.13434570165629117,0.09207182604870244,0.21781712925293137,0.14102971437403491,0.08384605524775758,-0.017880112463849504,-0.029262883490522248,-0.0045334419127785915,-0.04030671514694811,0.0011313241487045825,0.0407302189897634,0.03558962062688231,-0.0011449568959136067,0.06793142251633891,0.10682694666498593,-0.018106648616571543,0.005158479960903789
-0.05144287203697045,0.01084052070831526,0.019622753652614938,-0.037829944962501305,-0.012493805647744808,0.013584592010181244,-0.05313627710490772,-0.04807623737717607,0.03918209149690253,0.03943383531989248,-0.015993426398233875,0.033406167143223565,-0.11331634220824335,-0.0028004037917858703,0.05164743431227522,-0.11468811247812576,-0.026804533860360434,0.032846816297289236,-0.05889911911468521,-0.006378904501726072,0.07997984876594025,0.0991031642177809,0.03692421059281481,0.05929733843220217,-0.09252601524617449,0.11584035072059197,0.028374557552220903,-0.08968715110670218,0.11391719562741036,0.0718352755360133,-0.038592994914807874,0.13465115022879895,0.08999978041712879,0.20854208576530042,0.13594393549511924,0.08145676162368626,-0.019521954928288118,-0.023562680616921763,-0.006308255881643586,-0.03970925765407801,0.003906609229241387,0.03840152786879151,0.0305590355449006,-0.0009533772793119412,0.0610591625812166,0.10200695420204882,-0.02527989258438144,0.0044400940679035885
-0.047824438752254825,0.010745089426320594,0.019658862417967337,-0.035452931299562264,-0.014323448404190598,0.011125078525599642,-0.04879154880406781,-0.04780530314595746,0.038151314951635436,0.03582152790164692,-0.01607026998067769,0.04604494883861146,-0.1103125203931573,0.00016437855749721573,0.058758601852147166,-0.1139454759250326,-0.025680754881372905,0.023624204221065502,-0.05843369186282552,-0.004645282357110739,0.0735290970791687,0.10279597547083175,0.02883130931299851,0.061517540422276425,-0.0926265631826101,0.11577259417577575,0.02952664922391926,-0.08891314807589239,0.1104549493844197,0.07474028713549624,-0.032306091806409754,0.12958665796017768,0.09010343068436956,0.21385525945408185,0.13931510585364615,0.07818600700715848,-0.020699104212468067,-0.02765039433711753,-0.007811538539624095,-0.04380638356675159,0.005384672114105522,0.040640980944614144,0.03159572042309717,-0.0048564634686879314,0.06099155951638789,0.11202145072144065,-0.02114204203198586,0.0004838514284021865
-0.04936776431355436,0.008338615621729365,0.011648040286893056,-0.044308362097339266,-0.015695163461964836,0.017216559884569216,-0.051527644188545156,-0.05030901905103149,0.042173916349638324,0.04026715197284616,-0.016018687539144143,0.038660609421572165,-0.10849390441617034,-0.00437723965016069,0.0580579943388945,-0.11343234680824581,-0.02141899556268511,0.030752688066887583,-0.06647882192400395,-0.0019219928309782868,0.07298196964676659,0.10654977578780607,0.03216106929462807,0.0677848321443626,-0.0908388046490305,0.11355344160732327,0.02885573356358653,-0.08687177823547815,0.11539624532908707,0.07424420843633099,-0.03587070431664593,0.13202690928239838,0.08404486169276378,0.21385525945408185,0.13931510585364615,0.07818600700715848,-0.021094500285862555,-0.020642443049879153,-0.00708880060583709,-0.034511980095616075,0.0025228842184221996,0.038752824970936205,0.030104042805064648,-0.0049102047712404895,0.060850310638781414,0.11007670808662674,-0.022994327326804353,0.006455561091209229
-0.05103977095264835,0.019107689126034055,0.012423623454795205,-0.03814696881419268,-0.015875706298413946,0.016409032859389446,-0.04810714654908403,-0.045373379982754765,0.03395248630770128,0.039198199572597,-0.01605795785021021,0.045541464068130255,-0.10577109351256749,-0.0003232999337886603,0.04979725011152002,-0.11427979592212702,-0.02116241676935655,0.033846546782252136,-0.06276508596174617,-0.0016909971737849349,0.07404437342746185,0.10058435775519164,0.031961472212128,0.06256932641972827,-0.0959205759320227,0.1159322440361595,0.026075110411747954,-0.09169316914876886,0.11062559554125849,0.07247338560045054,-0.03522774697308302,0.13458790132015927,0.0883611970134826,0.2117467678242414,0.13933068467470575,0.07077880825122818,-0.019458453297941023,-0.02358228034974724,-0.007347980769874379,-0.038605019108769206,0.002341060566174052,0.03402586696199529,0.03612127178126374,-0.0021750318797590608,0.06330569328243849,0.10860816768177721,-0.025701025203068172,0.0037179733386469424
-0.047779343423584655,0.007495257451735679,0.017200075543877726,-0.035455759467952014,-0.012606163702158064,0.010914983376520696,-0.05081580588807029,-0.05197343436603969,0.038098091310550634,0.04079575621573385,-0.010715210112551745,0.03549560985720664,-0.11572804408101461,0.0027144828989006027,0.05848635940378048,-0.11549543030240753,-0.027133865690118303,0.028445008653048182,-0.06457960055357376,0.00032174943884772983,0.07622756203655764,0.10615354168886765,0.03551772035088912,0.06466456718666157,-0.08731584843254989,0.10682755897285053,0.027400727177177252,-0.08829647469588613,0.11383185529927574,0.07296776399265122,-0.03289964192545512,0.13397683770631866,0.09250475553653512,0.21298177098099239,0.13929553752662882,0.073325797151056,-0.01819522172819935,-0.02227251554049541,-0.004895347385119968,-0.044483738399779406,0.004044709850891952,0.04331196725642657,0.030104042805064648,-0.0049102047712404895,0.060850310638781414,0.11667395863987437,-0.023417502762333734,0.005727706939466599
-0.05298986896984345,0.008431269465085782,0.011597250115416052,-0.03831702625726506,-0.007263937376871701,0.016554242922376797,-0.04508734704379398,-0.05093070868675167,0.028791918711688628,0.04238276685368063,-0.015996316880798018,0.035653266377824816,-0.10964559652042861,-0.007356160014102957,0.05072121231125957,-0.11687716245426995,-0.023442959756899643,0.027805825795470484,-0.06181495776198046,0.0010862939173876466,0.0736673706481634,0.10614125317987863,0.036912986502757185,0.07326575611585381,-0.09618420650531936,0.11352725437401891,0.028295787979818934,-0.09054414322184808,0.11215061632245227,0.07478227502562791,-0.039319744278085815,0.13361486294360533,0.08584175586770915,0.2125916368191018,0.13950660971666926,0.08627952595239452,-0.019560938833678914,-0.022172141606266484,-0.006792224344974573,-0.03920403491073597,-0.00043418950301119165,0.036357188937141814,0.032430991182360334,-0.002000486124728911,0.057624335808282676,0.11024320103573476,-0.021220639534649463,0.0030827196657938656
-0.053054677966302026,0.00989925535254588,0.01394389644140124,-0.0397225498798098,-0.012459478083113132,0.012651302810914042,-0.04558226052001066,-0.04504673699205036,0.03136584506072524,0.03799641423303262,-0.017751861221847586,0.03196487444693649,-0.10971894114694339,-0.000815690444499507,0.05261434804420142,-0.1074750198713619,-0.02342774004258259,0.030215235828137392,-0.06191179986356101,-0.0022313848150284756,0.07877251186283746,0.10326639786939985,0.03688436519548997,0.06871144260276642,-0.09211937378645853,0.12728027149587362,0.02767491219512474,-0.09028768521074321,0.11246996319008089,0.06746440961315606,-0.033971472407814556,0.1390389747999711,0.08898172513001273,0.21092654777085032,0.14131559023507145,0.07573692145766518,-0.0193949408500832,-0.023601882819714023,-0.008387788303071296,-0.03928734149083442,0.0010019301341805764,0.036702549308948,0.03159572042309717,-0.0048564634686879314,0.06099155951638789,0.11043590161534421,-0.020944884575532563,-0.0005429632892224748
-0.04921200172452578,0.010603001569099017,0.008458501852256285,-0.03814696881419268,-0.015875706298413946,0.016409032859389446,-0.05884235992876415,-0.04803449452375106,0.03590007855367315,0.0385999236283409,-0.01596799590349313,0.028149964604345403,-0.10421961077496511,0.007969692385732363,0.054074225304394555,-0.11395598217811569,-0.021832162156489844,0.02532146326459803,-0.06193341433789884,0.0010644499390463046,0.0747809109433552,0.1029770990411781,0.03531893672873154,0.06527214787017496,-0.0887105259629259,0.1205060346079984,0.027406661777950092,-0.08553225321520985,0.11394194397251348,0.06894547014533778,-0.03147098523807322,0.1353781124538674,0.09280736372619523,0.21480942727032543,0.14118217700633315,0.08222187284096859,-0.016278111827917326,-0.026683929089343316,-0.00879591549018477,-0.036722683713170834,0.0049549307805015945,0.026649524466585233,0.026489104452806465,-0.005282700134752543,0.06477334994687223,0.1086575739810654,-0.021023712662501554,0.002055766554996356
-0.049434678991656315,0.006393891539673223,0.012625918694330805,-0.04225463986060132,-0.01575535298408697,0.01694759867646157,-0.05086387035414288,-0.045828040703854156,0.037917505339643505,0.03410911216008662,-0.023012829869366664,0.024906502693372436,-0.11036093245497365,-0.006628512080788992,0.05804803936897079,-0.1210281234901009,-0.02718014428517472,0.02657101913155348,-0.06650400273687136,-0.00028257339771672847,0.07098918150181377,0.10404743672853822,0.03372933320026808,0.06539527640926002,-0.0927883636283238,0.11343234634661215,0.030589793460257447,-0.127822892326501,0.10649930125860428,0.07392428190991737,-0.03745244398375383,0.12372763450339086,0.11963692040748158,0.20887242771530806,0.1433358358382332,0.07814316964275389,-0.022462193664451395,-0.020542622029255674,-0.008981762583401866,-0.04184140744705302,0.0039433342194791976,0.03984968449555395,0.032029802007242765,0.0021679673160095348,0.05348668986550485,0.11020527106616994,-0.02281080982251832,0.004039184076615728
-0.07551813076250942,-0.04257521321692785,0.0025242533378555688,-0.09078577665145861,-0.20573689870239548,0.12382801205281412,0.004776523984816519,-0.28703562086942486,0.09886303007233543,0.09509682855293648,-0.09805993672113883,-0.00219591981939526,-0.1534417444608362,-0.4028878808164919,0.29456695682247713,-0.053424708722096856,-0.30244299326705054,0.25573182779158155,0.033842424601901316,-0.4285077649918258,0.4079062454149218,0.2782250381646355,-0.19495317628781828,0.0820526572620098,0.11062768485002192,-0.06994261011478588,0.7827818007972079,0.22048397500282615,-0.08303707090819216,0.7804036172130474,0.15708620523591407,-0.2109064956674188,0.7864407083860874,0.9146805353187671,-0.22778999319195692,0.6505192826304524,-0.036168376953875966,0.1332836561976254,0.09554002046159335,0.12956559962783026,0.35076096637306975,0.21977790665284713,0.33499486571856635,0.35042400261526097,0.31929416865018534,0.4184293759333819,0.2940190910941747,0.1149681479571408
-0.14587254625817103,-0.15437944934690173,0.00047971181748451364,-0.18353739345669115,-0.4133157694096142,0.2733501832911457,0.0002463611510916641,-0.5759015275813255,0.22550011400340153,0.14485433304295903,-0.18813467973996886,-0.015599587210072664,-0.25289787933272984,-0.8059247243218363,0.5165380668921993,-0.1383779130608521,-0.5335854040550884,0.3753373539076287,0.021056680603343633,-0.6562720332356838,0.5982429978458055,0.3459342709095475,-0.22662293385479074,0.14247664502427784,-0.10482672167187698,-0.38432906120315585,1.2109123838509495,-0.027985983321250373,-0.15685607826432438,1.0583524997266938,0.05465668627740116,-0.31628529178118064,1.0642871229651065,0.9278099716003213,-0.13179299841489192,0.9419872548330955,-0.30781836334344037,0.33588589961136467,0.3442898685387313,-0.09836715438709402,0.6043019584954544,0.36399950051029584,0.2478750663719558,0.5878587642101847,0.4726572859548684,0.3774322257679475,0.5730640689560521,0.22427440347091251
-0.17988520681251705,-0.2004956803949098,-0.004711584439889899,-0.2163826797904991,-0.4869202556727961,0.3243656563096724,-0.01648475718957901,-0.6911349937594374,0.2759771779328121,0.1621662506094057,-0.22948852200281958,-0.02649319055925392,-0.3069165670532239,-0.920092601488273,0.5903596819273207,-0.18207945947332668,-0.6312031696927025,0.4067278437239537,0.014821802938786023,-0.7478446024130363,0.6694885579359064,0.33563620641078595,-0.26850979421789084,0.16305471587882325,-0.2118697208424952,-0.4549711938294825,1.3585666451778144,-0.1317912852374231,-0.20516421744142865,1.1618186855988575,-0.0009210695368561984,-0.38986068474878216,1.2148849950501797,0.9294467585560814,-0.11462580571984542,1.0894932804564983,-0.4154997226606916,0.4015226049001354,0.4622333579038467,-0.22276619299290004,0.708592982550798,0.4364390533460111,0.17831446470649132,0.6997771242946663,0.5495576502690459,0.3670971914916408,0.7007751322959771,0.28232077613133094
-0.2140269062703589,-0.24565187256863363,-0.024353007981305803,-0.2683202676038233,-0.5546880101196271,0.3854465907926425,-0.024950446401887837,-0.8111320048724768,0.3272174368698848,0.18933153508863612,-0.29117210637480245,-0.04131900028702631,-0.371833948568023,-1.007777579547628,0.6660363715114389,-0.25722982883309525,-0.7443240442444634,0.4079291307762403,0.016529534386362784,-0.8386238871425178,0.7301457490041983,0.3204586362414585,-0.3180884477688562,0.18658183756904081,-0.37248925570223723,-0.48434061121317745,1.5110323889728394,-0.26737428880970115,-0.2511678867014179,1.2747785511499927,-0.04680333626131525,-0.4859779023103952,1.4059940542732514,0.9715277038578497,-0.1377820247683306,1.2920654091270196,-0.5450839484981777,0.48397822156061304,0.6465721674661826,-0.3673246497190935,0.8420587629479653,0.5420016276877534,0.10645440117474216,0.8579477436738409,0.6496143201300482,0.3690128796800267,0.891280570202834,0.3703049912537397
-0.29991894484841025,-0.34152368189169807,-0.07714064417113775,-0.35863616723570335,-0.6906565116353639,0.4870335745072054,-0.04839005342908132,-1.0641971773921548,0.4252949899483014,0.23961056737093736,-0.41172809142485983,-0.06863122831664362,-0.561428306559398,-1.1291697128530074,0.7928889515442165,-0.46705478186938176,-0.9968815608337217,0.34874229002015705,0.09288632070823105,-1.034878137195369,0.843910262456688,0.2650491105490309,-0.4532600654697283,0.22621581470860908,-0.8479726173213386,-0.48883512945284946,1.8613718232538397,-0.6630927811650466,-0.3908316536166914,1.4700782245322928,-0.02137760887891782,-0.7381300094562125,1.9139511057614509,1.0089641256226394,-0.2015615715114654,1.8721165388219072,-0.9219345601712934,0.6069122818638539,1.0754659696447904,-0.9009012108492931,1.174263723400798,0.8763756194244406,-0.2641993003955163,1.3709807914932473,0.9436716303587798,0.34091781789306663,1.4755359459505373,0.6841077108693648
-0.3339534401132819,-0.388489443426499,-0.10813097827028927,-0.3970983866502039,-0.7629997844577121,0.5445480934696548,-0.048804860844338833,-1.1898675836503194,0.46831641524637374,0.26484292315671193,-0.47917704073171874,-0.0950788211756881,-0.6270110404093548,-1.210449313216167,0.8769059809567065,-0.5632789608812965,-1.1536032880428537,0.31103777938341476,0.15565737538002872,-1.1580072501311243,0.9015168567600192,0.23085773426611134,-0.5244829517671941,0.19602324035394808,-1.0263506706179308,-0.495212037855441,2.121523016792394,-0.8081851690225902,-0.4737075061694283,1.5900110901182694,0.14495903563863366,-0.8945687466633994,2.2050835288425215,1.0878476452588135,-0.2785992769782874,2.1865867804831294,-1.07478116127693,0.7061187700335386,1.3825829235845948,-1.1509961335555503,1.3710244852335827,1.0943230550526009,-0.4422770309897538,1.685764839604743,1.143176996422471,0.37102013826532154,1.842142461342527,0.894173644310331
-0.3650889683729143,-0.46966301024929175,-0.1480844765991465,-0.4270448694316065,-0.8955163163377473,0.6184761421402105,-0.042335219497834795,-1.3904212109834342,0.5485341097211355,0.3270345210575485,-0.5936897715420145,-0.1482075094377495,-0.6952095169598795,-1.397023892385886,1.0073724781739526,-0.7021819422821436,-1.467061804916655,0.23252054609613654,0.2328395393725186,-1.4636699030831368,1.0636558100424616,0.17369829941158144,-0.5858182143559728,-0.022969635826224993,-1.277795732324057,-0.5198105748510343,2.7167857751590074,-0.9707228807394417,-0.6667534204527279,1.8100876732136657,0.7445801345871392,-1.2305492778511007,2.7909330179792833,1.4062897833874648,-0.5576835725589778,2.5473846573524677,-1.314618870254628,0.9254202185992485,2.0647311065384195,-1.5022037749997574,1.7747853014664008,1.5584289257225015,-0.646071190670888,2.2403643281324572,1.572456532548882,0.5193389083807921,2.569773436148601,1.3284810409448213
-0.3794750112669236,-0.4809685822584212,-0.16987477492794514,-0.434721893197588,-0.9312411678649403,0.6330575314290118,-0.03940090999120124,-1.42188203118745,0.5593312837680487,0.35828926991106785,-0.629421301066766,-0.17789601159382967,-0.7114998552065337,-1.4662791264053672,1.04489196994095,-0.7383619371038803,-1.589396436132854,0.2070960079097486,0.2284075676046229,-1.6267790709354122,1.1275368934106575,0.13985999231920215,-0.5809084655408068,-0.19870435298867298,-1.3601379875525885,-0.5287507332841719,2.971611937021214,-1.0064009547604482,-0.7747644087297271,1.888196484642929,1.1511019253515173,-1.4073206792354147,3.0593300312428715,1.6011177346244532,-0.7288721384948458,2.5746473875659888,-1.3934710194180788,1.0515428967370177,2.4041297915329594,-1.6329076782016179,1.9616638488314766,1.7795841921609148,-0.7004570766326931,2.4955707500915567,1.8142090225354182,0.6188047494327131,2.9546867566438353,1.5703972040046472
-0.37078308491495393,-0.5013574866947151,-0.17858841360384453,-0.4215676648961794,-0.9678098147098105,0.6281063155953247,-0.03594520188523205,-1.457797551146307,0.5575555100314421,0.3940731267955436,-0.6532979313532927,-0.22939574211523672,-0.729381951506278,-1.611241881018795,1.1089923906108499,-0.7973928343554078,-1.8200926243357123,0.13827519527592338,0.20019491762595631,-1.8957564474249458,1.2194560121642921,0.06521441731536028,-0.5333402366919665,-0.5917449201409793,-1.6022188398380357,-0.510865671457718,3.578592850842811,-1.0688786564391268,-0.9927482073446411,1.9907319832168497,2.1418777052896134,-1.744672566489034,3.5377369534623355,1.9935296329479377,-1.0358390282140404,2.4157431943164456,-1.65844021320332,1.2887852368346788,3.23202549513796,-1.9247437638388145,2.326399554275647,2.260844795796256,-0.8646280799370964,3.031797547518501,2.318989941896916,0.8063218039074215,3.7955743351157643,2.148455524138572
-0.385338421524047,-0.5323476397674928,-0.1859792800074958,-0.40710836139474366,-1.0004065367491373,0.6315860265100751,-0.03457805140061026,-1.4718965499315124,0.5664704501103005,0.3957145707356126,-0.6482014941655926,-0.2302291622690421,-0.7415719766079184,-1.71862233473039,1.2065305148341456,-0.8180959221504618,-1.9520352901822287,0.1228092468267545,0.16320094868078575,-2.040248580241265,1.2876179387089195,0.033456035351724034,-0.49687442113579,-0.7707264328000707,-1.7861504659535326,-0.4564634666826226,4.040714956533197,-1.086880043639793,-1.0909341414228986,2.050542440912375,2.636177393435365,-1.864583251814773,3.7492071535075158,2.1217089680792607,-1.117865320392566,2.342641948081852,-1.8672001280699908,1.3843660532859294,3.735617225211105,-2.1490990776773367,2.490232030259941,2.5164856776714055,-1.0289718274296868,3.2968883384206134,2.5443549227101565,0.8519714422644193,4.137997648427784,2.4023891132937414
-0.41025723841522305,-0.6485563207491317,-0.2381594312190654,-0.3961123188825091,-1.1162649644155307,0.6925846007336234,-0.04244959945346959,-1.5414331498016296,0.6395105192949029,0.44134440872401276,-0.6611293790053719,-0.26968497780886935,-0.7250830709039333,-2.0367521429601685,1.4637671042075124,-0.8023675095649955,-2.2647439231383326,0.19441548073456913,-0.11302449130093466,-2.4966414201501292,1.5382603738694611,0.004555797741380884,-0.369215183867423,-1.1096120076393394,-2.1929814502515144,-0.2603671078096029,5.321435325087987,-1.059394296320845,-1.288656320484131,2.2318164119582713,3.2333591320330792,-2.051846998563932,4.119502836158343,2.334300613334994,-1.1611094132743789,2.186425715685007,-2.3798685763681307,1.5489223540629993,4.9168412580126875,-2.6411911804533594,2.8255443433157637,3.0618162844497077,-1.3154391474485767,3.7405317709503403,2.8851324005083177,0.9052692008626028,4.630935090053513,2.7499339050899336
-0.418579470951001,-0.7820892489699548,-0.2811514414043281,-0.3425832516197531,-1.24391394895533,0.7365860535606131,-0.06502720406404401,-1.5889182411534517,0.7358593768591631,0.48863841634341637,-0.6739735158916561,-0.32300501040700136,-0.6285097577222961,-2.478247817208086,1.7639369463798098,-0.6865624705071522,-2.557717852129956,0.44252028221122824,-0.6150062267636035,-3.11698951291016,1.88107485381114,-0.020387296299948947,-0.16222384061529652,-1.602609032953032,-2.4741138640369886,-0.05121028841738669,6.763799737268017,-0.9361189122644992,-1.5088188940077452,2.4927240967093836,3.4350961189695037,-2.2199127602090267,4.486498644973616,2.6317773746450825,-1.1946685518055464,1.8440658969283839,-2.7683651428826135,1.7299017523282199,6.009962182177163,-2.938771903773761,3.1465597979243327,3.525057839550923,-1.386739901678,4.085421162141961,3.256006240835403,1.004609387474466,5.123225058815501,3.072234232980494
-0.41594078639600435,-0.8861009331555664,-0.30917135859874306,-0.29439072654165604,-1.3570235114007372,0.7815667102329791,-0.10171099832368932,-1.6207628614540663,0.8220739692870679,0.5484331905606024,-0.6840902624316757,-0.37512353945399424,-0.5156631138918073,-2.9173027206816537,1.9818860206087048,-0.526012915953308,-2.816468779269625,0.7734597968805521,-1.2974691042673234,-3.8548747831584342,2.2560988309774936,-0.05898757636152983,0.06431709976021896,-2.1354231148181237,-2.767097656471806,0.27257175221694663,8.249524870421327,-0.7947152586426343,-1.7328633167715368,2.767163464858017,3.2406662776647606,-2.388704400944884,4.816769742755402,3.0070228606894815,-1.2474162052549347,1.2553988221005141,-3.1200934835516545,1.8987855472839994,7.0558312953150875,-3.0858062146569276,3.432017280525801,3.9142820803834018,-1.1963725724260228,4.259540797470391,3.5770030968864863,1.1471570392843846,5.572934380934962,3.3466601600152317
-0.4407746161827502,-0.9067435040370708,-0.3423470839482131,-0.312543417670598,-1.3695566895928046,0.7770699428434952,-0.10728216695625724,-1.6618027483838411,0.8043269763781457,0.5407039658466717,-0.6963330162077652,-0.3829778374907401,-0.5178643398147137,-3.023529123629462,2.062130623178299,-0.510657381381491,-2.968918012980051,0.8312144821196015,-1.550792394404571,-4.170040173277175,2.3763346772623217,-0.12594213527407233,0.10233585998509759,-2.362885239887484,-3.1126423049250067,0.6842115957172734,9.299406693250893,-0.7320378920435044,-1.9097511578836373,2.845703636926743,3.298847146642863,-2.537468617806128,5.049065570988363,3.2075088244464665,-1.3394423959752761,0.8251856709902161,-3.5250571809418108,2.046350008595477,8.148900828200105,-3.310547551533141,3.617619711070123,4.238758853875221,-1.1975494368046518,4.3779743886145575,3.7283713880608835,1.1787864057682775,5.675704753178365,3.3978112651323182
-0.45659617587477763,-0.8664981658640624,-0.3451205009391079,-0.33535027658171257,-1.3395823196804055,0.7589641735399346,-0.0954071088846273,-1.6666035796580514,0.7708976552129597,0.5248066895224603,-0.6954484943274023,-0.36332969610222987,-0.5517462814396479,-2.930939000840007,2.012956940916956,-0.5684954558841125,-2.9620075291020607,0.714776650859488,-1.448118907724996,-4.093786043692394,2.3060087649586722,-0.1356680076936877,0.04473376670675892,-2.288970462102446,-3.1794706154138646,0.7486194897739502,9.327016941034083,-0.7396146711301187,-1.9406021317849391,2.79243880586636,3.3467280191947895,-2.5694242166093577,5.048795451513016,3.207713674705447,-1.3730658785428924,0.7800173214215338,-3.636888479537882,2.11641017011228,8.493503529717437,-3.357014026119245,3.638407996599646,4.284030308636597,-1.2287757032460895,4.363183696598383,3.6997790286901355,1.15686966515974,5.564714347598119,3.320586224636125
-0.45153457907881284,-0.8081505938171897,-0.33037089176602075,-0.36753887976357535,-1.2900164146605433,0.7432493974176179,-0.07952656701958427,-1.6533904006182087,0.7246339217461668,0.5029332946857795,-0.6884461958186523,-0.3521537734260677,-0.574560147651804,-2.8264678826808822,1.934422485628066,-0.6149731200292188,-2.908022445611115,0.5936888806936199,-1.2609103071309637,-3.9030863177952497,2.1803098219666732,-0.1264179384848794,-0.03493804777400947,-2.147745723049895,-3.0642539998624665,0.6083882124133395,8.90830667580774,-0.7487995938134808,-1.9266960904127064,2.751055256415525,3.2544893470923375,-2.555022213350253,4.9464361148582565,3.1436692812727864,-1.3850520291094983,0.8515873230572153,-3.586333411784241,2.1784432265462836,8.48830854493426,-3.291958686685408,3.6134865590027925,4.227881440649024,-1.1833596638457458,4.277680104160215,3.6224695941600356,1.1301320372228234,5.381716175203375,3.1748017901190275
-0.4313654824740984,-0.6886108204982836,-0.28043561866481054,-0.39403205461107843,-1.1730575958022709,0.7015559276698732,-0.0511300320206955,-1.5782606868961295,0.6495190710852727,0.4440291380349604,-0.6595753721376303,-0.28777959167732414,-0.5718876678612264,-2.553157533378214,1.6515459709117082,-0.596236263595717,-2.6133394315100897,0.507888546863944,-0.9500408568059018,-3.481359340882021,1.9246344046801824,-0.060271818182663674,-0.1795970536835713,-1.7955427569216795,-2.266800078235935,-0.18359364797614994,6.719305684216421,-0.7498391479549261,-1.7496669698288567,2.6605772005755464,2.4034035767822046,-2.393429226385036,4.4439998214904035,2.9695073276597417,-1.3397837421464553,1.0369011865419195,-2.724382396570247,2.2413911291735715,6.799763141235912,-2.552766949016167,3.318554179939662,3.55330583243905,-0.6970431641160774,3.787614814058164,3.277885038626963,1.099385767174192,4.833795936089864,2.7321070837531787
-0.3275762835902335,-0.5084235074981891,-0.14853699256675837,-0.2994136166967971,-0.9950957886943136,0.5787180357695696,-0.0056209193136510655,-1.3473042292232187,0.5680493917826519,0.40355977805983884,-0.5504798211514671,-0.22649795229002764,-0.4626302060212345,-2.1428941555532117,1.2261242434958532,-0.4588249507777329,-2.000235685162696,0.5256118990853804,-0.6482924264090298,-2.8170020249295256,1.5633590844733551,0.18156871381168255,-0.2542839919025809,-1.2031358353708717,-1.0880472644499637,-0.8584665721711593,3.8106388915837144,-0.672366651575151,-1.2818860443333222,2.332462081987903,1.012987727900059,-1.9168625794832796,3.425606207232508,2.5306394657147795,-1.0850044225775899,1.5044205085708722,-1.4684497771446066,1.8382059330214913,3.7280616480112543,-1.4579205116981864,2.6499055369962456,2.3518230060950303,-0.1047897244509732,3.0288925819361574,2.6483490815039317,1.0584951195654502,4.085143204477337,2.190374395381937
-0.264996712819028,-0.38950095778821237,-0.09265460283848606,-0.26056523616667404,-0.8750826452083525,0.5067323745886021,0.029503447772493675,-0.9760479742421627,0.3943210858151359,0.30871976188309097,-0.3619316790608372,-0.11379667177263103,-0.4464311652656459,-1.7446598058329261,0.9513307886842136,-0.410283674323864,-1.5870652215647312,0.4752906649930936,-0.07934407939942721,-1.5807548772022328,0.9371063100719995,0.3639624254256397,-0.36997421987935714,-0.23111779809268315,-0.7934379069194489,-0.7491922874995609,2.720083439775612,-0.667805114975081,-0.9363706837979613,1.9461015211361117,0.3262830401696296,-1.17725532485618,2.144157319896551,1.5419147500971175,-0.6265475250575313,1.9448329848134276,-1.1254358474418178,1.3826776432732344,2.4614708745468112,-1.1945650223006838,2.1668438804534573,1.7686132706623157,-0.12053951874228913,2.638218267126374,2.175744703115165,0.6603591838128923,2.921032344034693,1.5699734521856574
-0.1522971164458308,-0.12988945706718416,-0.00426710062712382,-0.18818211027436885,-0.24956825305972483,0.1407374046318836,-0.06205899728942052,-0.43081571575773786,0.1205079800848741,0.14179741201371088,-0.13596033998889095,-0.013514968343981222,-0.4709843188355267,-0.7509995743699288,0.3636126887926701,-0.31353469521355803,-0.4554690066226313,0.15366899098890058,0.03409873593437527,-0.6319160813784374,0.3658735323483171,0.13789742553694073,-0.33897333789141904,0.28678365696493685,-0.7762024565377627,-0.32164581545970916,1.025592086347361,-0.647605831861272,-0.39938882160657685,0.6615302228604921,-0.07371297746060129,-0.6705299306313456,1.038065436327215,0.3234063225074834,-0.18165122592949431,1.4263022463655755,-0.7730478130183447,0.538630008075826,0.758489373564028,-1.159185156506452,1.1902197491409146,0.8751873966904917,-0.8203555172868601,1.3995059328425299,0.8055293406463322,-0.09841344761408063,1.6451156812957763,0.9545295448082597
-0.057412017359983254,-0.033344713582783514,0.013780752393486957,-0.043099143376262375,-0.05989390525750359,0.0439583350773895,-0.011336808410082914,-0.12751890091532564,0.07109847065790668,0.08108779757565594,-0.03338742080137175,0.02879592538433478,-0.2779229902478884,-0.1554902512056088,0.11392723356693146,-0.2832367692130407,-0.10174564372242474,0.017744290878288438,-0.05435876661895446,-0.17276611297072797,0.0986379361471005,0.12045557452202187,-0.03811860616416201,0.08101393781519303,-0.38394506309573445,-0.13099520363012354,0.12038719411551681,-0.6049209796867547,-0.18557397127775976,0.13789220291870188,-0.3756355917573842,-0.12442624483610958,0.30929284204783264,-0.12842027093738706,0.17329729785948234,0.44120417639459564,-0.22541487296371573,0.12467166222268979,0.0380383902466044,-0.6178002147905753,0.27920558468888124,0.0730349901607102,-0.47639589532019583,0.5212570607043764,0.25676638523423917,-0.12397400634703798,0.6002632332354703,0.332883915098936
-0.05366395679736451,-0.026269707867786183,0.014573106046504709,-0.036571666508750475,-0.05841288932948539,0.04044926743451343,-0.00530178593126169,-0.11017474478239671,0.059784097278122145,0.07738542847552828,-0.026338692016842132,0.02140446973478655,-0.1230931375686646,-0.133012205485227,0.09215344139655866,-0.07411612506579528,-0.10917721760078351,0.050801373785320514,0.005266989977377409,-0.12427453715552594,0.11471295250365968,0.12804323965190273,-0.01019881509785878,0.07463903999946658,-0.13621809724481215,-0.07558109304636376,0.1247014002190801,-0.1603126960066096,-0.040852547782279425,0.11961687049765478,-0.044243442434386215,-0.04005904126487912,0.13624529484984593,0.18043059285221055,0.03087528870781213,0.15301115095105733,-0.08202057543319424,0.060921237850149614,0.03247823960305613,-0.1771032348850735,0.13435367252095248,0.06307422780884134,-0.04524736229153092,0.14225554571639157,0.11351378976164422,0.07418932045116727,0.15172208000117443,0.07812975459805648
-0.04647970534048441,-0.028479168568677465,0.017137388497979508,-0.04212478793211288,-0.04978936957226618,0.035424440642444356,-0.014728551831170944,-0.10541028453842011,0.06839441415260356,0.07473540752432177,-0.040441501137132414,0.02709753389543357,-0.11327411871700412,-0.1299473867106447,0.08519039183952605,-0.0760909909801955,-0.09589316862113643,0.05531880501932085,0.00872292804832683,-0.11747798080818905,0.1120171108283641,0.13326655562221207,-0.004643854204045836,0.06360715775989062,-0.12765766610118812,-0.0669268094797357,0.11457236566771695,-0.1470835910103937,-0.041037069732881015,0.11364889768497093,-0.04004280889035793,-0.032324556877463995,0.13050819628553206,0.18709411777568583,0.03051295429893375,0.15248108500116397,-0.0775580877297194,0.046738688480645184,0.029529414907562834,-0.13739168501275087,0.11843098754164706,0.07429255445092743,-0.0221904278307322,0.11914471145918293,0.1045891724762441,0.08131984639532426,0.12456693247000829,0.06851917547304517
-0.05361390718667464,-0.019298381092269123,0.016197469240691598,-0.037992107519310155,-0.0567559580173056,0.0357230736918336,-0.01751371249764907,-0.1009342486380967,0.06097829396461518,0.07639232218628056,-0.02989150716858053,0.027597030646527933,-0.10119519355581778,-0.11943462030581177,0.07507840356598688,-0.07199658459108389,-0.09463110363859305,0.04884859594544806,0.0045189017853669074,-0.09642819185704683,0.10032501413525999,0.1330244950455079,0.0034226216593487993,0.059850645047386346,-0.10552746483089567,-0.05965074244915999,0.11678330293161475,-0.12434829358838388,-0.021767366909321215,0.10599529213966552,-0.034124484837180905,-0.018255736363023915,0.12060098341331077,0.17999825837165243,0.03630060496962674,0.14442306657053963,-0.07012219103943776,0.036447326510750194,0.021921156374305882,-0.11051919281945176,0.0964755341628712,0.06823685955168975,-0.0006200631154045198,0.10201773661939445,0.11489899485058126,0.08013424046165099,0.10535422957752355,0.06134303295464821
-0.04997176763377412,-0.01936330797821009,0.01639632025351576,-0.033218458910341704,-0.048421508071065426,0.029243402542460672,-0.015267719528208793,-0.09868777930433802,0.059708855955916344,0.07625753888748593,-0.033410561130443876,0.028255367220585827,-0.10300936847103777,-0.11485004079121815,0.07578371021721417,-0.06675866278789647,-0.09691648044356763,0.044241364822992006,0.008941878626992741,-0.09692382058694719,0.10392011993386045,0.1266509179726528,0.002802413199762388,0.0639253186021151,-0.10549311528365378,-0.04550343484097647,0.10047237545252012,-0.12066106602083021,-0.012029604082735689,0.10608514534780417,-0.03240805732011096,-0.01813100133723474,0.11783940700860349,0.17947036186988038,0.04359751350559089,0.13611117508837822,-0.06797645653907303,0.03208862818983672,0.017354436518373564,-0.10027304381546699,0.09366475234358729,0.07216920232535612,0.010659763462261327,0.0838758933969266,0.10332336976209096,0.07568013634675834,0.08944272886860834,0.05394409855786507
-0.04997176763377412,-0.01936330797821009,0.01639632025351576,-0.033218458910341704,-0.048421508071065426,0.029243402542460672,-0.015267719528208793,-0.09868777930433802,0.059708855955916344,0.07625753888748593,-0.033410561130443876,0.028255367220585827,-0.10300936847103777,-0.11485004079121815,0.07578371021721417,-0.06675866278789647,-0.09691648044356763,0.044241364822992006,0.008941878626992741,-0.09692382058694719,0.10392011993386045,0.1266509179726528,0.002802413199762388,0.0639253186021151,-0.10549311528365378,-0.04550343484097647,0.10047237545252012,-0.12066106602083021,-0.012029604082735689,0.10608514534780417,-0.03240805732011096,-0.01813100133723474,0.11783940700860349,0.17947036186988038,0.04359751350559089,0.13611117508837822,-0.06797645653907303,0.03208862818983672,0.017354436518373564,-0.10027304381546699,0.09366475234358729,0.07216920232535612,0.010659763462261327,0.0838758933969266,0.10332336976209096,0.07568013634675834,0.08944272886860834,0.05394409855786507
-0.04803761655716942,-0.020701592099775047,0.013072083752732546,-0.0316513097090625,-0.041544679686396344,0.03169763941953748,-0.013531452414607788,-0.10073815583176793,0.061353939922934954,0.07120962380802781,-0.03344063221366785,0.02909765810953829,-0.10077166747417285,-0.10966851999752279,0.07242980781680254,-0.06081013671386422,-0.08803552785301759,0.04114981714522162,0.00691220063754242,-0.09130447452159153,0.11074585684877716,0.1267514180747562,0.006345435714310704,0.05312200561090849,-0.09630022288350812,-0.050462379804134365,0.09880481231077282,-0.10763169266834385,-0.014100268414664819,0.10714864664814928,-0.02369251589377951,-0.011373561468544716,0.11842552009028644,0.17455438146755178,0.041816135833665787,0.12590339631717612,-0.05548456141230339,0.02565008158387015,0.020239325141865064,-0.09774210815317654,0.07904782793309827,0.06390543599262125,0.016712394868927796,0.0811623917039174,0.10404868980411686,0.08053980167643937,0.08598623564954008,0.05525649195614016
-0.0444970174909153,-0.010882725096634184,0.01944485842204983,-0.03686485109201831,-0.04667426590303212,0.026002652721384897,-0.00718690415918934,-0.0922438680588916,0.060204522481315734,0.07237757646681896,-0.02812437525506431,0.021864759417124166,-0.10292153282387677,-0.10130094150795252,0.07713702505190861,-0.0659900491509656,-0.0832829188166515,0.05349449902454812,0.006993627636169121,-0.09237911886583833,0.09809004432158487,0.12729386283240246,0.014160027604023072,0.06189813778520684,-0.09432575543817165,-0.04387922641708602,0.0993787695476224,-0.10456735705015442,-0.009086649430095163,0.10258665036582253,-0.025218846517451238,-0.016747222774204963,0.1128284737542283,0.1747422553428151,0.0380816185698013,0.12535420058880195,-0.056853194981550316,0.027094583057270243,0.016016644249110076,-0.0880360442834724,0.07896272456142187,0.06219844611277365,0.014724888629210753,0.07461669929906871,0.10167681942859588,0.07933746873782362,0.08215642224451349,0.047379930926954965
-0.04281755771752391,-0.02336366203102291,0.01879107946028139,-0.032904686580207725,-0.04162302558245156,0.02597983339328531,-0.019376941543438882,-0.08888389608864261,0.06031331028544428,0.0707737174168024,-0.031647060009091135,0.021425793983263806,-0.0891701724339231,-0.10227380736521079,0.06684711090212897,-0.057822583826331514,-0.0839683426576102,0.046403844020313285,0.005480343261197397,-0.09186289675740764,0.10111452818366723,0.12306737841219823,0.009237337618018473,0.05471195222012994,-0.0979532622406361,-0.037021088120658324,0.10109965992700595,-0.09642159136778755,-0.00911662199356645,0.09705296940564935,-0.020937520183038783,-0.01687350542474066,0.1103200707491987,0.18125283516367086,0.04125395917207056,0.11480298851619368,-0.058327036630606933,0.025824536463302558,0.016727455689166906,-0.091076422002943,0.07460298331757154,0.06002172968243456,0.02047144792345772,0.06801416284033443,0.10107698699894503,0.07953312726538661,0.07323344858313599,0.04450574825845943
-0.0497702505750987,-0.013543523522865418,0.013457728389501529,-0.030835122142597076,-0.045108981139146964,0.026121478944334888,-0.02092352074337138,-0.08872255634943231,0.05737699760606081,0.06621568003162309,-0.02643592761761338,0.0299562494246772,-0.08246282066107108,-0.09490702491674681,0.07385219984269804,-0.05998899325446422,-0.07500401221726183,0.042917149333495726,0.0031246096369096778,-0.08395034626559948,0.09784177916874097,0.12580071717613278,0.014082446283994063,0.06095153802403123,-0.08622499634156672,-0.028405168691887087,0.09567969731234395,-0.09451909288444067,-0.009139774138880806,0.09617891327168532,-0.024927439788511842,-0.010370688036952892,0.1094919437775141,0.17268348268032999,0.0473082830854323,0.1159631741570284,-0.05540145396562746,0.014394566045877065,0.006878673724344381,-0.07941732730122171,0.06999480398965478,0.051031015522300466,0.017981367593282283,0.06316288492868669,0.09273790099412413,0.08496604226622496,0.07066133049628588,0.03499698837400526
-0.0497702505750987,-0.013543523522865418,0.013457728389501529,-0.030835122142597076,-0.045108981139146964,0.026121478944334888,-0.02092352074337138,-0.08872255634943231,0.05737699760606081,0.06621568003162309,-0.02643592761761338,0.0299562494246772,-0.08246282066107108,-0.09490702491674681,0.07385219984269804,-0.05998899325446422,-0.07500401221726183,0.042917149333495726,0.0031246096369096778,-0.08395034626559948,0.09784177916874097,0.12580071717613278,0.014082446283994063,0.06095153802403123,-0.08622499634156672,-0.028405168691887087,0.09567969731234395,-0.09451909288444067,-0.009139774138880806,0.09617891327168532,-0.024927439788511842,-0.010370688036952892,0.1094919437775141,0.17268348268032999,0.0473082830854323,0.1159631741570284,-0.05540145396562746,0.014394566045877065,0.006878673724344381,-0.07941732730122171,0.06999480398965478,0.051031015522300466,0.017981367593282283,0.06316288492868669,0.09273790099412413,0.08496604226622496,0.07066133049628588,0.03499698837400526
-0.044472530027842266,-0.01250379732357219,0.01823133098528507,-0.028300562763155863,-0.038394889897965696,0.021379460789782163,-0.013591100993224286,-0.08873451744758805,0.06224099831399908,0.07212347735134181,-0.02637589713766829,0.02360833403942954,-0.0889691018367033,-0.09068451472651472,0.06682149767988678,-0.06080052316831448,-0.07855650217258717,0.04444375055281223,0.011915517847420946,-0.08592411454842504,0.09564497985470857,0.1231270135531122,0.015459991345995223,0.06254606985288365,-0.09114164095791231,-0.030053967979144183,0.08860302725035689,-0.0868903054096139,-0.009473875879488591,0.0989499166079276,-0.016447205366214322,-0.010705081586344907,0.10544019451244474,0.1685546911535867,0.04372962411392721,0.11143486604106738,-0.05111450577826809,0.014107482597743084,0.01121094497384902,-0.08512403665696666,0.06881457134901996,0.058833931279116396,0.02111072325361156,0.05808105156091022,0.08916494080335012,0.07968568707227928,0.06732048819844155,0.042196443143856205
-0.04445213406192993,-0.010724337141624645,0.018341323210230822,-0.0289486801735479,-0.03828586194008162,0.026184362665934362,-0.014392535262167496,-0.08414548878901366,0.055017525222786905,0.07202804743420299,-0.03165315645170993,0.023916463908346595,-0.08752305916639753,-0.09601894755363845,0.0696530837998921,-0.05276230593379013,-0.07483927698805529,0.046281506510291545,0.008954395633896661,-0.08491053847831762,0.1006010255087177,0.12484341649899856,0.015667927099497762,0.059609145981013925,-0.08195789684303566,-0.039443069148200276,0.08564359042120365,-0.08683822516069731,-0.005951958543153521,0.09292562828481249,-0.020064815485355054,-0.00554162850227805,0.10255696528334557,0.17999261069064104,0.04498028265205486,0.11171998880723022,-0.052595193104021574,0.015586210156188324,0.009032133436415827,-0.07339583136068724,0.06727705285152467,0.05627098224045193,0.01962972205731716,0.059377873873434094,0.08946224225926404,0.07485120160926981,0.06007130567940937,0.04135018087029452
-0.0408104818388525,-0.014195505350018253,0.01718631587155883,-0.030366456582688425,-0.03662156213601409,0.02145152152883682,-0.014543194989726853,-0.07819852266956887,0.05615885429830512,0.0654677549480583,-0.029926920301290037,0.023995832146708043,-0.08494063161320403,-0.0945968932311826,0.06229431779986436,-0.05971383632824843,-0.07830000599047549,0.047830399480394546,0.010877705448657465,-0.08709976081818328,0.0940803992840743,0.125305786285337,0.01728712983291921,0.06051015562828784,-0.07969381126049326,-0.023726711520264444,0.0854938331176357,-0.08369301625236628,-0.010741276008619707,0.08657781569639136,-0.016896595663701337,-0.010955933260230592,0.1083339578082784,0.17318158837523226,0.037768787708115904,0.10398596030003363,-0.04817198193373386,0.013892669942262648,0.012706439370885758,-0.07961307720043591,0.06451264973392597,0.05910797767657471,0.02128284803522831,0.060692998526864744,0.09004504165657787,0.08013747356514106,0.058797582147606886,0.03453120023746177
-0.03536599362881227,-0.010910213530930546,0.018713000126783067,-0.03448034958098978,-0.0433605170490051,0.02287838494178263,-0.018369547028636284,-0.08027229271114537,0.05449751073090714,0.06588395198203932,-0.021173075891186173,0.032393372514244886,-0.08852594526079652,-0.09650631014314844,0.06138938257642557,-0.06114208745006551,-0.07466119308996709,0.046986063421831356,0.0057978079995745615,-0.07813844986788991,0.09354644216263822,0.12231386663488908,0.017137585487820732,0.05860585311951335,-0.08185331514626479,-0.030481059894412566,0.08714167123040019,-0.08574282204867847,-0.00606886836314785,0.09511217327790361,-0.014936288106822423,-0.004531534565667027,0.10320425857860535,0.17170271718229413,0.04913762593014372,0.111431110986701,-0.04823587038180893,0.013909788541723981,0.013749962741592259,-0.070015008186229,0.06444531879713954,0.057494853429170836,0.026468180168618,0.05836901349740034,0.08539698275950668,0.08502087049330727,0.05843510261276101,0.035203777074467466
-0.0444886305247772,-0.01768252800469052,0.016801008650145586,-0.026066122629710118,-0.04190914873023309,0.020314574799411123,-0.02019464080392147,-0.0842883828565655,0.05309268258503374,0.0726943645966587,-0.024650786357940258,0.03061316524064201,-0.07936916525397164,-0.09021716842640966,0.06199377216501714,-0.053558548873438055,-0.0657031300681377,0.04515254944031136,0.010155055779296016,-0.08200188015763368,0.10010789417923262,0.12705034171275814,0.012676763793314965,0.0571039537096801,-0.08370172998047679,-0.03261694290134029,0.0866570049503396,-0.08511517465443134,-0.0008399799748157246,0.08716584589015049,-0.015689607798373032,-0.002557308391972584,0.0993494594266402,0.1708173317454459,0.045390573100946956,0.10723576179589966,-0.054184331844078004,0.014355878493375458,0.01180204097704398,-0.07573957564830806,0.05590441366320125,0.05876251856338041,0.01871513921603596,0.05264911971855142,0.09041275554507493,0.083100973090254,0.055030131324180144,0.04085317371009324
-0.04431312112422165,-0.013649908572895315,0.01370797785045875,-0.030528294724145384,-0.03659439045700068,0.022652763657533846,-0.005583485128110914,-0.07936435626827316,0.05145127445410476,0.06685877973013447,-0.026411858129584964,0.02580810532687043,-0.08540012739124947,-0.09104187995430446,0.06749658896587638,-0.05430886771624729,-0.0730624127060624,0.045179584806175774,0.002557509294276135,-0.07887639561799996,0.10166863852588381,0.11893684536455294,0.015406752643553515,0.05451266793683256,-0.08021286115357092,-0.03736124990931688,0.08728056152001104,-0.08800303515163571,-0.009115995161571015,0.0904924526285503,-0.01653678480044841,-0.004573881035097644,0.10500524453981708,0.1695618116048072,0.045412553548561295,0.10474773007923044,-0.05136940538492887,0.014175834679679778,0.015384873561993402,-0.07937007780824572,0.054255610477870364,0.05177389425930034,0.017647734531529315,0.05283002090890386,0.08712444758251972,0.08203961106740519,0.059101679363338926,0.029537829274932873
-0.042376473740613776,-0.003009846229901269,0.014421209468501802,-0.026410282022097036,-0.034998316245441585,0.021876158968052353,-0.02036530314049936,-0.0783322534680689,0.05423979672395258,0.07294158349185619,-0.024586149108725076,0.01843262744593036,-0.07921297744575773,-0.08541763400677428,0.061281452595866155,-0.05367396147923461,-0.0675645700507406,0.04490450270517097,0.0056452875926996555,-0.07986661479553091,0.09560168813587172,0.12422950486124933,0.023671202206750067,0.06090128896199906,-0.08565264194966989,-0.0303504185615647,0.08865380753008549,-0.08595959028371003,-0.002576091647450813,0.09010784185559485,-0.016357111879472513,-0.009109727505907375,0.10460746913490974,0.17299341778532684,0.041506456872737046,0.10453427096471397,-0.046638381227675746,0.015141049161372691,0.010960910403582656,-0.06775045952621334,0.057244345612113286,0.056072700588970306,0.013874156494038574,0.05254209032742663,0.09103230979405864,0.0840107163138435,0.05489568697729661,0.023722113267198697
-0.04436646497484652,-0.00700607291068883,0.017458521774086234,-0.02640045895389549,-0.03842662392721117,0.022296292126248427,-0.009350362911962638,-0.07739017342363257,0.04963326132918883,0.07045797178923491,-0.017591119016697986,0.024290019934308144,-0.0795664778136869,-0.08388727516502886,0.06506942861210241,-0.04633190730146695,-0.07501538045498851,0.04524372989419392,0.00927800799608649,-0.08144535453100372,0.0964849621273415,0.11670907643487054,0.018422700591563437,0.056975275058378766,-0.08476261161751547,-0.02769316492807516,0.07946721241755146,-0.08272454065626969,-0.004325372528716295,0.09027221733980274,-0.015992109214857463,-0.0027254843397772257,0.10127939932259403,0.17299341778532684,0.041506456872737046,0.10453427096471397,-0.04963086389969322,0.011257212359167339,0.014836076220188711,-0.07403026463125732,0.05426826817941966,0.052273838800774484,0.020017763406495408,0.04874529175197527,0.08924380057225006,0.08221182002072637,0.05629187451047896,0.02658214066902158
-0.04254491166124176,-0.010444727180352279,0.01620797148087693,-0.03210455670071121,-0.03661680946316847,0.01933206233957472,-0.01737722417088767,-0.07368254870130155,0.04875892774943178,0.06858196631750166,-0.028159480403983802,0.025181833770339813,-0.08512222138884801,-0.08600408008437357,0.06559708989936978,-0.051377474607213175,-0.07146062853981831,0.042702056459163924,0.009166760465699567,-0.08145547798020537,0.09759474712380488,0.12574999364930295,0.017550622727892453,0.052735129547850486,-0.07912094212139005,-0.016744996204381104,0.08113444211851524,-0.08594192694495924,-0.0006909075765450218,0.08395707374563226,-0.013857430569501304,0.0013931052650120975,0.10386850041680619,0.16938098898535806,0.04173614069182585,0.10652496680354583,-0.04758114787906771,0.008250298981436944,0.00909297975682095,-0.07453500596392956,0.0571883451706143,0.05406897236334204,0.01871513921603596,0.05264911971855142,0.09041275554507493,0.08029213149836364,0.05288787404530107,0.032236177587449726
-0.04405254023544499,-0.005895655246843088,0.009726790194639488,-0.0262431894506826,-0.03673971343084239,0.020884564169028966,-0.009151377298952837,-0.07928629124735034,0.048335461993689204,0.06871751035193487,-0.02463762874876891,0.02450836797768745,-0.07858362364524073,-0.0856776616373918,0.07309792324394766,-0.0552775765889841,-0.07145564360323402,0.042046015903317066,0.009098797781498882,-0.076304108600273,0.09697103496097584,0.12587955091750547,0.02382702587597502,0.05927443923297731,-0.08307074993387153,-0.023401467732439212,0.08235837101941651,-0.07795695882578312,0.002291707413030756,0.08593287522119197,-0.0151231303292357,-0.007723503426083683,0.1048679109359,0.1745166557519141,0.04699890798146399,0.10436738534904819,-0.045228763648653476,0.010932105746336376,0.01710597293409924,-0.06959800991535867,0.05581953059899612,0.056204900900931457,0.02500913861424504,0.04892419610382728,0.08757327914057587,0.08357350391136784,0.049608566825075764,0.032543458544767596
-0.0386753195264554,-0.004552928972075726,0.01222071817978166,-0.026896437297081962,-0.034917034668299596,0.025479704012112584,-0.017930715298111372,-0.08204521440044653,0.05182096153623743,0.06940765248355507,-0.028182117913174907,0.03044128173257813,-0.08533583509745299,-0.08195673922267271,0.06843272638308794,-0.0553341750008007,-0.06764663432015898,0.043562946083552004,0.007589179997314003,-0.07409503029250282,0.09906408735830656,0.12157309516722546,0.018861303521018905,0.05336637434639322,-0.08587635729757423,-0.025020829627707675,0.07218751467074429,-0.07312292277480206,-0.001154918493811082,0.08611663990722725,-0.012935148951753362,-0.0027245128968165317,0.09864135150426587,0.170114680159277,0.041611599406248485,0.1018831988985413,-0.04789906902857486,0.008337643766690255,0.01430651716972582,-0.0715122943627666,0.057042341178024196,0.04948444746852086,0.01894836167624011,0.046375553025957854,0.08403362546836701,0.08041858416715175,0.05308296311696476,0.029827739434839812
-0.03893692689191132,-0.008900416166314703,0.017556127886544676,-0.01957684304596828,-0.035284047811441066,0.01621997403215605,-0.014410592710527184,-0.06807033138464398,0.055774845226679415,0.07304439267408824,-0.021121180725668442,0.028569878886050587,-0.08161030847190599,-0.07751063910015672,0.06839881281614668,-0.04869499683930317,-0.06731868646106133,0.04892602057839786,0.0006060148435063171,-0.07607449113218913,0.0956988045705174,0.12060825010325309,0.020456341147531334,0.05200965181175693,-0.07517056998244175,-0.019011567751200296,0.07724018984848201,-0.07664253676346527,0.000808513210456887,0.08069967194154308,-0.01048383962172607,-0.003060060073521202,0.09986272873617616,0.17335587462753901,0.04515164587030394,0.10160233965436424,-0.04312580249677559,0.00653273289671736,0.011805477559979911,-0.06865044960281787,0.05713440201178123,0.05252112834143619,0.023693272479889557,0.04773382865301432,0.08489700894716792,0.08410327322132109,0.04888476827709095,0.02263497356262951
-0.03874804290230754,-0.011663448948870657,0.011840460892500964,-0.026253238166646622,-0.03331094061154989,0.020465285125777985,-0.016743829699728444,-0.07435989053961634,0.0572016730178676,0.06639080541727015,-0.024670995850704338,0.02892571893159465,-0.08116667097000844,-0.08333873577849253,0.06295651923709544,-0.04742628065725521,-0.06580030391615829,0.04509535593295401,0.008003902386393093,-0.07920763257076349,0.0963534674078507,0.12122774758064721,0.023533132688034288,0.05897690195615245,-0.08285999283399638,-0.01884023179410994,0.08137078536503017,-0.07184783853714719,-0.004282167637054403,0.08076881715397083,-0.013140567086077205,-0.0012957724307851495,0.09974040859056219,0.1721623587205984,0.04720668257484208,0.10883800428166315,-0.045859519739830004,0.006699682466284324,0.007136274071747237,-0.06975804568810136,0.04825234477713969,0.04310670388129457,0.02564750512588434,0.046642674074868704,0.08145552840144668,0.08193048054932965,0.04509811820852466,0.03311318784229743
-0.03882858054361851,-0.00680626165335332,0.015441802513182142,-0.028960965435632514,-0.03314364402326017,0.025550972276040904,-0.010935897937444166,-0.07924717605003877,0.04677709976414634,0.0667020254540328,-0.019382768785556496,0.02722127555186097,-0.07706903621081884,-0.07813933832715879,0.059369314325594266,-0.05017994492676229,-0.06934639065231574,0.046324778669006306,0.0088251359103191,-0.07397112319969544,0.08684889648941535,0.12445360476226675,0.02380139650435304,0.05701833888448025,-0.07267503028403595,-0.026487292764120818,0.0881860479850838,-0.07853432497820313,0.0005859418851523677,0.08785617697373108,-0.013140567086077205,-0.0012957724307851495,0.09974040859056219,0.17418359339480022,0.04315813102514487,0.09668250805503896,-0.0478403760905829,0.009691076449445593,0.011821178339937278,-0.06736496141113327,0.054120530582324924,0.04768831147552136,0.02707197200887611,0.05100469654305519,0.07541962028447312,0.08039079819394869,0.04228459306220446,0.03154666465229804
-0.03709288178769938,-0.0105566403113732,0.01642885707178657,-0.02485807013596321,-0.02811909589212447,0.024365562355930927,-0.011278129933648807,-0.07140326456944268,0.04921832501513927,0.06695538824386134,-0.02113201158374125,0.025485462172446544,-0.075502313079833,-0.08324428751940961,0.061006606460054964,-0.053327728295921396,-0.06197980971686619,0.045649636663235724,0.01005338524268564,-0.0779325146098226,0.08792565061041223,0.11969043763024764,0.01720686697669086,0.05022151602579797,-0.07206208300032352,-0.017223855405180465,0.08395835131677096,-0.07565924648620831,-0.004236398919301013,0.08252753596083308,-0.013602409882850369,-0.011506264700120967,0.09578531367139276,0.17154404792598885,0.052683961311844676,0.10137358300708801,-0.04917241437983919,0.008394328347182114,0.010412395356652138,-0.06598160352957654,0.051314443743197026,0.04946628914948222,0.024901770379789252,0.04508016735700512,0.0852163014149841,0.08370656428302342,0.04520148132652919,0.03052769225657223
-0.04425643160479354,-0.004908417398291042,0.015360727432359457,-0.025923940933902944,-0.035079563737261885,0.018271527083878022,-0.01665858177076282,-0.07127313789160708,0.044549082845421965,0.06475551910495765,-0.015824710255166796,0.018779455539459207,-0.0678821504885394,-0.08523420602463379,0.05736818940860859,-0.050804287408816415,-0.06215540847540709,0.0439271737240859,0.0060809215938811105,-0.07124856448678181,0.08865594368578741,0.12617834080657928,0.024000937553146584,0.05409565668766607,-0.07584841711701348,-0.02158556589014765,0.0840915031111302,-0.06928371877852639,0.0006877352914390665,0.07819557774475161,-0.01258631003318493,0.000554146631957393,0.09601413130177046,0.17148050319247024,0.05065204074348458,0.09164325930067964,-0.045475040707659335,0.005222792425051147,0.0023281747464920276,-0.0660920307327954,0.052756871357599246,0.04984624992198065,0.015115590396308116,0.042894868004464175,0.09665074097450743,0.08537262990575192,0.048211215170580954,0.029686457012929178
-0.04061135521176285,-0.011785066412771682,0.012868224415362449,-0.024852472690567565,-0.029833596715475315,0.02457297235294036,-0.010550321415452394,-0.06899659912054984,0.04500640867386409,0.06562193302141159,-0.017608427255529305,0.023692425645923977,-0.08306216496314098,-0.09010762347902983,0.06250610555918894,-0.04684855344863588,-0.0659710858035479,0.04305880370978233,0.00570043652164688,-0.07300349683519787,0.0929324463135054,0.11842926857151642,0.01862694394119674,0.05404620059553942,-0.07164317184406649,-0.01701411700409553,0.07932811852819653,-0.0731748873359459,-0.002553524673257267,0.07972191633534692,-0.01453949557918522,-0.0027670032500257675,0.10044304802850051,0.17057151051164662,0.04338783792145485,0.09867317251406044,-0.05023844305531912,0.005658597312022937,0.006257764496746984,-0.07207359816546886,0.05425107141694665,0.05176232432496292,0.02001020466151838,0.04619869285177983,0.0873228292371045,0.08057408508286855,0.04717428113981404,0.02753826895369737
-0.04423194739093334,-0.0065302815140639335,0.01414564902592625,-0.031175440830851917,-0.03648566586836736,0.0274565245721952,-0.004428937858833438,-0.06672577873598247,0.045458323907152126,0.07095670606088608,-0.01927285027754214,0.010363742975957038,-0.08014738932535988,-0.07679466056081193,0.053956003611375335,-0.04977700841966108,-0.06757150042341692,0.045550133047189356,0.009424958892927156,-0.06938727423887629,0.09207211986344564,0.12075661858908804,0.020543612569014172,0.049418604280914435,-0.07210216825967379,-0.023966408741938814,0.0824968978997986,-0.07477312091907858,-0.0008565194837070424,0.07969877743806662,-0.011177966869571062,0.0020261510747035688,0.09531219642382872,0.1678455703472752,0.05107511545650331,0.10423256154792729,-0.04605327598378485,0.008123562530702472,0.008816219587406329,-0.0713240308765728,0.052950806499243,0.0559471530966944,0.018694791609870337,0.04245601819600869,0.08272772133293434,0.08222378244221411,0.047084243569852954,0.02736133697425563
-0.03884685145791111,-0.008583784413907437,0.015345939032925844,-0.029888638572908573,-0.03327344055135869,0.017423669141263348,-0.011136873027456728,-0.07735003767726331,0.04807560071253287,0.06570002602432559,-0.02112419607331216,0.02298645901838097,-0.08261134453948935,-0.07799273365836934,0.06013047654584264,-0.05367396147923461,-0.0675645700507406,0.04490450270517097,0.011930355912440262,-0.07903020380976475,0.09406138944541184,0.12065349432369904,0.015614877084462879,0.051575101527537436,-0.07363697182998762,-0.021488019252912143,0.0798710908442745,-0.0728525476431645,-0.0011232551444364683,0.08509442740128623,-0.013346536355078134,0.0001329437152770536,0.10083962657730662,0.16714181273497256,0.04358666774859127,0.09950073703662618,-0.04692027586903833,0.0012233046942636118,0.005885077830656665,-0.06703891019817464,0.05144259413902999,0.05353041513754812,0.020087813804029322,0.044958024239833604,0.08583843266384729,0.08223038308218433,0.04248392524225875,0.02775658905956756
-0.03695749709316764,-0.010082047265458497,0.013112557317937435,-0.025767024592039015,-0.033391932087972975,0.016860438849603948,-0.017145632117807185,-0.07355543786734531,0.04738118662032021,0.06570002602432559,-0.02112419607331216,0.02298645901838097,-0.07705227099285027,-0.07586120747601936,0.05960733891809277,-0.05097801013951166,-0.0602085787911785,0.04519269917983747,0.009134200910678566,-0.0642521838062037,0.09367713817379121,0.1250643238877757,0.025510634177031925,0.055329496569853975,-0.0756438061127916,-0.01701034856237673,0.08312595652437217,-0.07429404406429711,-0.004322221659362099,0.08369269155763914,-0.00781785802326336,-0.00020158932001876554,0.09942275452832273,0.1725567209030577,0.046950592006612876,0.09590607705256504,-0.041097289385325454,0.0021482382659492867,0.007580146474341259,-0.06629728152439023,0.05014425973628261,0.05772110316907303,0.02774491851314336,0.0437518691898494,0.08611377004367096,0.08255387718917406,0.038367934232147065,0.022130827504444534
-0.03695749709316764,-0.010082047265458497,0.013112557317937435,-0.025767024592039015,-0.033391932087972975,0.016860438849603948,-0.017145632117807185,-0.07355543786734531,0.04738118662032021,0.06570002602432559,-0.02112419607331216,0.02298645901838097,-0.07705227099285027,-0.07586120747601936,0.05960733891809277,-0.05097801013951166,-0.0602085787911785,0.04519269917983747,0.009134200910678566,-0.0642521838062037,0.09367713817379121,0.1250643238877757,0.025510634177031925,0.055329496569853975,-0.0756438061127916,-0.01701034856237673,0.08312595652437217,-0.07429404406429711,-0.004322221659362099,0.08369269155763914,-0.00781785802326336,-0.00020158932001876554,0.09942275452832273,0.1725567209030577,0.046950592006612876,0.09590607705256504,-0.041097289385325454,0.0021482382659492867,0.007580146474341259,-0.06629728152439023,0.05014425973628261,0.05772110316907303,0.02774491851314336,0.0437518691898494,0.08611377004367096,0.08255387718917406,0.038367934232147065,0.022130827504444534
-0.038721049661469636,-0.013282273419627238,0.010641398336038378,-0.019569698576974045,-0.036998339537227275,0.016426340915799097,-0.013918728700398496,-0.06578955797663598,0.05294433478738906,0.06910684941610182,-0.022864012397946012,0.022098328669168874,-0.0789331613703664,-0.08036734594524031,0.059386451080876104,-0.04691067562296735,-0.06216500650989255,0.04455870129368707,0.010605626598703613,-0.06818053267965385,0.09252177095964938,0.1210037390396492,0.02340329542437683,0.06285846213479575,-0.07363697182998762,-0.021488019252912143,0.0798710908442745,-0.07107526538128323,0.0056401275126026764,0.07943386342800543,-0.008254564370031412,0.0019432450676098417,0.09363820305143113,0.16732508395694715,0.04355560275822992,0.09834014582113718,-0.04280791003892923,0.0050729225376666374,0.008050095765985624,-0.06887717916461308,0.050016400685028245,0.05365537920913389,0.019916381233344754,0.04234671504019498,0.08496846360813055,0.08559289468749656,0.04239841386529518,0.026197207301684903
-0.04593164489800948,-0.011200053253367924,0.00932327802311507,-0.02988081828284477,-0.03670305444950655,0.01784707058266964,-0.017099114172424407,-0.06949932042027214,0.04722959891838355,0.06941763640204801,-0.017574423228219546,0.020405553735569175,-0.0744962500832828,-0.07897022314167948,0.05176854793188388,-0.04639533195937829,-0.058528992680030416,0.04402200486860889,0.0050682447283702395,-0.07585440647485796,0.08786656090767761,0.12326297305568752,0.025269776898197833,0.05954188229640644,-0.07006157486790396,-0.017225903329138453,0.08205916371882292,-0.07664253676346527,0.000808513210456887,0.08069967194154308,-0.013795994601620365,0.0022775147631834084,0.09505468253798025,0.1728338495327098,0.045049699778263175,0.0944695259118579,-0.04857299085672662,0.0027568435160465915,0.006783487064779418,-0.0606068980824633,0.048686798291835365,0.056844103832813124,0.030619762231105737,0.038659245923787,0.0836111387567679,0.08081704666274443,0.03986355768085213,0.02378125495601236
-0.04201150369702199,-0.0051417140954236225,0.004261098551155179,-0.024522776590494986,-0.031601807978519754,0.022378484324072027,-0.008090491930981403,-0.06769767034099897,0.05492794805666447,0.07299796320250203,-0.017548216956613277,0.018498073690489968,-0.0701743658818224,-0.07933450732680687,0.06308301457469749,-0.04684855344863588,-0.0659710858035479,0.04305880370978233,0.004884275661142276,-0.07415854107097854,0.08914335551156229,0.12130238165149872,0.023576452404788728,0.05768275397525344,-0.07168252979018781,-0.023759803321502182,0.07786403108014577,-0.0743891999972678,0.004104335982223046,0.07903512631857428,-0.008209304473023465,0.00042957589289467933,0.0935029647350353,0.16382719405022,0.04171931570771333,0.08944594897682548,-0.04725362289611101,0.005421238518313658,0.006766641514212141,-0.06497714621220957,0.04998406837457662,0.052643722461883424,0.022291475919838797,0.0452372589077714,0.08178464292526055,0.08572694073042408,0.03799129048137516,0.024186426399383187
-0.03684976770614245,-0.00798888641244823,0.010990949025313796,-0.02195712531579087,-0.03688499062432127,0.019114925315313266,-0.014813057815447155,-0.06726184967139161,0.045953524103391034,0.07418825245514085,-0.022778572274604735,0.010487533189509806,-0.06971260158230226,-0.08289976073747961,0.05786658315419035,-0.042716545353570494,-0.059046086766335645,0.03821503143511036,0.008437616133342233,-0.07572941625356087,0.0911285553263686,0.1260289813048569,0.023913941085692177,0.056685342548339596,-0.07864995450375087,-0.01874341381163777,0.07525272430082453,-0.07387195212769404,0.002279626513121304,0.0831467965489666,-0.008958214668578452,0.004633069775459371,0.09777065932461067,0.164144472068363,0.04946648043511219,0.10709531400653584,-0.04572233301404865,0.002553108289672054,0.009395162868715024,-0.06561512277839722,0.05149009681440004,0.05505404074701062,0.029362199984925865,0.04253624339140247,0.08477156429454974,0.07739023057814844,0.03985256402622137,0.026543815440822453
-0.03869352294908162,-0.006330949315004073,0.01212502242631526,-0.013744637146016571,-0.03026474871066894,0.017165919708043063,-0.008987875261874235,-0.06916819065016085,0.04794017947404802,0.06898913763818092,-0.01759135841961648,0.023169768838358258,-0.07349759991815058,-0.07848686433140283,0.06004320244691617,-0.04696186268268066,-0.06783124209603915,0.042818831547278696,0.008138363369166884,-0.07060136617814405,0.09273123231271095,0.12629792806902218,0.030292731613833866,0.06062005520645693,-0.07021387516839143,-0.019545329302643896,0.08311229124175391,-0.0683804795323003,0.0038248887881977924,0.0816399851591894,-0.007098306339041535,0.0017330500393388916,0.09473179107946167,0.17102804278622616,0.04516462045075467,0.09546354777698195,-0.04128344247393414,0.004944717894174157,0.007782530062925905,-0.06572494645176287,0.05293208199145467,0.055433429719938684,0.024738175816103134,0.04501523449124712,0.08626524245267998,0.08096692882207183,0.038555966158134135,0.021102596559989147
-0.0332000522407024,-0.0062910122063434964,0.01120464690379187,-0.019753786779989478,-0.031828105251777046,0.01701040599168225,-0.010721927320957841,-0.06507259156972381,0.0462305807695867,0.06771621078858424,-0.026379513748462736,0.02027451423370747,-0.07571601285543002,-0.07918616513846384,0.06385028984977355,-0.04420975384050903,-0.0642857653454751,0.04157989777382802,0.011835391361657047,-0.07214162468733898,0.09359382113861722,0.1215126740626783,0.020179914928017417,0.06332569575756403,-0.07485655281648403,-0.018855019331456585,0.07376530925049955,-0.07379602487345958,0.00556540069876573,0.08338660929171585,-0.008758862690764825,0.0032038448868596183,0.09666975809020342,0.16679891709292097,0.04716344064291728,0.0905864519421457,-0.04452439109401009,0.006625054687475532,0.009992453284035419,-0.057803645757987604,0.04812585559816276,0.03906642633894492,0.029621041771076672,0.04390120030298302,0.08415726001102962,0.08107722070827635,0.03565134537476351,0.019361644214715562
-0.04238462277273449,-0.011590164364602936,0.011686216555335855,-0.022119620221433094,-0.03685783041911431,0.020316748941412,-0.016682337169552683,-0.07330115283112439,0.04462525360438688,0.07071149641620665,-0.019340216540222208,0.02254831251061169,-0.07456905253840637,-0.07237799374853657,0.05367064343607033,-0.041926352741718347,-0.058710817138605376,0.042604582963070625,0.009655033026097815,-0.07280709204452761,0.09063421756881217,0.11611982797778109,0.02160916938614442,0.05778948347452567,-0.07449882931355035,-0.011955855548698834,0.07174381052053941,-0.06920550805868643,0.0039747999150164534,0.07843137316917258,-0.010118517740517561,0.004843251822169412,0.09667684848491963,0.1664313860020925,0.0509360179508224,0.09228829486027053,-0.04540860753517411,0.003834227341621882,0.0027351289534283878,-0.06276269008871933,0.04993582845893639,0.051121842789185024,0.028813597362431,0.03659681663702793,0.07301457743540325,0.08247448212644866,0.03517445220743263,0.0240058410157952
-0.040606630967972394,-0.003209472859867229,0.015580693196294758,-0.029900741558806385,-0.02812788707248432,0.016791400190102158,-0.013071230843973233,-0.07135994413473092,0.04766221495812357,0.06887207387285732,-0.01231738873035777,0.024244499568315564,-0.07851278141303626,-0.07278624466355374,0.056546684536810145,-0.04942148759721407,-0.05877353097292071,0.04033978177834269,0.00806425699841398,-0.06544856700415667,0.09211635531329661,0.12318811213525456,0.025226540436953555,0.060835684505363634,-0.07486709152966062,-0.009903240675481786,0.07647387182360332,-0.06924461226590489,0.002331218642352313,0.07831333521137794,-0.005137395175647481,0.00043045629094581254,0.0908618723116803,0.1682346866952673,0.054532170052337264,0.0906849036151478,-0.041152645289784885,0.006281683743208719,0.004233213097769349,-0.06614374616553283,0.05155415056935738,0.057085436796614035,0.025465302872487827,0.04403714596258088,0.08058424654538152,0.0758098825279271,0.035445508073641344,0.02591610482899343
-0.04055468010203294,-0.006450108892538849,0.013167756602727836,-0.025135222567134012,-0.02835386326563762,0.011427236370201203,-0.01779523271496959,-0.06988085722164677,0.05136289343895784,0.06912522088999375,-0.014066939745678944,0.022504635491681437,-0.07664779526131042,-0.07055329962080459,0.05653225291351654,-0.0416836219529898,-0.06446064684270794,0.03986081405032841,0.00821345297676999,-0.07575141502538267,0.09334943831313501,0.12641642065471592,0.025491581178917373,0.05888211378149812,-0.0638760482703014,-0.02389635385409113,0.07254277436109272,-0.06597022995634146,0.002223146431643169,0.07859338675291967,-0.010070023259422488,0.0033296046689200278,0.09654127158531667,0.16741258330274408,0.05281462782479118,0.09621324803363497,-0.04388458106905623,0.0023349817718802124,0.003926602872650139,-0.059347915880766995,0.04732666062708998,0.059012445197255334,0.022182058026746672,0.03952057088200349,0.08858061892404688,0.08766994855309795,0.03988320576949079,0.018249444949094733
-0.04047890255487002,0.0006668110559146584,0.013573026214579781,-0.022145131004214218,-0.03000038425353203,0.01948853824921306,-0.018177301534240162,-0.067043373155225,0.04146351191216752,0.06341211449736704,-0.022915045079715746,0.027047821690999663,-0.06767165942459116,-0.07356585451360985,0.05738716913280852,-0.04471242805312309,-0.0647082475040447,0.036167599673284735,0.004892548388571342,-0.06901358989028318,0.08742264789587484,0.11687943318434073,0.024783709521732027,0.06214827919791532,-0.07307823978891746,-0.010004975954571168,0.07689839995968614,-0.07259580617446494,-0.0008472432613526548,0.0777950706923771,-0.007906816624948075,0.0028249994678396814,0.09969347063784999,0.16869543524262826,0.04888829263078253,0.08870556377939148,-0.04249100560075919,0.0008711168777649187,0.007210957048509617,-0.06350236595431885,0.04738979880208863,0.06103143500900321,0.02014665053254639,0.038625705446013577,0.08051885346281522,0.08230817039662153,0.03338629349291238,0.02735368297337117
-0.03849530241561341,-0.003918624982705318,0.00779586465525807,-0.024343757828375123,-0.03677161029919585,0.021802351470435417,-0.0161832377445338,-0.06599755975636729,0.05414532727971801,0.07321226397052757,-0.017539645660571323,0.01711506389253299,-0.06774362240430962,-0.06696439636494304,0.0592968596467078,-0.0415906595875463,-0.05313027332496044,0.043314312821169675,0.006149547661396664,-0.07295802190020721,0.08849000873103478,0.12333781625471324,0.02531303367387641,0.05824793279344028,-0.06729248621588048,-0.010097513495874608,0.07353970899904459,-0.07130748918958987,0.007251466480236925,0.08057639186502868,-0.009812281380436928,0.005012214908249907,0.0947463106232805,0.16805818336968348,0.04343137476771598,0.09369646725911936,-0.04249072529845396,-0.0004988874044239269,0.008667501047625398,-0.06660239683771049,0.04732465000531788,0.05899138945208267,0.026481147509015333,0.038784633915422105,0.0800381720201036,0.07764983256247197,0.03564254454029358,0.02212541425094054
-0.03849530241561341,-0.003918624982705318,0.00779586465525807,-0.024343757828375123,-0.03677161029919585,0.021802351470435417,-0.0161832377445338,-0.06599755975636729,0.05414532727971801,0.07321226397052757,-0.017539645660571323,0.01711506389253299,-0.06774362240430962,-0.06696439636494304,0.0592968596467078,-0.0415906595875463,-0.05313027332496044,0.043314312821169675,0.006149547661396664,-0.07295802190020721,0.08849000873103478,0.12333781625471324,0.02531303367387641,0.05824793279344028,-0.06729248621588048,-0.010097513495874608,0.07353970899904459,-0.07130748918958987,0.007251466480236925,0.08057639186502868,-0.009812281380436928,0.005012214908249907,0.0947463106232805,0.16805818336968348,0.04343137476771598,0.09369646725911936,-0.04249072529845396,-0.0004988874044239269,0.008667501047625398,-0.06660239683771049,0.04732465000531788,0.05899138945208267,0.026481147509015333,0.038784633915422105,0.0800381720201036,0.07764983256247197,0.03564254454029358,0.02212541425094054
-0.033261367200211216,-0.008224354840555897,0.01223064988561126,-0.02008584043166907,-0.030059781654318055,0.019208727109208137,-0.016415770489308656,-0.06612473058615385,0.05552269018611728,0.06787023686765815,-0.014058136541923191,0.019999291417114144,-0.07504701172021463,-0.0710996532753818,0.05864718362095982,-0.04851544155596801,-0.056576691523172726,0.044975017995053636,0.007179454290499814,-0.06834054801350388,0.08927643620967239,0.12115309578838847,0.023489833285714155,0.0602709026430425,-0.0640579037603035,-0.017231956417479533,0.07635811584133798,-0.07041816375983755,-0.0008379979481132444,0.07589084406351235,-0.010415163781860682,0.0024480109952234276,0.0904846841524715,0.1759775483975629,0.05046068213180053,0.09447816338790178,-0.0438194874011514,0.0009467780713806419,0.0043376670148135435,-0.06517532726788292,0.04572252612800587,0.05353887382450782,0.024951759762594814,0.04062759004718254,0.07073941326320433,0.07781563041366238,0.0374312278598661,0.018777191913524116
-0.03318394894517452,-0.004515607983039945,0.011285764457854324,-0.030216023837929706,-0.031504571961463876,0.01961532734413064,-0.009950148729192119,-0.07170063247200253,0.053529236934326464,0.07139380056478385,-0.021072499389156406,0.01803949051160521,-0.07522146340993029,-0.07818824048780433,0.05911445172932388,-0.05406471465458492,-0.06612665506800935,0.03973770340253268,0.008477180531233206,-0.0705659342065752,0.08939878299332425,0.12576156676457603,0.028626546995144934,0.061012406168710044,-0.07291805411371723,-0.012165177312789226,0.07448179311404005,-0.06889550218126268,0.005650603281129368,0.07752639777996186,-0.011126034135263616,0.005137929719726551,0.09461750642519016,0.17212335754503466,0.04868899037968287,0.08788404574068086,-0.04198298379810995,-0.003383012194864787,0.003248059468683316,-0.057804074558088135,0.049775233916246255,0.046044997042904906,0.024214181319721022,0.039738623151480766,0.0855761037245518,0.08240381763884277,0.03967569269235197,0.02480932792715837
-0.04248032223147227,-0.008507293478738338,0.01520875009984619,-0.017213466060616914,-0.030253283391393448,0.01291820984841352,-0.012987454011854258,-0.06528063028084471,0.04743267917445819,0.07117947324261631,-0.021080896864337412,0.01942285306455537,-0.0637261676261007,-0.07315703990135933,0.05450422005337361,-0.048227060400711716,-0.05666194674253725,0.04395493484322502,0.013407112731890474,-0.07262025870356853,0.09054830479350973,0.11921215075124181,0.026695615363618183,0.05753689537496581,-0.06932780233824354,-0.01685840321917244,0.07395415101932706,-0.06855020618283247,-0.0025041100869792688,0.0748923357760111,-0.007751632327098683,0.0006824067173328125,0.09060611595644795,0.16851498322769762,0.045208694201182974,0.0904838511613838,-0.04109487139352663,0.003519629085173403,0.006117641235128435,-0.05938796548510491,0.048318181194920935,0.04516301912307033,0.025824086974684097,0.03784956758306922,0.07316411107555124,0.08086401755773906,0.03686283547398843,0.023245073404253268
-0.04210136565955553,-0.005459101905649095,0.006472687820154477,-0.02353197521844476,-0.036907401997126464,0.015793205461614637,-0.0064590384965896265,-0.06680755476895729,0.04528210635321301,0.06677123008826957,-0.021082649311031026,0.016072753777731603,-0.07310921733336083,-0.0754566562942165,0.056729701356057496,-0.05115154535362958,-0.05826166463131866,0.046459179644796594,0.004666927473694476,-0.06903751626965321,0.08964455140328005,0.12213466309218372,0.025418496569338627,0.05210601935202389,-0.0699665517562882,-0.012690289790034916,0.082269301848074,-0.06379113039705499,0.00223286331968794,0.07668686828069829,-0.009668525914927305,0.00047116569108830855,0.09434027663356268,0.16861108589165794,0.03962886479566703,0.09083198992480339,-0.04299898292588272,0.005126002814879724,0.011177489806680038,-0.057602435257238294,0.046893564456248676,0.04530373793263366,0.02128907604363484,0.0397583301589023,0.08424262824715706,0.08579033289493841,0.03808770086082171,0.022981217740103973
-0.0369224621174329,-0.006528742334488959,0.013293490434171341,-0.015162002419518759,-0.028597771018103558,0.012434845694105325,-0.013936234050979662,-0.07080770241777286,0.04059228447047122,0.0665569943049425,-0.02109099462497549,0.017455885153873942,-0.06925433638540544,-0.07073420595477656,0.05551563713747304,-0.04199134300717237,-0.05490545520075572,0.044097514260586106,0.0045541286788707055,-0.06904947116657899,0.09075536128945957,0.11747143915951819,0.02159310212611356,0.061338548781315894,-0.0664334492386201,-0.015169213191371584,0.08299960082063375,-0.07420862531248874,0.0010951356261139885,0.07149257793098536,-0.01192905364345025,0.0040032408590053034,0.09145680616037835,0.1691546225014805,0.04695565872220262,0.0861100450939884,-0.0411585951182828,0.003537432232650268,0.007160129167579029,-0.05855528686230142,0.04558104064629405,0.048994177153209084,0.028444619234844364,0.04023866350014483,0.07851454584375361,0.07764983256247197,0.03564254454029358,0.02212541425094054
-0.04038208014373565,-0.0024160868085609122,0.010051925829820375,-0.02529163041923891,-0.030042533975073855,0.01283732928805724,-0.02088607316844249,-0.06547627816363549,0.04534758539402432,0.06937849026966972,-0.015816453056027982,0.02076418678163134,-0.07342953538250872,-0.06936582074453022,0.0610013111195139,-0.045478435594415244,-0.06580421353662018,0.045415367632212884,0.007227602618610998,-0.06661612438640645,0.08833145629606669,0.12094774946016651,0.028260558475525346,0.06327631893690716,-0.06768739360820186,-0.019288267531316683,0.07541970798041704,-0.06648414581585564,0.0040489769740910606,0.07447756174393784,-0.004984562669714454,0.0005147265400710283,0.0898961014783115,0.1668866310855837,0.056427090632273594,0.0884613326152068,-0.04692027586903833,0.0012233046942636118,0.005885077830656665,-0.06427658757226301,0.04418447440648953,0.05011691351223617,0.026731348269456234,0.03947752722101558,0.06834657373840723,0.08560775681491065,0.03320092912438139,0.026999546247016393
-0.0317163176304755,-0.009211438751931936,0.01893693918810468,-0.017701332962870957,-0.03017282700541027,0.016524867120754003,-0.017052692368103365,-0.06544213892020669,0.0470796347712199,0.06701356618924512,-0.01409239529125161,0.025523872600507282,-0.07705227099285027,-0.07586120747601936,0.05960733891809277,-0.0454162429423425,-0.0569237848302803,0.04120353039989654,0.011000856519563578,-0.06986259727890833,0.08902561539746463,0.12236926893908624,0.02691428777804584,0.05688471629747919,-0.0711762013634723,-0.01453657747259154,0.07479967187193504,-0.0669743995736366,0.0053824759599112575,0.08291979177081121,-0.006554845552661522,-0.0010415501558162742,0.09156461171280623,0.16554036054395976,0.05089734796316242,0.08747334584301257,-0.043812140382759775,-0.0031609590331905645,0.008693063886864237,-0.06102054909369756,0.04400936618163335,0.04454468743870567,0.020876892903760623,0.03832329117360011,0.08590722245309804,0.08422748637420265,0.036775223738973836,0.021685628732080856
-0.03497598271912966,-0.01126254267870943,0.008675574049041944,-0.030231953989574113,-0.024643580293971536,0.018774174276572075,-0.02084866847854362,-0.06141390380374643,0.04520172465790377,0.06548577766734422,-0.021132451483536034,0.024368614574492155,-0.06777848345957829,-0.07153264191323802,0.05881297313950983,-0.047475377539426794,-0.058779149069080355,0.040651453933025467,0.010723190070163327,-0.06471852195585229,0.09062706244215672,0.12017382283463626,0.02372410169956816,0.050247139687152456,-0.06845675067537807,-0.02640605882356494,0.08204819180078302,-0.06901302411683508,0.0007195466443899583,0.07717259545147434,-0.005912255346820161,0.006148781953314983,0.09526808516326454,0.16958291361734712,0.052637927935167424,0.09290625553371781,-0.04065644727898572,-0.0007193453612842432,0.0032101451888971234,-0.06469254945873923,0.042806869411383994,0.05176846498328521,0.02192685041029694,0.03747526142630238,0.07812897939347498,0.08093485158486184,0.032363097505816084,0.022443851273196456
-0.031202942393160665,-0.005697588469083843,0.00683580571815048,-0.02133371302570098,-0.030134516382831704,0.013479198438848188,-0.01698323992611257,-0.059354371570748,0.04685773271567386,0.06505727340918888,-0.021148908361751415,0.02713234019469581,-0.07319892809124688,-0.07114512702332242,0.05839343815471215,-0.05177100139080488,-0.06054477149192399,0.04080029525387859,0.007971946088816989,-0.06825546973953105,0.0814968823299272,0.11981860198981457,0.028410500492469275,0.0558409215440996,-0.0692335952844901,-0.012319075978824022,0.07416689523143495,-0.0693228275965509,-0.0009556501377232869,0.07807810076929357,-0.004096683713143465,0.004762228671247623,0.09236338280818272,0.17212335754503466,0.04868899037968287,0.08788404574068086,-0.0421728595502729,0.002152248022876249,0.0005409890343725715,-0.06023563811848245,0.045564087074025296,0.048479408209341435,0.028098622010180263,0.03824617790450024,0.08976369844848194,0.08088757854216254,0.03536274343898123,0.022977592667690085
-0.034987756018348574,-0.007869219259442862,0.009951095779944245,-0.019281096768951685,-0.02847884527701565,0.012994054131328562,-0.014554474004903504,-0.0651067725103163,0.04449957986296107,0.07005101205882257,-0.028158115820742142,0.026291347486240246,-0.07494026395643118,-0.07312916988852673,0.057223756053749644,-0.04903193663244931,-0.06021386045218674,0.04550608924207107,0.005472014471723507,-0.06380028296533961,0.08014599432082306,0.11799212109679365,0.02189657749288282,0.052278198531086936,-0.07613757247523312,-0.005059418846970377,0.07161237528401096,-0.06702606741563541,0.0039849198834602554,0.07652437629893247,-0.0023702228202412425,0.00026255451505954674,0.0901511533781024,0.17430051831221507,0.044802034886299295,0.08517500660299375,-0.045278478698575486,0.002428184630818305,0.0020993187369383807,-0.05339215696574585,0.03990586935583191,0.050090379209764425,0.033236540310523116,0.034075112572188974,0.07257372662592582,0.07768107127320116,0.029549857392355508,0.022264456303739126
-0.04239046281317588,-0.008190335602785872,0.012999490618792277,-0.023886135205957528,-0.028279656202277424,0.017157877425919534,-0.014580508643353604,-0.06713457559352116,0.04457519641082621,0.05833995934450696,-0.01238174565338587,0.028528497401261586,-0.0694852316709776,-0.0689528946559382,0.05812554479548724,-0.043695775804872786,-0.060650775838347,0.0410361696237919,0.005736597648855198,-0.06269937935098194,0.0894921013547791,0.11964126401860292,0.022054179195853525,0.05064889955122099,-0.07098396704576565,-0.00546240698358032,0.07521689851676676,-0.06985094585845598,0.0011144669890805548,0.06768052998048109,-0.008254564370031412,0.0019432450676098417,0.09363820305143113,0.16743862807744264,0.0489109031302329,0.08621274285069858,-0.041224536046952705,0.002184007422561818,0.009664342492832139,-0.06003154725717917,0.04433275209239608,0.05471047251271633,0.023944025049356363,0.03583017488012098,0.08427699624632644,0.08891495072553197,0.028417938314391416,0.027051270923892385
-0.04048359784145401,-0.007911791596375914,0.010857040918331177,-0.02563216619261305,-0.024842715792688624,0.014617981041861272,-0.012142271448391365,-0.07085121381025677,0.042149199085971194,0.06640067329774764,-0.014057860501994956,0.018875321578595047,-0.07090947206881172,-0.06130537416654539,0.05555199720485223,-0.044951777686610996,-0.05895528200959657,0.03892329339448533,0.010942146124351473,-0.07159302692928309,0.08997411431330904,0.11973609829607787,0.02699744365574628,0.04847887592998351,-0.07081421894091779,-0.012109422489669883,0.07142961772441146,-0.06429281526681917,0.00381298343068009,0.07884942683584324,-0.013295105039593464,0.005642881692727054,0.09146309036114747,0.17148427698301563,0.046941946994147964,0.09225432468730582,-0.03926627149468792,-0.0008135519509062861,0.005045724862621515,-0.0599229385910882,0.041240935014980176,0.04736135004397209,0.02871876474657363,0.03529628057245811,0.0725818265674923,0.07926078750536783,0.03395499926089742,0.02288709337661124
-0.04232011654610492,-0.00965268562033397,0.010685501205204024,-0.02530283432801669,-0.026611574400858633,0.01242166388863773,-0.008222859060652819,-0.06473724777081699,0.043649437648331284,0.06904734150810643,-0.010550394916654843,0.02322297458584845,-0.0709960372283783,-0.0727208588360537,0.054345525833566194,-0.047435840114555664,-0.0563271710386786,0.04834321386049209,0.00987807652256712,-0.0693391201207031,0.08762796712416393,0.11998249013803651,0.03340794178153854,0.05236928675531369,-0.07270148846054698,-0.016540014223448203,0.07080480659106712,-0.06851088574548797,-0.0008605097608208204,0.07500922071540449,-0.008452907925776592,0.0033726245800450856,0.09473914719188861,0.16211033402692854,0.04367405490919679,0.0895456411139566,-0.04679376518831769,0.0011874648833465925,0.0038009174586303832,-0.06023563811848245,0.045564087074025296,0.048479408209341435,0.02697027440678557,0.03897983073842748,0.07688927529688189,0.08266432407497437,0.03546301685850877,0.0203900418343052
-0.0421268161378814,-0.0038376367051769058,0.007682799656336236,-0.015153229291608498,-0.030312654030715674,0.012637393852767763,-0.012698327517755697,-0.06109905035853731,0.045903221263839715,0.06182515382861838,-0.017641657742500594,0.026975679623597416,-0.074957211738366,-0.07540909866596447,0.0569846747058131,-0.04845491913000655,-0.060384500133091205,0.04346728972774991,0.008178041865557413,-0.06543595336844758,0.09100530579461177,0.11341522353799974,0.021641109187118767,0.050688642391741145,-0.07316907477506755,-0.01901536663121795,0.07533782070495315,-0.06488647296588318,0.0023507888023232286,0.07450044590741953,-0.007055129040936978,0.0002194306814335814,0.09459642687354557,0.16734426249146267,0.05449428890850724,0.08586780874927136,-0.04053135488612292,-0.002125995526954692,0.0025888958167878994,-0.06385933970706584,0.045562154542689935,0.04846428155216444,0.022818214948782424,0.03723882928764318,0.08246907636201757,0.0860992943541196,0.030871784627069538,0.018029264010459185
-0.029432044863953986,-0.005895705913348734,0.008003618888178717,-0.018778442437036164,-0.0319894847754911,0.009796399936894016,-0.009020527598759084,-0.07119234279609489,0.04801842420058974,0.0664098749005527,-0.01587576751396876,0.0293106989729915,-0.07515374813874408,-0.06907050054037493,0.06007060180029062,-0.04296965277159457,-0.05651006098625814,0.04691969999307001,0.009532473291490163,-0.06248381112714478,0.08939772390365769,0.1270287301851245,0.027199375245560466,0.057196707343338246,-0.06353251902042674,-0.01696882017630971,0.0705670613467618,-0.06729699462557234,0.003952900906543244,0.07754766121695296,-0.011432045087215719,0.00496893674295462,0.09654803238482079,0.1704078296496685,0.05064409385778369,0.08798876097783499,-0.04547212109722533,0.0038519935163422395,0.003777823646513265,-0.06312451133321059,0.0442660256295037,0.05266304704973438,0.024847338087437953,0.037458696859698395,0.07946294633028464,0.07734156122566348,0.030569708318918434,0.028554479840207647
-0.03860346656096031,-0.006013989516204223,0.00991323028492539,-0.01846089803115648,-0.03032793201509706,0.007185876644688878,-0.009883751170763516,-0.07064024609592275,0.040948650529881565,0.07196568878059804,-0.019348114788269134,0.025049091748304806,-0.07167105404031505,-0.06509838300189505,0.0624132163058233,-0.04818694884545453,-0.0542106428243294,0.051646763810727477,0.007545562498883635,-0.06378611914236634,0.09672606438310907,0.12266896656356717,0.027087033988750907,0.05170832492764962,-0.06901322401548071,-0.016700714952616713,0.07047907322646732,-0.06371027349018411,0.005521206206846943,0.07691918251475505,-0.006065977569621139,0.006064262695625778,0.09623337704772109,0.16535745746343575,0.050928128694784566,0.08863414183003125,-0.04059724032849546,-0.004847036563723984,0.006553512862539721,-0.06144655941552882,0.04428337343413572,0.0531796903458008,0.029644040426659246,0.031292823643822576,0.07352817722935545,0.07596711375665613,0.029546684505195184,0.02364538838619828
-0.031142392746183214,-0.003764388957699958,0.00580329349422812,-0.021658342154842667,-0.03008087489288573,0.01588329664303217,-0.012951629912492475,-0.06624306561088299,0.03492269549091047,0.07138057663230939,-0.012335281637254156,0.029256916545004136,-0.06888192309498278,-0.06998084811331594,0.05196192516184995,-0.0478247852631766,-0.054885671612366245,0.043178799609950906,0.01111975353997012,-0.06639973582186687,0.08712916425199681,0.11604847913094926,0.02510393401882015,0.04953836304022682,-0.0693748395079195,-0.019127501483812842,0.07384833064075594,-0.05606361681220668,0.005187311156007596,0.07965686227806143,-0.00950594558869716,0.005181224391004955,0.092815487417979,0.16636261015608703,0.052615228171786425,0.08193873309634282,-0.040776090507084896,0.0034305722906695364,0.0009039618983836509,-0.06134086251220195,0.042842376621875955,0.05280571493532188,0.02158879887018433,0.03480118591354979,0.0783132062344972,0.07924486502633728,0.030860406731083898,0.023559251310652052
-0.03683229772145968,-0.00621194559746171,0.011081233606499012,-0.026881412617471914,-0.02491589846040782,0.008885008082506453,-0.014983360629216182,-0.06632471014146692,0.03474563386352351,0.06519353954445938,-0.017625173026983385,0.026455031419594432,-0.07314747924578387,-0.06430167326136832,0.05911472957125478,-0.04736167107372529,-0.05691770319517604,0.04089444684237242,0.009028633113928118,-0.06361851856340354,0.08227895159461905,0.1208828421400877,0.031754081780553375,0.05503902167953164,-0.07429530339386921,-0.0073705880900936695,0.07078494567264425,-0.06839293826587259,0.0040708787481598865,0.07536155848059435,-0.0039053737868527116,0.0033324872321359444,0.09126138293070618,0.16967572651359467,0.05076717894412644,0.09263247425512794,-0.045278478698575486,0.002428184630818305,0.0020993187369383807,-0.06097271259744994,0.04136932293261414,0.051417996697035034,0.0272033019833556,0.03780841546874398,0.07435604020581062,0.0845995967351312,0.02965636547708943,0.015529200327444573
-0.03697740687568087,-0.0032914417518645116,0.015688664770645573,-0.02149603791322789,-0.030107697531487697,0.01468130792094652,-0.013444478267298127,-0.06852564848909566,0.03775776150513431,0.0666240803243802,-0.01586734697292281,0.027930054371534847,-0.06710465536247373,-0.0634202788250624,0.053618562912225665,-0.05005759106798984,-0.05479383807757213,0.04389268677036924,0.007745480985344159,-0.06827980546033979,0.08372008490159803,0.11665817473829299,0.028194961932471712,0.05648624689955375,-0.06329419318394856,-0.01008813423418771,0.06975454493522225,-0.07330666574144101,0.004232515944786014,0.07494236347503865,-0.00975480083416459,0.008124821412349973,0.09405315200488754,0.16924782389850496,0.045084817520868924,0.08583738357618238,-0.039453213238862986,0.0006116113791212888,0.006704776320537477,-0.06312451133321059,0.0442660256295037,0.05266304704973438,0.024322008651810688,0.03218315387888748,0.07878366958205886,0.08252184357460648,0.03217452211223519,0.023472216539274313
-0.03329044704579014,-0.006607550745079159,0.01341831743747867,-0.02991329160566671,-0.022980974435626852,0.016162531092078852,-0.012231425777635991,-0.060844239083276436,0.0431458435095138,0.06756734513674331,-0.021164428777262295,0.03212900057884421,-0.06738833228533064,-0.06849457845317229,0.05550213649493867,-0.05119418697935916,-0.060715497609717305,0.03876066419209427,0.00806425699841398,-0.06544856700415667,0.09211635531329661,0.11778309637533949,0.02667238807380265,0.055275243042906846,-0.06559413050795901,-0.014746696797703011,0.07373860939047887,-0.06375070079091803,0.003876985802391996,0.07680288515214254,-0.008805021071346043,0.004717518974400944,0.09680549144666023,0.17123350571174908,0.04864990990357387,0.08306763579984756,-0.0402793965234657,-0.003568945399307269,-0.00011571331174011855,-0.0581497201829417,0.041469644366821365,0.054485805091649325,0.024847338087437953,0.037458696859698395,0.07946294633028464,0.0794032199669984,0.024960847767153727,0.02129306515951448
-0.03321297476951906,-0.002898379520533064,0.012474591229019333,-0.01705080246804131,-0.030280094612205245,0.011715749237607999,-0.007955974906821074,-0.06258479671181309,0.04219327214252494,0.06235135271696397,-0.012340969045201516,0.02388250727825045,-0.06708703427811172,-0.06113442586610623,0.053861690083607534,-0.04753639619638106,-0.054970891836262595,0.042158305185056304,0.007162481584076316,-0.06490371167501797,0.08849798968039364,0.11800757306100577,0.026801595010821973,0.05139370871776732,-0.06584952506800343,-0.01712483016969646,0.07594322570313046,-0.06469597192045914,-0.0009056397191864547,0.07324522865749045,-0.010151517881457855,0.008758745219184924,0.08813068969573717,0.16976867737691068,0.04889655250595284,0.09235894294851164,-0.045081220733775074,-0.00036526076260645196,0.0018704317409171524,-0.05804776488546279,0.040029509460262166,0.054115771913793465,0.02562475442293509,0.03338228798148147,0.08145627381996219,0.08549688225395648,0.036105306499825386,0.028738452440778398
-0.04063249588064144,-0.0015889763727195212,0.016788199980901575,-0.017384167152613202,-0.02851157897901717,0.013916847700973149,-0.01176437624805825,-0.06058934331693769,0.040387864744907596,0.0660893798160682,-0.01934969353091703,0.020575118006252714,-0.07920333810371838,-0.06745597765866189,0.06436394761284454,-0.0444372309313722,-0.05531822481509335,0.03838303881635291,0.010104645146519995,-0.06241816854044061,0.083839323999191,0.11831753312220596,0.029719389816405435,0.06351557411658965,-0.06517430413226077,-0.014535137449784824,0.06910571220076585,-0.06655173163264037,0.0005158669386757181,0.08052261150104043,-0.007667534093679929,0.010647718117640037,0.0974804542335938,0.17291884353289674,0.05059848025220238,0.09297541740520736,-0.04090633826155413,0.0020945640024707204,0.004453232609359035,-0.055984980028840864,0.04241088286146402,0.03911871222010171,0.02451678145775072,0.0366526793580171,0.07048846514718723,0.07773646111755152,0.03423911750925551,0.020653042015849398
-0.04063249588064144,-0.0015889763727195212,0.016788199980901575,-0.02150959654878781,-0.026677415933712284,0.014269863511707878,-0.017563230148152375,-0.06975369941062469,0.049985278851336475,0.06813210993367641,-0.01762501303348091,0.028695857075861645,-0.07920333810371838,-0.06745597765866189,0.06436394761284454,-0.04919282204706859,-0.055049572782382636,0.04083081838045482,0.012021155793201895,-0.06694439205134131,0.09074725701692478,0.1189873359823461,0.026566565097792233,0.06141669429839528,-0.06517430413226077,-0.014535137449784824,0.06910571220076585,-0.06625299977519525,0.0024368015624928693,0.07333711785391402,-0.008299893256410298,0.003457031825390778,0.09377373473885782,0.16970059928475967,0.050574668631423965,0.08201021655118973,-0.03811297984099776,0.0032795387791333883,0.0066341509547377525,-0.056410710199238046,0.04103436800556445,0.04078011875018092,0.025640494311641084,0.03524481085959957,0.07229816871218861,0.07738115928402013,0.03216404990395913,0.027616039945564334
-0.03490384749802019,0.0010139906630767558,0.010381777140926685,-0.021002107053968346,-0.03190330164992632,0.01128075815338412,-0.012726423226898593,-0.06312633096087931,0.045978602507473376,0.07170432318644909,-0.015781999435453484,0.01635689941834592,-0.06374431769650642,-0.05968597575973385,0.05715035034792994,-0.03924670246797335,-0.0513623515175391,0.04283205712523402,0.009933980563564164,-0.06760988330378347,0.08668053299981023,0.12035053151493519,0.030082303503399695,0.05543948394423078,-0.06774601750208999,-0.017070371599330617,0.07668596676776028,-0.06134056671222064,0.0022744612370234688,0.07375636407114311,-0.006792533737486564,0.0019016927363038859,0.09280082180080883,0.16768956322255654,0.04720293965313723,0.09539909967031301,-0.04071784307801663,0.0006695226460661082,0.002789304185617702,-0.06170335621594621,0.042664183525649435,0.04721506489840274,0.024016288267679684,0.03459263722857687,0.08279553217897251,0.07612520140339515,0.03592645733603148,0.019891121635430505
-0.042525246543091456,-0.008665746944744467,0.01631319821532957,-0.017786527573235716,-0.0355815585887229,0.0029885624922750126,-0.017900861658018057,-0.06285583060628373,0.03993608840950201,0.06558299452205413,-0.015850323561483012,0.024045957386490138,-0.0694852316709776,-0.0689528946559382,0.05812554479548724,-0.046168730482902404,-0.05480706534614021,0.04450559295330938,0.010664162296103083,-0.06644986101046842,0.09157432558653289,0.11605440586261365,0.026477136366675796,0.05818697101044161,-0.07095753828456818,-0.018914610958130986,0.07111778103922224,-0.06476595829215462,0.007283742988973463,0.07485052829521716,-0.009458465114043949,0.0036672702333483908,0.09267978824904172,0.17078165855124333,0.04316127625592591,0.08689257823525307,-0.04053135488612292,-0.002125995526954692,0.0025888958167878994,-0.056699159124972726,0.03723274372946749,0.055927385521453744,0.024431434574459898,0.03602572450973632,0.08112909983418587,0.08099808731350197,0.03245905113218492,0.021238576901977176
-0.04070854339446983,-0.008703905991676107,0.016382259461890033,-0.02339988902114093,-0.028359885229371364,0.013552404700742685,-0.014269164101642917,-0.06092293926961527,0.04297082554270075,0.06852158843475352,-0.015850504447595833,0.02629032615663892,-0.07097880054120205,-0.0704380262799428,0.05458624712526568,-0.04112485833778097,-0.055160889170353146,0.04103706705891079,0.010832827244917149,-0.06815602751839071,0.09029972399170244,0.12282814820389606,0.028540124572500783,0.05778068088204956,-0.06353251902042674,-0.01696882017630971,0.0705670613467618,-0.06457523410039548,0.0040270397557054085,0.07359331655338193,-0.011177966869571062,0.0020261510747035688,0.09531219642382872,0.17102123647140402,0.05258413748498247,0.09423985051128649,-0.043243448213899215,-0.003324872148271628,-0.0006803356042665823,-0.060086072806207425,0.041483679784096526,0.05497975935973304,0.02960634352775672,0.03506156023678163,0.07692345263963256,0.08271171341633808,0.0324623817647522,0.019856191109278408
-0.04055468010203294,-0.006450108892538849,0.013167756602727836,-0.02751351704099519,-0.029956301545195865,0.014319072822358097,-0.007989523954841126,-0.06460992534270088,0.04227064713028678,0.06138629388629685,-0.01584105416213854,0.01929765357928562,-0.06888192309498278,-0.06998084811331594,0.05196192516184995,-0.046168730482902404,-0.05480706534614021,0.04450559295330938,0.009359503333168645,-0.06078003541972961,0.09067492250679354,0.12111313917259738,0.03325519927527207,0.0598095475815473,-0.07100522292285061,-0.021182253306906276,0.07101457111413623,-0.06507723992483998,0.005607198298106093,0.07575711894223244,-0.004098209357977097,-0.0013777757684026704,0.0927853854594984,0.16821016206082728,0.054723405197689985,0.10129861459484213,-0.039262228732841,0.0005576243732730311,0.003578288568694604,-0.05721895107050528,0.03564507708134261,0.05098145953850099,0.029022758810603042,0.03356646309172792,0.07964061992060369,0.08612321727173987,0.029371278866253785,0.017763359173859523
-0.036634550770967576,-0.003800630833656343,0.0067451875781274285,-0.01704266769526686,-0.03199499610137362,0.011919730405275419,-0.00935688455662085,-0.0633486821067821,0.05046428335319067,0.06834637063189883,-0.017616626351130985,0.02731462776249515,-0.07313025328589245,-0.06202025762959285,0.059355733025993375,-0.0400804252339425,-0.05736181915020293,0.0367213281124507,0.014016536649928867,-0.06563928550896654,0.08341156983534533,0.1188442747761893,0.030018874013101958,0.054466744595825706,-0.058030199614681775,-0.010448891740150864,0.07217917367607173,-0.06334714103627895,0.00859477989516731,0.082407216406603,-0.010458890850658792,0.00858928284964488,0.09006209208885173,0.16300296635520808,0.05113579554417702,0.09310303993185788,-0.04318213986693359,-0.0019735698637663363,-0.0031766550284068173,-0.05723806331787369,0.04542071827510688,0.0439181091767602,0.025695060659726675,0.03214582124975794,0.07997526876113223,0.08407724968463708,0.025796595968392053,0.025848459128773954
-0.034761838480573036,-0.007077563668334012,0.004416943337959422,-0.018956193297906817,-0.028532304672239973,0.010589341110424914,-0.015864947937149,-0.0627761628564191,0.04011212755094476,0.06290578710812693,-0.01941614072466605,0.030508221143133823,-0.06895375688661574,-0.06337858302542582,0.05387251762521267,-0.04115923817760586,-0.057611425037696166,0.033351388406130826,0.010727974336639861,-0.061267178730251025,0.08984465354132297,0.12428064958878607,0.033461419063754425,0.05917858166346076,-0.06329419318394856,-0.01008813423418771,0.06975454493522225,-0.06648414581585564,0.0040489769740910606,0.07447756174393784,-0.004174136556317978,0.001649760105917123,0.0930565685970494,0.16741258330274408,0.05281462782479118,0.09621324803363497,-0.043886626816050815,0.005077123674918335,0.0010176289761280348,-0.05535955906576316,0.04420698237449193,0.050670299060387045,0.02657547702299632,0.031235856182669313,0.07324479901868651,0.07570711454111792,0.03375454858960079,0.028058292270778093
-0.03316783059720451,-0.002739943527249984,0.011367302966347591,-0.02258258424330156,-0.030209167069628336,0.007747588144691539,-0.014437065095836248,-0.0700965016681251,0.055850835263618046,0.06734478526474219,-0.019357778675579616,0.023075905501635106,-0.0690429221173541,-0.059061475616424886,0.055541995051560766,-0.05410754818155816,-0.05909820865135793,0.03532145813917266,0.00745456939688651,-0.06659129757463399,0.0861088549652595,0.11680816549033209,0.028280756300136847,0.05389973361056784,-0.0672213925795545,-0.016807513073687903,0.07089491802916204,-0.06335812566310485,0.008842264354010854,0.07612891396726144,-0.008327845161912227,0.009598080536093775,0.09335343367926112,0.16677287601871216,0.05106713616055815,0.10058121100792199,-0.044073098043167835,0.0010185635862755072,0.008505656783750997,-0.06012595285187151,0.03532893910971335,0.04129205769718709,0.024990514728018547,0.03498394570109537,0.07649814458730975,0.07462358612985028,0.034710751876260396,0.017388979057283822
-0.040689554094675916,-0.0069255639356665755,0.016483113159996694,-0.018948597533387627,-0.030247526673071994,0.010793999764177782,-0.006727435966333674,-0.06895823037912807,0.04673912377178403,0.06314064184853269,-0.010608737156026754,0.029499403694816885,-0.07304077180630963,-0.06633172464159384,0.057690078448776425,-0.047475377539426794,-0.058779149069080355,0.040651453933025467,0.008458065837382178,-0.06368309089466634,0.08783742500332047,0.12139858060278144,0.028518342304025033,0.055517470075618455,-0.07023351826719705,-0.014061092908385885,0.06437386763024444,-0.06733656388953219,0.0023091044728939096,0.07743033157070806,-0.008846509242028875,0.004005121384474964,0.08881716353811735,0.16362023031577164,0.053076053340443276,0.09934339678772611,-0.039262228732841,0.0005576243732730311,0.003578288568694604,-0.05776324470920317,0.043834247972294946,0.03897017604686232,0.03212306018528896,0.035477502513880335,0.07076425319342469,0.08075301637723381,0.027482689633556705,0.026466667400518198
-0.0368394923785575,-0.011383800854366138,0.009705921368576776,-0.01812779995682467,-0.0320969953794745,0.00498464736678162,-0.012754542971306924,-0.06515334554997322,0.04605438963980029,0.06748087687238152,-0.015833485001297807,0.022405524325645906,-0.07357043228202252,-0.07189676064823401,0.061945149039327296,-0.04713426277639874,-0.0531943710613017,0.04138142641370994,0.01179329776544192,-0.06696933637179334,0.09296946373987527,0.11937543562666206,0.031692079882086506,0.05406395837503963,-0.07012874090711763,-0.014008198550331667,0.06321494462950751,-0.06956723699684263,0.0009009985104463153,0.07293907683441422,-0.009258355449240549,0.0022378022966844926,0.091578802709944,0.16588348133667438,0.04731805494787599,0.09638991994841485,-0.041793101404010886,-0.0034377142440613433,0.00012297328261278202,-0.05782533535767097,0.04263551107045591,0.04622310867584356,0.024412641629910414,0.033485708700027185,0.0792152382496232,0.08254559983561158,0.03067482613306111,0.02320601434033024
-0.036752280028657824,-0.002498701196287162,0.01015636313913501,-0.02563776602972072,-0.02312702156411237,0.014410994153775374,-0.01700636670484407,-0.06138389336714897,0.046931294178829276,0.0666240803243802,-0.01586734697292281,0.027930054371534847,-0.0678153447604708,-0.060363364353307414,0.061208458551289986,-0.04368356155395997,-0.0574351082447685,0.035082251174502276,0.009020102902914799,-0.06426500596449491,0.09478807841328038,0.12447204639989473,0.027326561126193805,0.04749650046402924,-0.06484420263081188,-0.01887316368989151,0.06424539504368257,-0.06546843287382051,0.0006430411862350464,0.07643073863261184,-0.0040209875605397806,0.0017340689624611393,0.09209096505184111,0.16851002169539656,0.05263032600619484,0.08925124733788192,-0.04375859271329945,0.003670207636501783,0.00038682985597220327,-0.054539770297546246,0.039823284813694126,0.0475411123041891,0.026019414693364894,0.03227631188867016,0.07787592255436715,0.07581728522302697,0.030853548172779653,0.026320900442099757
-0.042421319106477146,-0.0031685540271086223,0.015526367348568283,-0.019709328625264703,-0.030402496597083665,0.0014514618171675387,-0.012726423226898593,-0.06312633096087931,0.045978602507473376,0.0719578929133127,-0.017531451429304307,0.01461176767456689,-0.06984022846654282,-0.0674236119238293,0.06191866034257911,-0.037056620496459684,-0.05711839837674789,0.040398335916819746,0.011958742239359499,-0.06867747031543786,0.09169592949541529,0.12239002608216303,0.03181605365094503,0.056013727835128195,-0.06960474972524079,-0.013743538540633133,0.0574188287041757,-0.06676719406109159,0.004263208645617774,0.06921972663285511,-0.0076670451120623324,0.008422459077913181,0.08935441623343898,0.17059446816631904,0.046902439951120076,0.08744016966259682,-0.041793101404010886,-0.0034377142440613433,0.00012297328261278202,-0.05506395490452335,0.03823621401958852,0.042595687458385025,0.024322008651810688,0.03218315387888748,0.07878366958205886,0.07950574316399676,0.026650404660493968,0.019146887071341396
-0.038540312090852916,-0.004077226452018024,0.008902259661432552,-0.019598574493592667,-0.030140266528760392,0.015603139949985488,-0.014476514301145816,-0.059021767181213235,0.044275165551525185,0.06802676163741182,-0.02109049775769334,0.01857267273049236,-0.0730750709145723,-0.07089445484569593,0.05720931691985924,-0.04787773772008541,-0.060555133677025814,0.04142833118318424,0.008273456554210393,-0.05853736648034634,0.08833752386597858,0.12194404230327355,0.033725230514803244,0.045586341475453256,-0.06272526766438836,-0.007542555442624399,0.06408027876674008,-0.06781166234580975,0.00577916375724349,0.07343240669742178,-0.0037100176690820002,0.008044775890162616,0.08974010220553226,0.17467337254119303,0.041030310402495496,0.08345824897107669,-0.042922718054734604,-0.006154114791327314,-0.002981651592948094,-0.05746113837619299,0.04116276760122293,0.04483859843263357,0.02426893996892222,0.03596054165768995,0.0821784845122667,0.08272757997341582,0.035559229114278584,0.019184541048593476
-0.03683229772145968,-0.00621194559746171,0.011081233606499012,-0.024060151391260522,-0.024822635407289705,0.01794626639810802,-0.010691456231092964,-0.06304658687668654,0.046154130182279776,0.06458032939175382,-0.01759162129966252,0.019808560690048813,-0.0656287770914425,-0.06421844441028955,0.05691695003669078,-0.04610670305856402,-0.058614253614428576,0.04300234208890643,0.010213119131996259,-0.05960207891944111,0.09445540554429609,0.11891945269827219,0.030061738727510133,0.05317346548825216,-0.06306789574102305,-0.014481659413958707,0.06604793883036382,-0.06836614798295428,0.005961665500185232,0.06919820354342046,-0.006835273021741123,0.00341558317947856,0.09293654051242294,0.16768774959604785,0.05091315213764228,0.09478138791536327,-0.04040616455887438,-0.0035324426818204497,0.0019678426700931594,-0.052702927827279936,0.039598595093577264,0.04044146785912774,0.02741142243591254,0.0340995793213274,0.06990712573671246,0.0842829531725523,0.029177656237753282,0.021557795611586304
-0.03348744680703626,-0.009015093337831138,0.017762331542430527,-0.016913010039841466,-0.02516104681930852,0.00990363882058447,-0.011128076350326019,-0.06127501728352043,0.048834912453388106,0.06895004438167333,-0.015833514713300148,0.023527646797147594,-0.06959200029423755,-0.06692095559074025,0.059551090013728915,-0.04048106143537066,-0.05913684434867548,0.037506757630771215,0.010494861673121358,-0.0647440977551414,0.09284942018195604,0.12697593228490753,0.03068036906350923,0.04897608440409145,-0.0664866254198614,-0.016438984123391277,0.06278324721451223,-0.06590221882778285,0.005757475300429447,0.0725475117929243,-0.002747199763283684,0.003122063808599445,0.09235479144092903,0.1670745857752676,0.04526174988616024,0.0891548512319096,-0.043627436390299,-0.00047712906146818565,0.002664519273092099,-0.056410710199238046,0.04103436800556445,0.04078011875018092,0.025456963458897013,0.032640172351664165,0.07143389794525158,0.08092736038319139,0.02467642560750161,0.023527189147779196
-0.04046474611517424,-0.006133053957220014,0.010956913481069978,-0.022589065794870647,-0.02849352452936864,0.0075408682918610154,-0.017449777944169312,-0.059609196674124364,0.04961428246687651,0.06924257997332249,-0.019340660563440772,0.021429868984404184,-0.0635840276829555,-0.07061862494245606,0.053562534184663974,-0.04258683321165048,-0.06665781482679822,0.03523229993134492,0.008229893352298892,-0.06370888112762833,0.09006015231835998,0.11560570434263939,0.029763626895698853,0.05639908375820116,-0.0649931682081088,-0.005435286124680252,0.06955878560878019,-0.06309780954896878,0.009122414368655794,0.06882343258986197,-0.008327845161912227,0.009598080536093775,0.09335343367926112,0.169241676340174,0.05250752206899346,0.08460728614058952,-0.04084502957939823,0.0007054902471743765,0.004873794742257848,-0.06019096129148822,0.035786104771230474,0.05551788943771969,0.02618162885593875,0.03234155667138815,0.07682612063993367,0.07926078750536783,0.03395499926089742,0.02288709337661124
-0.036759533887352876,-0.007672179983425913,0.008778600318339052,-0.02120626813637343,-0.021583679308748875,0.011251683344716608,-0.015435358288781282,-0.06155987321465589,0.04986301747004902,0.07260870057525108,-0.019322806367885557,0.020901271691599405,-0.06722897366001952,-0.06367236575752967,0.05480291446387341,-0.04226763391905522,-0.051602717964285005,0.039166131352312464,0.010658434335982146,-0.07334567734143907,0.09314418711136468,0.11703301870783633,0.028409600209891875,0.050018858972021775,-0.06321720467131682,-0.016810787856065865,0.06709122791269831,-0.06380235768259333,0.0024785332359194483,0.0704061998941666,-0.00590366582770935,-0.0022186146334887617,0.08756629580699311,0.16780233708582037,0.05256136073438894,0.08327312003829522,-0.039273053203107124,-0.0035542691283545983,0.007977994657647125,-0.0663160044774114,0.03398800432454093,0.04439481702640755,0.03163897055929395,0.029660885179451892,0.07967975095473159,0.0810061388335417,0.02786497394819159,0.021646289378037864
-0.03684234156252507,-0.0028158483624583126,0.012369647041826406,-0.014836462830200762,-0.028651222726779398,0.010029671935812652,-0.008623797594805272,-0.060941573651531473,0.04625274573082948,0.06605031643944034,-0.01759160956109875,0.0209290392162286,-0.05958274245414205,-0.06333456966397233,0.05141232839693535,-0.0445500866440644,-0.05717945344161549,0.03814306969622446,0.00801318730111683,-0.0671746986715326,0.09306151874697692,0.12110895012663726,0.031882548043853265,0.0511593379085827,-0.06139951936500866,-0.010136929211199849,0.06901919493708156,-0.06758016693334097,0.00416701499169366,0.0722910096351552,-0.008307689793431794,0.012002096723198859,0.08467008267636719,0.16609071100195147,0.04709308461651234,0.08461076820332931,-0.04375754250763075,0.002299243664667672,0.0018415802068727392,-0.057726050511368136,0.042845674351403636,0.05282785223246395,0.025335601093796786,0.03765413383159814,0.07631391513607078,0.08293365160223602,0.02665429065842976,0.016381798709379666
-0.03869352294908162,-0.006330949315004073,0.01212502242631526,-0.021192158858407997,-0.025015193216677452,0.011660664001145538,-0.019469031085309788,-0.057656225997497965,0.049367076289694216,0.06510594836375976,-0.012290016256007567,0.016724021861669106,-0.0653975974769068,-0.06600075303038393,0.05430511999914002,-0.043972444227531035,-0.0573498915112933,0.03610256377263745,0.009876506185630244,-0.06589257229976105,0.086844805699164,0.11853847366959504,0.02847457442211406,0.05098959938683793,-0.0619328726988918,-0.0216809213854164,0.0719068726120826,-0.0676469007329187,0.0006336019088420434,0.0783362780640698,-0.00889297571024022,0.005519382546538706,0.08895298497638894,0.1693346135417307,0.05063618231326174,0.08433343003836787,-0.04059479602772689,-0.002107836547605894,0.0036307331510452073,-0.06290893293008763,0.041383291880648626,0.051911612815845186,0.02608916797596359,0.031040016691133283,0.07639487333462687,0.07913439665642968,0.03376289224903037,0.02529708023749987
-0.036804652595924,-0.007830541688593774,0.009884835213507621,-0.017221587356390684,-0.028538312435879155,0.012714557146193087,-0.01832345898240495,-0.05904964912372755,0.04254701873743521,0.07145087582212499,-0.01403250973663052,0.01810144652870899,-0.0653975974769068,-0.06600075303038393,0.05430511999914002,-0.040146478914197765,-0.053555821630282,0.038211511119714235,0.007583444993637811,-0.07001681402170236,0.08577739554750363,0.1153026133835655,0.02821583916185778,0.05292860392045877,-0.06676863125957483,-0.009830487785184935,0.06774995157043141,-0.06281545819955793,0.008906930636810298,0.07408125975586068,-0.006264209784395536,0.005267629798487011,0.08921000254544381,0.1696785943487486,0.04705695878076108,0.09324670617667159,-0.041919855170770175,-0.0006613799914540342,-0.0007103133001084419,-0.05631271428692951,0.04289537887728928,0.054359781987990394,0.025765085763790926,0.03090945524098223,0.0784944935084173,0.08285405464369805,0.03575168968393488,0.01677318788934746
-0.03486399160630271,-0.00399978822887382,0.007908022826043725,-0.01054304519908113,-0.03051177458537025,0.00846633768903952,-0.017052692368103365,-0.06544213892020669,0.0470796347712199,0.06665380201696784,-0.01580782830513764,0.01713791530038703,-0.06785039679962816,-0.06493184314994663,0.06072304017225315,-0.04609383620935953,-0.055396969942107445,0.037055236697166455,0.009933104667165307,-0.06416227389999273,0.08589790830360274,0.12011870530725198,0.02858256527306023,0.050666041767627075,-0.06529351859244302,-0.010092831421992235,0.07164741739077017,-0.06862457581235241,0.005682733831759507,0.07650302236880367,-0.0076670451120623324,0.008422459077913181,0.08935441623343898,0.1650834823817072,0.04911860997502184,0.09068603060148653,-0.04008916333902225,-0.0036237200040972694,-0.003241667121735937,-0.0566360917548854,0.03842888582254913,0.04867874354840994,0.026066049476439986,0.028502377107501305,0.0744835913044289,0.08745599168458376,0.028798920915589082,0.023613520685046647
-0.03837826261948522,-0.005221292846220036,0.004381630972608888,-0.01656268781484169,-0.030360505551092844,0.008107642845115365,-0.010630586157159515,-0.05899377945086774,0.046002446673745714,0.06421094631308112,-0.010565709987986905,0.02260098806472066,-0.0654866684064103,-0.061679958363070345,0.05597627786870521,-0.04077020165037938,-0.05905164197514638,0.038526402212353345,0.006852041560141496,-0.0597791900645364,0.09011165256119877,0.12035053151493519,0.030082303503399695,0.05543948394423078,-0.06542952120303852,-0.016914432262971447,0.07131038440986069,-0.061934433052208034,0.0008115881752733579,0.0694071203346397,-0.004334493373108933,-0.0006622959407893555,0.0858968023879391,0.17438930834875163,0.04664166537063772,0.08429015125895893,-0.042925141083519275,-0.004785345369113175,-0.004435728167579421,-0.05903629377917986,0.04135532979202239,0.05092415869387019,0.025580853059841906,0.02830632088834388,0.07763345703303776,0.07903155055861483,0.03207182961735993,0.027440061045252262
-0.034847264931642696,-0.002222988011111348,0.00799376664409307,-0.018445476619793164,-0.03375841227134671,0.0075960314604972415,-0.017938326134568004,-0.061893280637614324,0.052443444743654394,0.06182515382861838,-0.017641657742500594,0.026975679623597416,-0.06502429561436582,-0.06524475713322557,0.050751273799899056,-0.03939078262351917,-0.055671715685001455,0.03491509920140982,0.009990195225361145,-0.06243130811479376,0.08495119313678182,0.11583109358464688,0.029891924948280794,0.052520194452329194,-0.0650094059978285,-0.01670383358885716,0.06667594213350055,-0.061882817229986925,0.0022106437391442584,0.07580321420647566,-0.005609160286046161,0.004091231942898414,0.0852100544998567,0.16364303955217063,0.04917212246820679,0.0893541137774606,-0.040218711192326916,-0.006326304158741131,0.0017676124548348922,-0.056075852948629795,0.03572889675261417,0.053534147266664556,0.02676137828293704,0.033838751116393666,0.07410801818527875,0.08276776721783752,0.02486855542390298,0.019734328968430154
-0.03307753145751739,-0.002423020596743613,0.009152363190916946,-0.023580597716070243,-0.023186780203236817,0.014135569384517979,-0.019297294644442433,-0.06362022780382595,0.04820724775044249,0.06160036384643913,-0.015832607272106003,0.017916276338872817,-0.07094421264974397,-0.06587196460103487,0.05506854918250123,-0.04289320764735417,-0.05710026810036039,0.03947237449179736,0.011565470837987707,-0.0669942585782207,0.0951912921494309,0.11965132989899067,0.025586197105865467,0.041109992825930544,-0.06162684928425809,-0.005741319183512441,0.07272989195887081,-0.06430414670491832,0.004059076947553995,0.07256969198826217,-0.0021674228423557164,0.0049741350341114465,0.0886283966561316,0.16707258750335982,0.04897258278839587,0.08853513045477947,-0.04514450342781837,-0.00034723250397942427,0.002912493856666354,-0.059882667348529935,0.04025411797944535,0.061208681762100384,0.02559734739472791,0.030166368599121297,0.06847038671714614,0.08080834300098093,0.03217122631119507,0.024854048427812435
-0.04038208014373565,-0.0024160868085609122,0.010051925829820375,-0.023412369640190334,-0.024928962608268688,0.01313960531933314,-0.017960508131633423,-0.06392235797555769,0.05251706416820319,0.06526188335453838,-0.019324760978361926,0.015308795052850606,-0.06921957386171954,-0.06616649245614702,0.0559989184955241,-0.04065859855642965,-0.05719147979135369,0.038761320549063547,0.008458065837382178,-0.06368309089466634,0.08783742500332047,0.11876907913269917,0.029976029613128095,0.05575987640939028,-0.06998638022145764,-0.007195178107868024,0.06353289734891311,-0.058295355774664395,0.0037788646010395778,0.07517264904590663,-0.003635566568657377,0.00501568534250227,0.08946632756106573,0.1700665908377238,0.05051316773795877,0.07968647758398686,-0.04198298379810995,-0.003383012194864787,0.003248059468683316,-0.05693595674521188,0.04109857028357291,0.042809502542236734,0.025203171193434536,0.031272574385299394,0.07205266551871,0.08276776721783752,0.02486855542390298,0.019734328968430154
-0.03477373105165114,-0.00368279254459978,0.005693455857593118,-0.011236001823638082,-0.023545151928562453,0.012478516962975715,-0.01316508146841736,-0.061353777142720334,0.04865999800788533,0.07009966313495118,-0.019306899266444418,0.01589836729223048,-0.06120076636817973,-0.06507755206653273,0.049054141309262465,-0.04930715404979525,-0.05691162527532929,0.040585134453958144,0.010832827244917149,-0.06815602751839071,0.09029972399170244,0.12585653529075097,0.03219754527612134,0.05020118275327176,-0.06642108930029997,-0.0028994463481502386,0.06576863894817984,-0.06084986653877206,0.0009390138926622663,0.06531160483424671,-0.004835503765599381,0.0067407415338612865,0.08850904456643222,0.17483866327332476,0.05213142755357983,0.08047692262795689,-0.0454816470205977,-0.010121119018584139,-0.005482035467412302,-0.05762202425774638,0.03975425473155357,0.045483207050497125,0.03006518769757976,0.032722738013780554,0.07185916466044993,0.07949758491088632,0.031243776911716883,0.018738038356673346
-0.03840527227007635,-0.003601371100139691,0.005582711392821936,-0.02133371302570098,-0.030134516382831704,0.013479198438848188,-0.01772781589948208,-0.06379508745339793,0.051139338887676994,0.06442499966179824,-0.010557050612146575,0.021220719446682718,-0.06585994974142262,-0.06243686809937747,0.05952825720055609,-0.045591727873204035,-0.054977457972761115,0.04246490060456838,0.015264157588173835,-0.07197938868928719,0.09683379588673144,0.11817168013300071,0.033176823378474635,0.05656206939182624,-0.07018605065359693,-0.011790728262295174,0.06447929790294897,-0.05876451266788006,0.007251248992574347,0.0711683014421215,-0.004995507328243871,0.004429334704655651,0.08134509943159944,0.16707258750335982,0.04897258278839587,0.08853513045477947,-0.04052938584291413,-0.0007554949840404321,0.0011258559639044392,-0.056175891233842194,0.037168532089367066,0.053901602598831415,0.030658949432811184,0.028593455109179527,0.0749084762675631,0.07817031309523705,0.02722132833609912,0.013294392051914924
-0.029598575010546187,-0.004754874162239214,0.012506481834062822,-0.02751837917608649,-0.028240890875170687,0.014109897402347684,-0.016563800528257726,-0.06315841800105715,0.0442484586964949,0.07006036568736718,-0.017548885585543253,0.016257767351338798,-0.0689362421435289,-0.06109383591884451,0.054115061608269635,-0.04054699700717208,-0.055331170812205774,0.03899657013665496,0.010266564376385158,-0.06476965144040586,0.09507139960836047,0.11853847366959504,0.02847457442211406,0.05098959938683793,-0.0665458645205073,-0.014218196671549782,0.06405283598380684,-0.06530830020182164,0.0072192834082749355,0.07689778495372909,-0.006264209784395536,0.005267629798487011,0.08921000254544381,0.1655415482857154,0.04718580990748717,0.08809488427988829,-0.03882520031713711,-0.002311407789974423,-0.0007808566923992636,-0.05548997764852499,0.03851190999193287,0.05122930901516166,0.028434359614449928,0.03139484970205003,0.07128608135839781,0.0775628416994902,0.02476833887343128,0.025084490987035028
-0.03694997133665712,-0.0049101515334473685,0.01449073143980067,-0.026273931679858028,-0.02645158276232077,0.019631260176793206,-0.015252737291789262,-0.06548866520952636,0.04863437312842021,0.06963188201188525,-0.017565928661404905,0.01902315343816528,-0.06589517616871578,-0.06700785410800368,0.05904205835159289,-0.04065859855642965,-0.05719147979135369,0.038761320549063547,0.013150283741069482,-0.0674639077040668,0.09214220453866989,0.12342874023674734,0.028885043708729585,0.04742839328417477,-0.06372911560599545,-0.005804066272751496,0.0757739482237064,-0.06390070355344386,0.008777623586940451,0.07817624188672401,-0.007731969869105239,0.005308988143713812,0.09004731889537065,0.1693346135417307,0.05063618231326174,0.08433343003836787,-0.03900743127966151,0.0004856033788304481,-0.0005915187966215811,-0.05788723359914789,0.041437563249968765,0.05347198648344677,0.03160119660134552,0.0327500979440312,0.07200058135163788,0.0789050514076729,0.03188005375999033,0.02984918575478265
-0.033245251442422616,-0.006449289966368029,0.012311542712316466,-0.02389216122743921,-0.026564515054126252,0.016951140966446544,-0.019002321881958127,-0.057401286000453064,0.04661040280051801,0.06225343195973229,-0.017625029468012886,0.024213902523020667,-0.06536221884832348,-0.06142752748164541,0.05479206715144039,-0.04209107409872536,-0.053548911628117056,0.03790709126953325,0.012580502094794496,-0.06752595899930952,0.09769655003938049,0.1153775403686934,0.02825873778333569,0.05163513704375154,-0.06354860228987276,-0.012470896448320043,0.0719550230696096,-0.0640217692255196,0.0038449814270699128,0.07782619678048516,-0.0012436920178100792,0.005481341477111483,0.08283189637065766,0.164465231280115,0.05460245492910571,0.08319638195894276,-0.042796494790233515,-0.006190928605579561,-0.005064970399043995,-0.0570616351674402,0.038704487703865476,0.05730863686194408,0.023434646951855185,0.03241649273580168,0.074442202009794,0.08609259709301498,0.02318051875193133,0.019115564216185762
-0.03664147353024992,-0.008974069145688391,0.005370286641272473,-0.02595573900901157,-0.02478954834892489,0.017021081212554204,-0.014450575803757457,-0.05699290004501607,0.04420117255843307,0.06665380201696784,-0.01580782830513764,0.01713791530038703,-0.06914959074592528,-0.057029479192143344,0.05696891910697253,-0.041525551213638434,-0.05693595924626134,0.04182101102227439,0.009479704082790008,-0.06765913017400728,0.0911253748243392,0.11800757306100577,0.026801595010821973,0.05139370871776732,-0.06487410286540068,-0.009879049575382338,0.06701520889971586,-0.061258500606644374,0.00556365153781551,0.07398684628890523,-0.004065649755855315,0.007163917780739215,0.08367901834837002,0.17285594984195102,0.04856571366280675,0.08323690202321418,-0.03938956255436639,0.0005936184476465059,0.005662696381555974,-0.05794575950627869,0.03858941155588541,0.05374597763285855,0.02538634979189058,0.03387722531235731,0.0729159982684768,0.0794581463654144,0.029648566399548437,0.019677567256955762
-0.036769752603522,-0.004276241592875776,0.01006543287616173,-0.024383918391322836,-0.02476944908325242,0.02034887237741939,-0.02104461334084367,-0.05747797990907362,0.04643602448716128,0.0643272562946422,-0.015841667589965875,0.021542453201359828,-0.06673163313058822,-0.06266363511969286,0.0500648554373388,-0.04318205913993532,-0.057015069907622465,0.04049239968794452,0.00936615440028757,-0.06767142807029783,0.09223634883459962,0.11891945269827219,0.030061738727510133,0.05317346548825216,-0.059524045378934236,-0.0056784512453984986,0.06968485344979355,-0.06270691181085168,0.00236052751863622,0.07259322143067745,-0.0061132979403975595,0.0031250898997313803,0.08011451049519318,0.16826085486865672,0.0506283061099187,0.08067726648227828,-0.038832442607993733,-0.005052193845083243,0.0021545583175168496,-0.05368107788618855,0.044224215324768695,0.051186160438470484,0.028737208186223526,0.02966711113096404,0.07834721875420701,0.08096673526602556,0.026270486578925754,0.022586556806355858
-0.0386484965541973,-0.00617247790626085,0.011019186897301518,-0.015333500896219144,-0.026856087003920684,0.013435031740017192,-0.011565541532297977,-0.059503275631237924,0.05151584753020929,0.0719578929133127,-0.017531451429304307,0.01461176767456689,-0.06685598509775809,-0.06291591350614399,0.05124953339895836,-0.042026407308393174,-0.05735585347311937,0.03641206035798915,0.010723190070163327,-0.06471852195585229,0.09062706244215672,0.11379388440746041,0.023230607946652174,0.052865589898962284,-0.06600252388552481,-0.002682316360095329,0.061136465193073246,-0.06511734171144382,0.003962984508805011,0.07564032096466776,-0.005659108022833576,0.011750409996025517,0.08492829239021024,0.16716315611891272,0.050812894849343204,0.08764545994914788,-0.04040745436227443,-0.004902018509594598,0.0034298445292019948,-0.05336430631128365,0.033967950315810645,0.04303885511484545,0.02869762379856117,0.03343622040880106,0.08173971730360205,0.08111717442872717,0.024962487932093606,0.019911152000679166
-0.03696753891789049,-0.006687115231032477,0.014399437222963917,-0.023237765667711137,-0.028386620663886752,0.012350338938991706,-0.011594995734700476,-0.06152963390556183,0.05159113841282981,0.06597240569038373,-0.014075003051152456,0.021637978489769685,-0.06482862486454845,-0.05584117193156694,0.05054297766989469,-0.04599347559017994,-0.056753331418177864,0.04324363874787233,0.01316091243658828,-0.06681933873871143,0.07963054870124879,0.12277262206094279,0.03340096288128113,0.058201887283074426,-0.06882533243360615,-0.007617369684667448,0.07090826670927634,-0.05920226775291008,0.0006393540622348051,0.07173462111916099,-0.00278407019708507,0.008552923423446672,0.08394443244958034,0.16462700652643392,0.04363030360989938,0.09452397979155958,-0.03920965502163987,-0.003572518669453445,0.00693671258593354,-0.05657283197780719,0.03962581699698265,0.0414260467539881,0.02611173035134551,0.03357791718625342,0.07830753664930164,0.08254559983561158,0.03067482613306111,0.02320601434033024
-0.038540312090852916,-0.004077226452018024,0.008902259661432552,-0.02405413884677952,-0.026537846021786778,0.018152674392134027,-0.012931722966768784,-0.06122642431201356,0.04728168476214755,0.0680660728333495,-0.02284822258637777,0.018216932103494666,-0.06881201705620163,-0.06084153305030684,0.05293075629807325,-0.046898098352687996,-0.058949709553593715,0.0386115933272056,0.01089717549480355,-0.06297344613538905,0.08856848851778627,0.11936193865680267,0.026781750446340367,0.05494962628930138,-0.06503851854634757,-0.0077108143114902016,0.0694449655292938,-0.061227969001348616,0.007455727875385165,0.06782041565976928,-0.0032471557937000617,0.008298797460545777,0.08684258833917645,0.1714166157897809,0.04861909396519564,0.08190563124123672,-0.04065822635182014,-0.0020896803053983984,0.004672487840336394,-0.056410710199238046,0.04103436800556445,0.04078011875018092,0.0291395662433379,0.03672699839769142,0.0709141513293377,0.0829490905446404,0.02974972701510249,0.015706660713792373
-0.031202942393160665,-0.005697588469083843,0.00683580571815048,-0.02150959654878781,-0.026677415933712284,0.014269863511707878,-0.014450575803757457,-0.05699290004501607,0.04420117255843307,0.06570002602432559,-0.02112419607331216,0.02298645901838097,-0.07051968255809045,-0.058264515706117265,0.05224170015668278,-0.04890448375302232,-0.0551348146155012,0.039810116068694446,0.013378250825114568,-0.06743904848642655,0.08991980428994457,0.11831349502574845,0.028345643410340675,0.054870506151781434,-0.06154816706995603,-0.012468417403258726,0.070058883872048,-0.061852594736251924,0.004101195039749858,0.06963741971017677,-0.001585289171278414,0.00682712343820179,0.08490139840638422,0.16942768871035582,0.04876496511039738,0.08405982390811982,-0.04204679092171943,-0.0006252513676804463,0.0013742239585952567,-0.05777820666603012,0.03669316310509544,0.03914895454705779,0.029836029707846434,0.03389206353710047,0.07439137366751337,0.08132226345442146,0.028343099777360065,0.015618179941268082
-0.034818863128153264,-0.0038412988773935015,0.006800799883499615,-0.01581283384720919,-0.02849082215365631,0.017243744090538526,-0.014554474004903504,-0.0651067725103163,0.04449957986296107,0.06591427186657611,-0.02111592268234417,0.021604108298263563,-0.06685598509775809,-0.06291591350614399,0.05124953339895836,-0.04763676056110652,-0.05361340768233276,0.03597126563370087,0.007908596254354833,-0.06654157760901515,0.08166251736346038,0.11455012895686914,0.026410878738584227,0.05721813315002204,-0.057546223274951645,-0.012463413971369637,0.0662648629351043,-0.06391190121686886,0.009025306926478724,0.07189597507677126,-0.0074251600900891,0.005478083727463802,0.08811577042890477,0.17285594984195102,0.04856571366280675,0.08323690202321418,-0.040719961770755424,-0.000701274655618103,0.004252165833944282,-0.052535953702616836,0.041006399567339584,0.03979124899360802,0.028244833455907795,0.028794043557862473,0.07042434071453349,0.08636131661419587,0.026657396916157934,0.013614480668318774
-0.03465020781944936,0.00018876466597341385,0.00364874332963388,-0.02562111553871855,-0.0282736511971801,0.015033088102412365,-0.01389181997715455,-0.06376276644405396,0.052868982564187005,0.06289583029592168,-0.01759995220070043,0.02006977314210881,-0.06867018977988841,-0.05830372718326977,0.05198935973472306,-0.039857519848919276,-0.053640926688618897,0.03719083150673978,0.014516300018053218,-0.059303085788261795,0.08989914927193478,0.11854912250048186,0.0333899804574936,0.050098555735319114,-0.06314482374663119,-0.007757634912561971,0.06871274557951511,-0.06181167903637841,0.005746145354614446,0.06975299013469773,-0.0031742257029382373,0.005269246406274658,0.08656863029070846,0.16887584611281772,0.05256891764340787,0.08692952947924808,-0.04198298379810995,-0.003383012194864787,0.003248059468683316,-0.05850748632462222,0.0396393916598494,0.04191800337488623,0.020016346630170143,0.027140299742067196,0.07243448545337779,0.07783105644472235,0.0282423973226525,0.01958834509799182
-0.03840460980990714,0.004976962551818028,0.008276733197580866,-0.02168540551795978,-0.023220033831951294,0.015061721686342835,-0.016749915496037434,-0.05922692733490561,0.04547923246121743,0.06938652411582494,-0.017633199299655598,0.031197202342507762,-0.06918465864855948,-0.06159825020193595,0.05648334581869059,-0.04187937279160723,-0.053045159061168745,0.044334753888777396,0.011636814661388863,-0.06461599761844931,0.08173384834901043,0.12050095325525526,0.030168111314662596,0.052852757017476444,-0.0536734711871783,-0.007992720794524764,0.06504595223274737,-0.061463683161107716,-0.0026585898010328905,0.07341274442826215,-0.006039906377459486,0.008466008504782595,0.0875515705915237,0.17499515660379225,0.05229245512743158,0.08994174215318569,-0.03695501584868921,-0.009404414096512667,8.758496181362173e-05,-0.05277306763854578,0.03675103551997748,0.04072699599884861,0.027764992458382886,0.029275735046271692,0.08464440038541134,0.07950574316399676,0.026650404660493968,0.019146887071341396
-0.03672468892435654,-0.0041177216544493675,0.008958805526846018,-0.021029982130379706,-0.0250417598398822,0.010458460887060187,-0.020867358805860336,-0.06344522399031499,0.04527445208161742,0.06690705309872755,-0.017557758403308192,0.01539992438876304,-0.06557565152387675,-0.05735969089223678,0.057648098748393314,-0.04323012493503159,-0.06268159795578429,0.03876053866167361,0.010727974336639861,-0.061267178730251025,0.08984465354132297,0.11718283224580289,0.02849559772190012,0.04743087274294627,-0.05983889951814738,-0.005840553872807149,0.07315729773715261,-0.0636405597208708,0.00905766969493882,0.07087187582078605,-0.0027126611159860444,0.005522911862564788,0.08367029099711089,0.1677119989576077,0.05072058609271181,0.08416195438074092,-0.038642273398896136,-0.005107256557971209,-0.0009702255746445282,-0.05067419834173401,0.03814546545291404,0.03958664168015032,0.023907662547928074,0.030749977157805416,0.08045178291962612,0.07952131242211898,0.029744309474005144,0.018472050516465475
-0.03664477150347925,-0.00040352724252882644,0.008033553666251006,-0.02562661602894566,-0.026558259003711206,0.014825345691406934,-0.016960137182646513,-0.05732458376109896,0.04678457714121169,0.061632219510932264,-0.008849009761963053,0.028721487977579174,-0.07181226488638212,-0.06763103708472214,0.06335575722037116,-0.03939078262351917,-0.055671715685001455,0.03491509920140982,0.009818508831843514,-0.0572762506907493,0.08544873139324724,0.11673317897501617,0.028237848959087125,0.05519306390206527,-0.06672257516288227,-0.007556680778614734,0.06786097504765715,-0.06843225178700801,0.0024269846567487575,0.0752438320676961,-0.007315410267556341,0.007077208099716805,0.0872862215926219,0.16382645727330516,0.045429914423630154,0.0888187638719598,-0.036012194894946295,-0.00800119756170993,0.007760067548872093,-0.05735655035398703,0.038069879346558096,0.03749014856645728,0.029733687883936592,0.031916712587128665,0.06288068045400182,0.08091906865745531,0.029268462480973093,0.02311696924166021
-0.033106576940828004,-0.0008054867477478572,0.010341656856163978,-0.027366573473178616,-0.02483619265783339,0.012490943045675251,-0.01808370480491188,-0.053901783609262295,0.053531035869472776,0.06285696723990827,-0.015841398820111326,0.020420091295361043,-0.07137098038974125,-0.05774830124105953,0.06077129485579933,-0.043972444227531035,-0.0573498915112933,0.03610256377263745,0.004417305276453041,-0.06048664545291628,0.08937722882043714,0.11673828623606719,0.033158837870635574,0.0542915382725746,-0.06148664912538257,-0.014693069758823703,0.06878256184131014,-0.05689629302794194,0.005584219418067698,0.07016760828693183,-0.0013977093000213108,0.005396778072023215,0.08379815809135896,0.17374040586812975,0.0523154903776483,0.08744720540788994,-0.037384040274550195,-0.005165837196427117,0.0029619547183882197,-0.055286859279046315,0.03232660524743006,0.03654587290999257,0.023920822870207598,0.03261248850717056,0.07129180349297393,0.08130687709446091,0.02524865843103555,0.016294060090111386
-0.03866665740967857,-0.00795031713333206,0.01092410832533951,-0.0129394234570647,-0.02868394685001865,0.010952278091578034,-0.010924766087458588,-0.06317390338332851,0.04753253181160083,0.05915749174418164,-0.010588704674424158,0.023357041658889535,-0.07105092160262434,-0.06384050294383391,0.056494249682644805,-0.041978922599334716,-0.05168781730758829,0.03814503136721185,0.011461528611173034,-0.06636208388110097,0.08379430017843315,0.11544490950620351,0.023386304999192805,0.05124108483857973,-0.061294509990397164,-0.010083421932461038,0.06786109163240084,-0.06079822662124647,0.0023383042506317188,0.07170918764387234,-0.0019428896461033843,0.005945919606421097,0.07883829878946978,0.16473970023582277,0.05269982523424329,0.08176537739176941,-0.04053288932424015,-0.0034959509128988423,0.00405106807206195,-0.0549659619789011,0.038447707500571804,0.049202290596249545,0.02648833887059968,0.03061201243538325,0.0838838778309163,0.0793555410479851,0.027958180749269253,0.021822781127036412
-0.036752280028657824,-0.002498701196287162,0.01015636313913501,-0.029743333411859828,-0.026439067767153743,0.015379970003296876,-0.011302185738190187,-0.057349264371425235,0.05006275071919626,0.07114010572886358,-0.01932334906621732,0.019782927984002916,-0.06706937502138118,-0.05884844071825469,0.05410510374626824,-0.04043539700260665,-0.05347071503770261,0.039232150975127576,0.007553501134225414,-0.0631393554120965,0.08421875273902178,0.11711228079774337,0.029827029340128687,0.057372569530794594,-0.06888282389325259,-0.0053994927338107,0.07217401320763558,-0.06186335244703529,0.004347698726142986,0.06335340011787978,-0.0032217660109614497,0.00455689396964869,0.07857366126238224,0.16366631833696,0.04526622061946609,0.07935768201432299,-0.04488326681325809,-0.003157543755223126,0.0016415137584283423,-0.050819611298761086,0.03410426212337543,0.04713575372897697,0.025187506119751627,0.029411921138469663,0.08121270585504137,0.07749964166158506,0.024673020005624276,0.026289350237353747
-0.03315769752591792,-0.011299531717122058,0.008750842463494486,-0.025950315146226102,-0.026504928457531923,0.017228544454125423,-0.01976247672766782,-0.06387485788751762,0.050963098843528724,0.0656806982470184,-0.010566482550131002,0.02372866085706832,-0.06347725374955454,-0.05689231318199137,0.055026874771514425,-0.04753639619638106,-0.054970891836262595,0.042158305185056304,0.014062338679084421,-0.06736433814935794,0.08325033366339925,0.12404791106711825,0.031963735490384865,0.05440172545334237,-0.06739723633084567,-0.010150880994127053,0.07469736030043779,-0.061079912132487486,0.002552215185026441,0.06645030396610976,-0.0016189456076100021,0.008342138193365767,0.08503874170765466,0.1703430382259005,0.04861087764451167,0.07824969324389107,-0.04430189710134856,-0.007426905143598365,-0.0033871693186182227,-0.05450741625831634,0.03553616742125596,0.04745661831527062,0.02316547865410793,0.02850669347668705,0.07314937304166909,0.08403781299458561,0.024202405210538437,0.026789029385990478
-0.029584601446000752,0.0021833140299327694,0.013906057290238052,-0.01707550482700633,-0.025134484039378017,0.011106072303364332,-0.01721652740882319,-0.05948179468382091,0.048236082717560226,0.06378283207145434,-0.010582974797435203,0.025360939808777846,-0.07089204451979281,-0.05902188066595757,0.05579415095294602,-0.04450006175642669,-0.05151020162073044,0.03988515940853642,0.01004777786021777,-0.060699674944164145,0.08400466019870115,0.11665817473829299,0.028194961932471712,0.05648624689955375,-0.06686061073855838,-0.014376971087257726,0.06752900807094547,-0.06267715207271406,0.004251434056222982,0.06642623156486817,-0.0023558083990115404,0.010322566187210303,0.08118323702152569,0.16871981583997173,0.0486951250350965,0.07808024808122062,-0.04469382637959039,-0.0032121663846240624,-0.0014838206589785179,-0.061179082546297295,0.03711088435820928,0.052325338398716344,0.02778528981178254,0.031133909671700953,0.07548672083378072,0.08263271807508019,0.029271015731450533,0.02173491880403734
-0.042421319106477146,-0.0031685540271086223,0.015526367348568283,-0.020041693507677465,-0.028633131601316145,0.0036525078003709077,-0.014710032290170878,-0.0591492197042932,0.045653841171389896,0.07095209097344578,-0.012352497954313724,0.03201735309099364,-0.0656287770914425,-0.06421844441028955,0.05691695003669078,-0.04645717032244721,-0.05472186673146607,0.045525879491338184,0.006901201707638839,-0.058052795450348915,0.08916844514785374,0.12103749619591057,0.03321259104919328,0.06110168255441119,-0.05960973551897366,-0.01023931848962952,0.06944151921530621,-0.06251736502258545,-0.0008965344136081188,0.07133945199931524,-0.0034863802349009293,0.009018012205366105,0.07995089655167027,0.16517391850942986,0.05467093769355142,0.08917439926806862,-0.03915166925146364,-0.006329638694861681,0.008825541676730199,-0.05339352548007301,0.038255070264338005,0.04311950792955937,0.027529116837994895,0.029768077103290467,0.07610584229344972,0.08275930418950493,0.02946246418679467,0.019323967155761936
-0.038747032987286344,-0.003091856736724299,0.014528927603913474,-0.017221587356390684,-0.028538312435879155,0.012714557146193087,-0.011997919486529375,-0.0607168017614918,0.04176692925349574,0.06999030894278695,-0.015850481058474888,0.02741239682659835,-0.06669623863852807,-0.05809011735780089,0.05055195749888426,-0.0423153817315831,-0.057270659883108845,0.03743220482681967,0.014577453169332844,-0.0662205919672285,0.09036396126221781,0.12088615707831518,0.033127435540338646,0.0636855106181121,-0.06078767908986173,-0.005308966531760489,0.0634676436560601,-0.058889422166198004,0.00231604553831039,0.0708249054031678,-0.007556593238785342,0.007795986452900637,0.08039457124705401,0.1648087569367664,0.051020490072209844,0.09211574157105012,-0.04172978563762308,-0.003455953734742801,-0.0009188874026763032,-0.05694905469148815,0.032306102755740196,0.03601394343678736,0.024588672552624993,0.03541473250560044,0.06900522089787466,0.0793400028370902,0.024865493250093233,0.022498343436435135
-0.031443565641615545,-0.003098065175207253,0.013634243867877692,-0.023730162962186767,-0.026591180299207755,0.015749486780746388,-0.019469031085309788,-0.057656225997497965,0.049367076289694216,0.06304240751015514,-0.015892108056504255,0.029826762250912117,-0.06897123345733404,-0.06566319794311175,0.05363026013343456,-0.038380018011098714,-0.05161751068666091,0.03976976594576018,0.012198291812983278,-0.0651978927608162,0.08868734926686443,0.11922469197948767,0.031606595346737036,0.056649656334695826,-0.061504521780854846,-0.010190423941976829,0.07017719818031916,-0.06312736536052156,0.007229969512156384,0.07498847699970178,-0.00514895785456662,0.004344791615463386,0.08231144520253714,0.16627198739089383,0.05077425700760528,0.08282884819487608,-0.03718803721768471,-0.0038501917494482745,-0.001635599212024961,-0.05470333278069085,0.036763907512107806,0.04121513193160255,0.021810639096459552,0.031084385320487393,0.07386855268921,0.0773256790297664,0.027477822151572157,0.029228022122482832
-0.03510642921749186,-0.006568124668704047,0.01335601728934203,-0.021354314940524158,-0.024988622806214736,0.01286274635521821,-0.017239411983321816,-0.061511271868919505,0.04830955719889067,0.06666301688850665,-0.017625130974291272,0.02757548215276636,-0.0696464412787802,-0.05803978148250307,0.06170343358459007,-0.04180224775993533,-0.053634041364161104,0.03688628328481527,0.009534941349313639,-0.06593031872370761,0.0901788120139731,0.11387348200785469,0.029572166302539005,0.05930277237010618,-0.061338038699803726,-0.012361945922492202,0.0677424050265787,-0.06972098659839343,0.005800816769740705,0.07431705314801978,-0.004802588180687846,0.002999001185518549,0.08024256623779553,0.16979746965269024,0.04499194358011138,0.08235115350221639,-0.03695032685566293,-0.008034970500058164,-0.001384100802166503,-0.05683515439091427,0.03965792829075979,0.04244044479123747,0.026787875728474384,0.02820627669649851,0.0798747673389976,0.08563974339247392,0.027106297512856172,0.02714117317332948
-0.032926059933443684,-0.0001711885697107916,0.0059100237301092755,-0.02405413884677952,-0.026537846021786778,0.018152674392134027,-0.012670255843878235,-0.05907150374294725,0.04582824590889932,0.06278960031481003,-0.01414238815499646,0.03155663388295127,-0.06927166038869559,-0.07301786442074827,0.05527442619536581,-0.03986932260813602,-0.05685690012132956,0.04314909702466595,0.01162827442157244,-0.06807008530602558,0.08251958038590328,0.12391674534322578,0.03678442273659488,0.05611748140454438,-0.06565356063189652,-0.01252648411090882,0.07500836941494261,-0.06246573560021535,0.0005028205808870596,0.07773450228454626,-0.002439990144420444,0.007207180653713044,0.08187469329718765,0.16752904989222558,0.05075135248116246,0.0853232542735494,-0.040592921969705285,-0.0007374188040916862,0.0021680418988838405,-0.052676835044908214,0.0353112601105942,0.04036289299060683,0.02300395156603795,0.028441253546912137,0.07419948746097732,0.079300679030346,0.023271988329291553,0.023439331989138966
-0.03701261211999541,-0.006845471146262593,0.015505262928394109,-0.026279229241761577,-0.024736365756129294,0.019423698343196426,-0.008824974106431514,-0.059043439721769564,0.04755504417173826,0.06718886575581157,-0.01232559149464789,0.024499456136072288,-0.06585994974142262,-0.06243686809937747,0.05952825720055609,-0.04570487975469601,-0.05683855889135031,0.042223604452664994,0.010047569121448809,-0.06759755776496211,0.08556908609780617,0.12305350312676971,0.02866931689032925,0.0538996777379137,-0.0642598362538967,-0.005057146766803235,0.0614525753269348,-0.05661558283890815,0.0053696329640312,0.07542491780753333,-0.0046815826794801355,0.006825353584899597,0.08754318199465096,0.1710753439830444,0.04848766521947967,0.07359922405239673,-0.035864796091624615,-0.003927033560206746,0.0012509741113753434,-0.05490036772862604,0.03964432491430421,0.0419482926908436,0.026856206361210697,0.026970940708013546,0.07839522883497231,0.0792923332158122,0.027862591232689048,0.023027983987788433
-0.031127102842525862,-0.001989227330848319,0.005879056876576737,-0.03071614225468483,-0.024563777832294572,0.022376865446394816,-0.01587706802482853,-0.05978616547815107,0.05254496548216228,0.07473755466795595,-0.010498881683641105,0.0183176979263537,-0.06849193246906164,-0.06694144559995238,0.04864929261720042,-0.04765017515959036,-0.05683245257853891,0.041914649266884416,0.008733278077779556,-0.05848250775827053,0.08389000198015777,0.11800757306100577,0.026801595010821973,0.05139370871776732,-0.06476923153672681,-0.009825572743825289,0.06585690662334441,-0.05748124624024526,0.0038748885670157633,0.07210161508861451,-0.00047323273803216405,0.005904332490082389,0.07799951772841734,0.16510807969014352,0.04521308639247739,0.08068745233394603,-0.04040616455887438,-0.0035324426818204497,0.0019678426700931594,-0.05683515439091427,0.03965792829075979,0.04244044479123747,0.02715543387194835,0.03273301785336259,0.07052550579861955,0.08083204576152146,0.030671907412556865,0.02458786318605063
-0.03682479890581312,-0.0010382059666418368,0.012461390713377644,-0.02626868379139476,-0.028166648750958565,0.01983919977184975,-0.015045570040176197,-0.0673891026264926,0.047331701543385764,0.06711133800974449,-0.008808620763562574,0.0252134251604695,-0.06363757076683695,-0.06172083789692435,0.055721887501571817,-0.03453231340785721,-0.05729464359381673,0.0386673893723509,0.010332034818455897,-0.06584216633541266,0.08239813984920306,0.11236658583639263,0.029508790903977056,0.058328540173324395,-0.063172956151743,-0.014534627214338283,0.06720656394916245,-0.06407342009336875,0.002446587559122003,0.07142988375695665,-0.0051889776104769815,0.005859643903823577,0.08244779352585146,0.1648315881488003,0.050827956694500756,0.08149552116935314,-0.03913908437349399,-0.0008497225726450759,0.0029616836713398493,-0.05496511964419742,0.03679603459439926,0.04222896865615381,0.02720510139649174,0.02963753269862302,0.07820557725782687,0.08767928748272992,0.022990461260514253,0.02014361627085575
-0.034785449755796775,-0.00028727997612360294,0.006972316019881976,-0.023904362290723416,-0.023133779705162876,0.01653880133187986,-0.014450575803757457,-0.05699290004501607,0.04420117255843307,0.06562193302141159,-0.017608427255529305,0.023692425645923977,-0.0721558509786921,-0.062287790316170155,0.049640958109372794,-0.03766657516466922,-0.05939790247704762,0.03475924077398509,0.010664162296103083,-0.06644986101046842,0.09157432558653289,0.12050095325525526,0.030168111314662596,0.052852757017476444,-0.06138152317107645,-0.014640093008834164,0.06762408623907844,-0.062082973995399436,0.005713992053850878,0.070776976622231,-0.003555755235202805,0.008129438147788364,0.08877433558599591,0.16645682674186113,0.04703128374132818,0.08228736730225908,-0.04034278594992541,-0.0035506926719932087,0.0009261060016595788,-0.060074748933501114,0.03817943843708042,0.041022779744552824,0.028899330814291378,0.02973233922602384,0.07729738792322076,0.07933177712540461,0.029457116308751655,0.022088249150113752
-0.037075289281944576,-0.008780355312019457,0.016519701833908832,-0.015496155925656856,-0.026829433232645628,0.014637267423119053,-0.016001601436095275,-0.05478426936779647,0.04119622906759682,0.06315888962147721,-0.02116561175467696,0.028778313733774725,-0.06553962201524867,-0.06853875857529297,0.05524656749092439,-0.04873028840043324,-0.05708217126129045,0.03854435358876373,0.010723190070163327,-0.06471852195585229,0.09062706244215672,0.11817168013300071,0.033176823378474635,0.05656206939182624,-0.060345113812285495,-0.010613668580872551,0.07754509444179672,-0.06281545819955793,0.008906930636810298,0.07408125975586068,-0.004835503765599381,0.0067407415338612865,0.08850904456643222,0.16572218299124075,0.05457899777735224,0.08569295120247851,-0.032836583204199826,-0.004190921858540905,0.0007721813937972234,-0.0556860859120171,0.038088827585212,0.03801463341995783,0.027136616230499132,0.030872963916145357,0.0796859863246202,0.0790476186577728,0.022891208531300035,0.028258955185986822
-0.027876877643042218,4.895673383871459e-05,0.016091772085633633,-0.019605917656348018,-0.028425370732759473,0.015398284112181498,-0.0096950396241889,-0.058483945306186114,0.040486641776160945,0.06135818764811512,-0.01590010334398603,0.030084351415946536,-0.06980550350499541,-0.06285816909475865,0.06240215228657415,-0.037845217151142585,-0.0574529312428978,0.03601043955311755,0.008053516105356534,-0.062007455996341054,0.09133787461511673,0.11892899243392269,0.03635709427897191,0.06092195673272497,-0.06162684928425809,-0.005741319183512441,0.07272989195887081,-0.06243580118104592,0.00239245951570394,0.07156960578571087,-0.005844647894785161,0.007035943401352498,0.08644886040612294,0.16753129184262644,0.047039806746626896,0.08594131287701903,-0.04147585108270306,-0.006267781115270256,-0.0021689865554211283,-0.053321860638550315,0.04275266464603337,0.04980631591674498,0.026924255861219683,0.025735705442476376,0.07691592013706207,0.07883382027861656,0.024103089811009084,0.0321363505979294
-0.038530782673425364,0.001100286183461808,0.010296969208787306,-0.01945847918231938,-0.02502170215143813,0.013787749702558253,-0.01902307327996764,-0.059432083706158746,0.04668289492000017,0.06566094352216872,-0.019366384759472357,0.023339259523220926,-0.06372646466034078,-0.05739848654577936,0.05739493626476787,-0.042732561546589116,-0.049571369340016734,0.0414474786722213,0.0094741963166524,-0.060766655828400774,0.08956344856798329,0.11485267932324583,0.027958874036110835,0.06068631200651413,-0.07060485734687214,-0.012003241272392296,0.06911324469636321,-0.061499378518279246,0.007423457543841417,0.06884466914157043,-0.008081005098927403,0.0044276963046775315,0.08398727759136113,0.16851002169539656,0.05263032600619484,0.08925124733788192,-0.03863858460045206,-0.003736887710701698,-0.002438545082964163,-0.05205670142413263,0.03545937338868238,0.044944092761338164,0.026482549571888055,0.029934453046632482,0.07281381628405,0.0810061388335417,0.02786497394819159,0.021646289378037864
-0.038548976223972284,-0.0006786730901843134,0.010200403046175602,-0.013790995671833945,-0.021690894210738006,0.01616149332686293,-0.017075891252631172,-0.06747086267686346,0.04715441390045509,0.062137296737309375,-0.012349499852374395,0.02526255594363892,-0.0671222382744672,-0.06570599959512316,0.05337572223212266,-0.04575361922088369,-0.04981092803839847,0.037783215587813314,0.01190722289178369,-0.06695686697582041,0.0918584076675744,0.1222542872619809,0.03664181255170073,0.057719962340732456,-0.06106610355556619,-0.014481087471094563,0.06414805906372441,-0.06098720221519696,0.005595778400984831,0.07296309116516453,-0.004488870084236802,0.005395287433795815,0.08644057220508938,0.16725560706415935,0.04894174136076781,0.08737400233774213,-0.04191999513005803,-0.0020315843112732393,0.0007485005078967777,-0.05597261307671228,0.032636496764305044,0.04619448155645361,0.026482549571888055,0.029934453046632482,0.07281381628405,0.082855090031248,0.023464781578276746,0.01826439956325994
-0.027936338613349185,-0.00188247002009295,0.017131049168121425,-0.024383918391322836,-0.02476944908325242,0.02034887237741939,-0.010924766087458588,-0.06317390338332851,0.04753253181160083,0.06558299452205413,-0.015850323561483012,0.024045957386490138,-0.06257188558722972,-0.06785024316659938,0.06208267334766893,-0.03796679666910431,-0.06252514840361291,0.04174498783972216,0.009645812935595794,-0.05902206290455609,0.08750621842673129,0.11704003745211448,0.03332928802669488,0.04912047559454758,-0.06829072164678948,-0.01184089762544403,0.06374231087184945,-0.05957889617304213,0.00715455834991501,0.07424016314267683,-0.00472067182167084,0.008340084218174303,0.08768012068021297,0.16780233708582037,0.05256136073438894,0.08327312003829522,-0.044318036341987936,-0.0019519220331818128,-0.009188306632849398,-0.053789742203944585,0.034244974328040245,0.051670644242321144,0.026974509744769518,0.03080772658269294,0.08073558801224516,0.07794178204071622,0.02534050448708986,0.01785287437036462
-0.027936338613349185,-0.00188247002009295,0.017131049168121425,-0.024383918391322836,-0.02476944908325242,0.02034887237741939,-0.010924766087458588,-0.06317390338332851,0.04753253181160083,0.06558299452205413,-0.015850323561483012,0.024045957386490138,-0.06257188558722972,-0.06785024316659938,0.06208267334766893,-0.03796679666910431,-0.06252514840361291,0.04174498783972216,0.009645812935595794,-0.05902206290455609,0.08750621842673129,0.11704003745211448,0.03332928802669488,0.04912047559454758,-0.06829072164678948,-0.01184089762544403,0.06374231087184945,-0.05957889617304213,0.00715455834991501,0.07424016314267683,-0.00472067182167084,0.008340084218174303,0.08768012068021297,0.16780233708582037,0.05256136073438894,0.08327312003829522,-0.044318036341987936,-0.0019519220331818128,-0.009188306632849398,-0.053789742203944585,0.034244974328040245,0.051670644242321144,0.026974509744769518,0.03080772658269294,0.08073558801224516,0.07794178204071622,0.02534050448708986,0.01785287437036462
-0.03472859537679635,-0.003524269230492655,0.00458599074832423,-0.017571009328240808,-0.02333951207027894,0.014510030181761153,-0.009155830010254495,-0.0652463262555868,0.049163097194808554,0.06554412802409637,-0.014092073677333481,0.024399854744919396,-0.06128955154130007,-0.06075060537046248,0.050728938462476454,-0.04387216553895567,-0.05870516321896607,0.0422937256728018,0.013809813976987394,-0.062202069137078854,0.08484738672080185,0.1180936636757511,0.03175834001480758,0.049208918403498135,-0.06809270490609794,-0.007241563814883628,0.06280146187447369,-0.05994316547300245,0.004079184167134934,0.06875239282738506,-0.005885819635879257,0.00855072385143706,0.08658567320216469,0.16528950552310773,0.04889455040701213,0.0789023900578405,-0.03724565392936381,-0.0024606941101104245,-0.0020670278583129497,-0.05888471413343029,0.03562546108545543,0.05045408584242489,0.03023787679221897,0.02716427123630559,0.07657858489004107,0.08271330368526902,0.02018197688943588,0.02135398634829396
-0.03467861782781542,0.0018076241699174487,0.004842719022102563,-0.01822028166506953,-0.023233503835712786,0.019316910208550548,-0.02217602022908106,-0.054051268528329185,0.05318488590696049,0.06490169266418389,-0.014117544761024116,0.028541205397597223,-0.06141428168618652,-0.06100348335474785,0.0519135986034294,-0.03904586945041674,-0.06277616523335999,0.03837342077046642,0.008625376444291392,-0.06194162829513825,0.08578043141683073,0.1197632416045166,0.03682379294223268,0.046708449030611936,-0.06347479040780353,-0.0034194528421986254,0.07357573235926994,-0.05916069641397037,0.0022841217639053397,0.07184862933144107,-0.008494491682913163,0.0026598194738485185,0.08674983396525372,0.16709628758099293,0.04877940750437432,0.07791049385735566,-0.038705673952772725,-0.005088899583200585,7.145170104205084e-05,-0.055851313771005204,0.0399837402682322,0.052610127645362006,0.029356172399188963,0.027394185458032457,0.07223651681541653,0.07937935532851637,0.026459424568736612,0.02155771979683666
-0.027588015535087183,-0.002389433057707379,0.00819618653814867,-0.019473639522793962,-0.02159069033414501,0.013380780949194197,-0.016960137182646513,-0.05732458376109896,0.04678457714121169,0.0623127585410204,-0.010582103560177919,0.02423316719781916,-0.06637620695279155,-0.06419381747751668,0.04626676682493064,-0.04324596968518959,-0.05320837734151618,0.041989925632793995,0.00457360051905013,-0.058751334410460467,0.08732421679616009,0.11537997328474928,0.03318335792893491,0.05072784281431372,-0.06529351859244302,-0.010092831421992235,0.07164741739077017,-0.05966174823868379,0.003864950429482124,0.07401032886907999,-0.0007310713788155653,0.006447212360299328,0.08792732406000779,0.16608907850043464,0.05080502495085485,0.08399016966191947,-0.03462304849542217,-0.00672730544697803,0.008138179665807987,-0.05470392980096688,0.038415604394756865,0.04818867342367137,0.029319300474529502,0.031162441485370472,0.07562833779060829,0.08099064410723686,0.024771767696326726,0.022321960628020047
-0.03114164261483569,0.0014032620367784375,0.007140486064700871,-0.014863459157218985,-0.023505178276374345,0.00942458980466061,-0.009835676993973017,-0.0525298277867006,0.04164055444538581,0.06611811558968197,-0.0123684164329744,0.03139987952702255,-0.06713978301409212,-0.06799158817628856,0.05313316804329852,-0.03340578633209271,-0.048168237419204285,0.03776727523466237,0.00867908122270508,-0.06021240171941973,0.0848351255841241,0.12156662488316594,0.033511275234865315,0.052053644570175826,-0.0599056247434969,-0.01490463697034092,0.07151620836399271,-0.056844972372369094,0.006982406912518417,0.07656260600326643,-0.0011553727513135058,0.00859628891524134,0.08214013994955224,0.16284231996693846,0.050974007903219855,0.08364567304069315,-0.03537845359582523,-0.00818672908718882,-0.0026501454302558904,-0.06008586017328931,0.0343457616345952,0.055146177079407964,0.03196370020853123,0.02979116458265038,0.07758015002353442,0.08112595807369034,0.020371688931145965,0.020325153410325134
-0.034909116486099484,-0.004158260599040733,0.009015124685225443,-0.026597465629841433,-0.026398221918077766,0.022033492859410263,-0.015227453301303229,-0.06346072994698057,0.04855942341472323,0.06429794254203929,-0.015900724504541518,0.03232916747760819,-0.06475760623605133,-0.06245249438598842,0.048625297003881886,-0.041224472151746475,-0.05380429623352183,0.03484454804269589,0.01593288005521243,-0.06151459840781925,0.08890410610096494,0.11906975537821621,0.030147529099629415,0.0505864653910782,-0.06283016712309704,-0.007596344132051537,0.06523854556209858,-0.06044453825239621,0.005660051264120252,0.07091533619872951,-0.0021167806732073666,0.009602993948932307,0.08807424641281733,0.1697904325748369,0.052415452685570435,0.08112293585755526,-0.03858512577949669,-0.007864884092311944,0.0009227479299580172,-0.05904206588636237,0.0342172060668835,0.05109630963828626,0.02996887943413498,0.03142320437097304,0.07142767317196676,0.07777623370484016,0.02355622975122848,0.02120494136508705
-0.0350276328019024,-0.0028570920704156766,0.012422232488939892,-0.014863459157218985,-0.023505178276374345,0.00942458980466061,-0.012231425777635991,-0.060844239083276436,0.0431458435095138,0.06614766694106702,-0.012307854993880141,0.020612143223387096,-0.0647219610111183,-0.0578762050343187,0.04911375251791143,-0.04351919855421257,-0.06259630398209667,0.03977956858398956,0.013512309875667572,-0.0639660766121193,0.08802055180843654,0.11870195145067723,0.034851683296982516,0.05615828232509656,-0.05975764743983756,-0.012572437720185372,0.07047854376243463,-0.05863962391818933,0.012187333742596344,0.07151422190158985,-0.0051150130592563575,0.008974474572238931,0.08175511621663575,0.1672820016890472,0.04503615576064817,0.07736773423470662,-0.04021757103845688,-0.004957025089736936,0.00030543239116917985,-0.05064832610023792,0.03716168751440329,0.053449899947536114,0.02990745357237069,0.02635603074198608,0.0676046297797438,0.08296658748694215,0.02056205380588759,0.016531178057719517
-0.0350276328019024,-0.0028570920704156766,0.012422232488939892,-0.017237978968259057,-0.02510791747218954,0.012308385026131515,-0.009742588626856634,-0.04644582592765783,0.04141894350959869,0.0643863472328086,-0.008798042465009488,0.02157467318049895,-0.05782177880293129,-0.059046115725557055,0.0528325981431752,-0.0415906595875463,-0.05313027332496044,0.043314312821169675,0.012376507110068978,-0.06345017418032893,0.08662718462457208,0.11296702576021578,0.029850373242360412,0.04798559587448802,-0.06171450573625124,-0.010297375759645304,0.07249290448246488,-0.0603620627405981,0.008950258889409844,0.07114631729137208,-0.007882953227385149,0.0029976420006152223,0.08288537492302091,0.16556307753578325,0.05070491067323825,0.07684883530417805,-0.04627645987402458,-0.0016946835076114804,-0.001647982488101712,-0.05224459611053453,0.03998839141841679,0.05263893488140608,0.02430252981369973,0.02964349385187847,0.07687197397070704,0.0810539154557488,0.024867121804524054,0.021116614912320038
-0.03856715472207708,-0.0024573721313440253,0.010104257837994715,-0.019761017118863595,-0.03011344202453758,0.016805123096405715,-0.017682991532150916,-0.05973657754165835,0.05099233196362273,0.06170917723380759,-0.012366507524487796,0.028022067782397162,-0.06683832596307356,-0.06062950066215973,0.05149284764617452,-0.04119008482014267,-0.05135487926560097,0.04253073935918584,0.011233670788627984,-0.06638719070345105,0.08601763747249098,0.11666280412853722,0.03311627611770653,0.05558393570705894,-0.06440961943709216,-0.007388324092014622,0.062495968579388564,-0.05752321055921767,0.002229912055524803,0.07198793084841705,-0.004065649755855315,0.007163917780739215,0.08367901834837002,0.16835097279571448,0.05246928668656917,0.07978870503255625,-0.037008625756349306,-0.006646517787265061,-0.001815036280816454,-0.05257977582454098,0.03552361737778894,0.04697056435817202,0.030302865038608212,0.025930845729857228,0.0750990010176933,0.07956240545027962,0.019063230887713094,0.019032967233802767
-0.03141382245724938,-0.0047143976398864714,0.01244978251727468,-0.014872557279772287,-0.021789528091131976,0.009223651283862794,-0.018301980971696802,-0.05701871758411473,0.04247426567247813,0.06679939223281471,-0.014100915026723415,0.02690452998633998,-0.06525548549266585,-0.06346199159355682,0.05336403727114487,-0.04100061495085699,-0.05008176923520963,0.035318768941271866,0.008282236915701154,-0.061981141501378435,0.0891151810708485,0.12059024266682247,0.0351236153114842,0.05067586155021247,-0.06478367958644624,-0.005327309047953109,0.0672432258354687,-0.06181167903637841,0.005746145354614446,0.06975299013469773,-0.00492112643875613,0.007544018557209892,0.08065179461173999,0.1650144583168204,0.05079719039354542,0.08033404675806864,-0.03695032685566293,-0.008034970500058164,-0.001384100802166503,-0.058459955005782854,0.03534867014398952,0.04182027805781257,0.025020054405277423,0.02866804167377574,0.07119100436536879,0.08287038018612225,0.02655877138184686,0.01758764293953815
-0.0368697967605149,-0.0011968331943865802,0.013568047266753328,-0.02167856516702008,-0.024935470623515418,0.01526654878332552,-0.017193666869590007,-0.057452051485474255,0.04816301412492303,0.06589478294692595,-0.010557811780793198,0.022348380234763186,-0.06819072327144475,-0.05957906143769915,0.047007597697232305,-0.04574304825677529,-0.059290812111710826,0.03453139502483237,0.005529048395881137,-0.05756834981456382,0.0899989822723568,0.12095822919034478,0.03179688355388569,0.05374594104989095,-0.06493371942505165,-0.007657097311482176,0.06828704952458414,-0.05834680649074737,0.0023799122239172707,0.06877721282766762,-0.0016189456076100021,0.008342138193365767,0.08503874170765466,0.16473898392048697,0.05641336001506899,0.08114503234398043,-0.04488326681325809,-0.003157543755223126,0.0016415137584283423,-0.057680184838103915,0.036905274284435116,0.04575785540628255,0.028679674979848423,0.024599130877501554,0.07452837804133154,0.08287038018612225,0.02655877138184686,0.01758764293953815
-0.034954237767543576,-0.004316715987894244,0.010122105461044773,-0.027533263622002056,-0.0230937527597731,0.013484637711075045,-0.0062820787478625895,-0.056686077141585064,0.0448948134012198,0.06571944718011208,-0.012325088047424637,0.023373654719276438,-0.07256486287153441,-0.05188124343461427,0.05558846721172979,-0.04335841889807216,-0.05506919715875675,0.04175098975422167,0.012363001147915177,-0.06690693410686707,0.08741323759488359,0.11809613849528272,0.03313425290597378,0.05785433024110079,-0.057777897067831006,-0.00805997412507546,0.06998756321233182,-0.057167799823959906,0.005552088019696525,0.07119163483994832,-0.005803545143062,0.005521280534333711,0.08631234098111207,0.169093394583443,0.04120964227673349,0.07698980265941671,-0.039071146869222466,0.0005036127331530482,0.0004510570121566468,-0.05153356210873153,0.035395124439217406,0.042917333262845345,0.028171142720694098,0.029351916843341163,0.06082524224759182,0.08116516178047273,0.021965118304705402,0.01938302889030302
-0.032971194582818775,-0.00032978858619016343,0.007018113636666535,-0.022508552246323144,-0.019656983730515956,0.02065985410661147,-0.013488282278026184,-0.054453388685137265,0.0386106845942749,0.06859974119742693,-0.019365792738374788,0.025576446031469025,-0.06939803845876878,-0.057534757973312464,0.05933639395242917,-0.0379128467825904,-0.053647815728334214,0.037495150897774165,0.011981752610232505,-0.06176773639499566,0.0901255733047166,0.12254086607883154,0.03190173558005621,0.053427397864239556,-0.05925394017203214,-0.019094066060142488,0.06316427172846789,-0.05817970693335091,0.008961213523096305,0.06923480440888544,-0.00472067182167084,0.008340084218174303,0.08768012068021297,0.16970059928475967,0.050574668631423965,0.08201021655118973,-0.0369452032575451,-0.006664981746633552,-0.0028566541637560358,-0.053722822671692566,0.03709136957287381,0.05138746441088999,0.027684980514472598,0.02915587457937461,0.0639784570635252,0.07625882927490286,0.03152440964516885,0.017885132101340986
-0.029493288537374058,-0.0026644548776599297,0.010362517273355739,-0.0240481759757388,-0.028252905618730177,0.0183594601476198,-0.01045810942736283,-0.06291924924727509,0.044775578300388634,0.06515465392097262,-0.015867195798812322,0.026807808072887757,-0.06310335320931504,-0.056132574501349695,0.05147396650670474,-0.036645542721870455,-0.052127787600357946,0.03364411013266215,0.0061246239351322555,-0.0609361048528164,0.08521450322860631,0.12057613754330443,0.030211045691945514,0.051559172613085846,-0.0646192803085719,-0.0074958710236871316,0.06481270114179624,-0.06754064640369159,0.00581131982360267,0.07240870499432538,-0.0025941730820926603,0.0071225139530086265,0.08284098983546671,0.1642154863495216,0.04517333761240103,0.07587079893951956,-0.03429649752532706,-0.005448714738122709,0.0014518074714763628,-0.05695760301123814,0.035612950385039914,0.04996852846375359,0.025904292573737463,0.02843702539227424,0.07553363242133249,0.07786331004113305,0.022153403234097282,0.019735675912367176
-0.03295803653479751,-0.0037235688800698573,0.005748488029427642,-0.02266379291464488,-0.021345877195037676,0.02206518984268421,-0.01287608806274505,-0.057171154290190124,0.04713231390460995,0.06726668150747747,-0.015841977465320237,0.02378694958312749,-0.06139628438046918,-0.058713900707257745,0.05215885536898195,-0.044675559232903915,-0.04956346937261366,0.04114793463891782,0.011698652214378285,-0.06288180567430131,0.08078538926288004,0.12125960017730068,0.03196829379155808,0.048572145591238625,-0.06289069244077854,-0.005372186752657815,0.06651370575454099,-0.057794533026020375,0.002198001960849478,0.07301158655886686,-0.005496311092599058,0.005690439020741367,0.08438020992531295,0.16437571530847603,0.045336968942005826,0.08533470428999101,-0.03682851833929733,-0.009441681424273766,-0.001994504336075529,-0.0581052961639178,0.037181462854907234,0.054389395268418905,0.02337973320563871,0.024793799715900244,0.06870898667806498,0.08298848875092235,0.031345844428492836,0.014766716970577515
-0.02938808267716044,-0.0005733909688235266,0.008217704425335627,-0.0264203037840597,-0.031569404493457284,0.021457536855695347,-0.012502330541187608,-0.04690063777119735,0.04538691744181527,0.06558299452205413,-0.015850323561483012,0.024045957386490138,-0.06550435778172496,-0.06396635728937326,0.05573275458483274,-0.03871293677964305,-0.057197498539109055,0.03907010272914788,0.01254102963127653,-0.06515959866678549,0.08535252929584164,0.11883819709502227,0.02864676683989227,0.04581299491745451,-0.06506933014142294,-0.014482216242900702,0.06794723774972972,-0.058305028143293705,0.0040250906660856895,0.06889118998621964,-0.006725585507160048,0.002787187964323895,0.08397984937243008,0.17068418419255627,0.04874237690126741,0.08655286125564297,-0.043243448213899215,-0.003324872148271628,-0.0006803356042665823,-0.05774159850279501,0.03570932675367919,0.05300710576175156,0.027691161704501217,0.029833348768886086,0.07505584600021019,0.08118042102617197,0.025057866079035374,0.018705571893097434
-0.03316783059720451,-0.002739943527249984,0.011367302966347591,-0.016146569584286403,-0.026722780274965757,0.019445002555399705,-0.016960137182646513,-0.05732458376109896,0.04678457714121169,0.061056296387506905,-0.010572555807445242,0.021725464495292748,-0.06557565152387675,-0.05735969089223678,0.057648098748393314,-0.041224472151746475,-0.05380429623352183,0.03484454804269589,0.01254102963127653,-0.06515959866678549,0.08535252929584164,0.1159015330651855,0.02855959693784179,0.04257674467454999,-0.05975764743983756,-0.012572437720185372,0.07047854376243463,-0.06132500054193034,0.013755699071620867,0.07559215322100583,0.0014146842430090955,0.0037139132645672094,0.08294996863448706,0.1646497424858969,0.047146391258399804,0.08328000268998151,-0.03719365008523691,-0.005220939619212894,-0.00016270505810499455,-0.06122745909456998,0.034261464580425845,0.052592048120290176,0.03254303440607892,0.03060914934685668,0.06378315663801123,0.07898432262579562,0.022796043630232694,0.029463567995346635
-0.03325811534348093,-0.00305679853250274,0.01358175840832868,-0.01787178266580797,-0.028431355884883422,0.017522994805237266,-0.008324042872475422,-0.05676279536354314,0.04472170914951767,0.06088084394701283,-0.01234021514662858,0.022756454422690302,-0.06340624727719209,-0.06350372133090913,0.05310894070197027,-0.038879168542992705,-0.05203547045340026,0.03436280742208479,0.014516300018053218,-0.059303085788261795,0.08989914927193478,0.11975198461997115,0.03190614672306061,0.04759713583074237,-0.06464936459041831,-0.014270405935745932,0.06331233933115372,-0.061852594736251924,0.004101195039749858,0.06963741971017677,-0.001893706449347892,0.006657901121664856,0.08683350403354172,0.16906155907152448,0.048826622476403674,0.08638295658376802,-0.03701365436927996,-0.00801642374128962,-0.0003428315199490154,-0.054050881171779794,0.034277099036828795,0.052683154329471064,0.025667117663552372,0.02892961780727157,0.06698897581226596,0.0810061388335417,0.02786497394819159,0.021646289378037864
-0.040056342409627965,0.0038775339928683473,0.003713957611933437,-0.01570270216092493,-0.01822656352809513,0.014833457341899675,-0.012931722966768784,-0.06122642431201356,0.04728168476214755,0.06360738985719255,-0.012350189256326558,0.026388544993389634,-0.06160971602304529,-0.05464158301526248,0.05501866101835485,-0.038380018011098714,-0.05161751068666091,0.03976976594576018,0.010104645146519995,-0.06241816854044061,0.083839323999191,0.12299296075506301,0.032159268913813245,0.04566487289535867,-0.057840869006033815,-0.005831810764860011,0.07126956120688972,-0.05916069641397037,0.0022841217639053397,0.07184862933144107,-0.001585289171278414,0.00682712343820179,0.08490139840638422,0.16465101944781224,0.04343481152440484,0.08390489902420943,-0.035976409915388245,-0.0011472190884123427,0.00037969556571247745,-0.04968158506603526,0.03253684640115254,0.0427233177534682,0.02107634502525548,0.029518409183651582,0.07763731686958208,0.07902373155454585,0.024388900955374018,0.02852297688192551
-0.03159309207494744,-0.00018194982634184832,0.018220222081113926,-0.02612290483412743,-0.02304750937120315,0.018015315381757418,-0.013054876618363142,-0.05324235149129068,0.048363227774883034,0.06260409879716636,-0.014091202785142485,0.02215159160351373,-0.0656287770914425,-0.06421844441028955,0.05691695003669078,-0.04335841889807216,-0.05506919715875675,0.04175098975422167,0.00849653193591801,-0.0550635091420722,0.08533711836820572,0.11929507648757783,0.03027636701606568,0.04670486054025009,-0.05969524870647769,-0.01479867811910373,0.0691996562541063,-0.05689629302794194,0.005584219418067698,0.07016760828693183,-0.004373665933497293,0.0069946124844821305,0.08561124284334166,0.16256799985689696,0.04916395556387844,0.08570024728432332,-0.03870208013951583,-0.0037186135353311253,-0.001396519206555491,-0.04924717366614542,0.03556266565780503,0.04802408010552136,0.027111470765492987,0.028336894059357243,0.07777527365179888,0.07938787389017134,0.02186911278329647,0.021970329656592156
-0.03504446953537374,-0.004633575821661055,0.01233570376259626,-0.02183393178434139,-0.026624093074081485,0.016673523011815385,-0.016307009185223764,-0.06100163112522056,0.04279560360322466,0.06010182131609507,-0.015891357906707225,0.02758181857763158,-0.06173446957379146,-0.05489510937310609,0.056202714135584544,-0.04141372753778104,-0.05507574604806314,0.042057255883697006,0.00711646684831804,-0.05458370875049105,0.0861705906237163,0.11484985802896937,0.03643801195010885,0.05022199177517374,-0.06839551321937305,-0.011894078745444675,0.0649009982686871,-0.06454645015600084,0.005918314812221924,0.06742771290686875,-0.005536906841101286,0.007205255389963744,0.084516790484991,0.1621117617742493,0.054809829839062366,0.08766296648929049,-0.037251606416820376,-0.003831904337445099,-0.0005936147075056761,-0.054051198416908926,0.03592844938881055,0.0596496795563675,0.02525751260129235,0.028175614953111893,0.07973293814860716,0.07944255543402333,0.02655490860492918,0.020352362032059455
-0.03470695415598101,0.003426602654402749,0.006037387039786817,-0.01961331049254365,-0.026710323919204883,0.01519380603583728,-0.012586185033838461,-0.05298726781668862,0.04560575517623764,0.06729625633714571,-0.015782115382400975,0.012990748080650363,-0.0584284007652185,-0.05802166035799338,0.05900001856643538,-0.040677875250072625,-0.04771844071607489,0.041984031981638324,0.007731366531373947,-0.06484026488425816,0.08294038855094471,0.11628467554043813,0.031525291644047417,0.05340566152860355,-0.06335456003516068,-0.007865099359759783,0.07102837861724373,-0.058701549593628735,-0.0009418788816051283,0.06957377936171326,-0.0022508728078007995,0.00577668171137266,0.08077130968027299,0.16375732103351526,0.04710702082635924,0.07846358848495152,-0.039079367698947855,-0.002238691554635791,0.0033871536067336277,-0.051767805940227424,0.03444529565519826,0.057788801570009214,0.02727330542975704,0.028402202204048495,0.07672539799714856,0.0745762638128778,0.025431536380272554,0.0194100803144587
-0.03706743242602137,-0.003608419104901625,0.017900737839713066,-0.015144505837138514,-0.0320273860257741,0.012840319772889967,-0.014098146001366576,-0.06186297723785277,0.05417174846513568,0.0611722214114237,-0.01584948307142695,0.020678835655692195,-0.061574842651871464,-0.0658345063643046,0.05260868295962418,-0.04759708388643457,-0.05116217359571434,0.04366776871482577,0.010613234600089996,-0.0612805102416678,0.0909561296646719,0.11975589929120546,0.03327996043210881,0.05624742707561541,-0.07045247939042541,-0.00968018608515475,0.0680601477348743,-0.05321087358880997,0.010197435162677964,0.07603955387302194,-0.0037575341465542027,0.007333269473670852,0.081746508509736,0.1693346135417307,0.05063618231326174,0.08433343003836787,-0.03990088248187977,-0.005048757466133556,-0.004903574071541258,-0.04950878640604933,0.03559477426998163,0.049037116799704586,0.02532723795010576,0.026939409490701945,0.07825340024828793,0.08255383747254996,0.026081355289515645,0.023615106151217684
-0.03318063788684703,0.0006535718552475375,0.012639323563445463,-0.019937922495409544,-0.02665699732833239,0.01759745438461394,-0.009026622114424438,-0.057145107878594864,0.04885777221242017,0.06614766694106702,-0.012307854993880141,0.020612143223387096,-0.061503005874384245,-0.056677559922191076,0.05358876288760808,-0.039758051971795993,-0.0549971786738017,0.04338331387776378,0.008343975707302316,-0.06369598877540042,0.08894883595001458,0.11921998717253121,0.03023340072948594,0.04799887611786841,-0.06093604203597224,-0.00764312812162936,0.06450579422017017,-0.06052702298580641,0.002370235325834234,0.07068547707076014,-0.0022865050114361943,0.003375245390511552,0.08945762663879854,0.166980211410982,0.0508436708290733,0.0888063657319378,-0.04021757103845688,-0.004957025089736936,0.00030543239116917985,-0.056175891233842194,0.037168532089367066,0.053901602598831415,0.027043130821494916,0.02957225995955119,0.0792553159289645,0.0794991821004344,0.01896833435031981,0.020238513539001562
-0.03492065930697011,-0.000763171786399987,0.010294798959868566,-0.017067221033911045,-0.026849838581207437,0.011308920186652457,-0.01076983924031312,-0.056023225285760314,0.03471916765446721,0.06678997772201796,-0.012281870557982506,0.01646841224950633,-0.06155694071605248,-0.06354546803711929,0.05285327320470186,-0.04054699700717208,-0.055331170812205774,0.03899657013665496,0.014269380200008988,-0.06214896187552327,0.08039862740063491,0.12010981490017168,0.02721364472600997,0.04200444322044169,-0.06514331070887819,-0.007764518763536396,0.07060278147256033,-0.060946102849207706,0.007240624706922855,0.07307864916249926,-0.005269224090410506,0.00888970122974128,0.08272137028557272,0.17410648585992627,0.05225412331458623,0.08512430329460367,-0.03688176994123018,-0.006683448443143346,-0.0038983546916617384,-0.05233947139935008,0.041427392959652184,0.05300261098126998,0.02212389166954063,0.029352093663864178,0.08092853794603103,0.07616445455193341,0.025243048636478704,0.02043978901977489
-0.04063249588064144,-0.0015889763727195212,0.016788199980901575,-0.02149603791322789,-0.030107697531487697,0.01468130792094652,-0.0059765550997999605,-0.05250806786027061,0.04336355017201285,0.0623127585410204,-0.010582103560177919,0.02423316719781916,-0.07076793508910004,-0.058769489497338755,0.05461010949084888,-0.034242808078713494,-0.05737973847299869,0.03764775839049452,0.003588288893364446,-0.056502582473318276,0.08387745703724592,0.1192314179510541,0.03514960158307539,0.04710979645504791,-0.06840672988476477,-0.007402698761133385,0.06627640717233371,-0.06426383560439751,0.005703603555602066,0.07268617842093048,-0.005382999027387171,0.007289928783022324,0.08355064852055162,0.16780025361946274,0.05627424040848988,0.08265816816487537,-0.039777306831942895,-0.007824641749320333,-0.004059382231556952,-0.05134213517598719,0.03416851117951671,0.049161330540897934,0.02234143601244341,0.025638260433084394,0.07648992786730993,0.07800489544988642,0.02543590749050238,0.01664719474845987
-0.034875593054931674,-0.0006045581642879293,0.009187425729902093,-0.02153030705292978,-0.021530860905396583,0.01365553010879816,-0.0167265705483385,-0.057197094913954194,0.04540598990493028,0.07334787381855308,-0.014015110427133118,0.016460448338822074,-0.06509550143935881,-0.05863510332207119,0.05266740969584168,-0.03751296476239775,-0.05187265604760052,0.036707116948236224,0.01388056462486193,-0.069113654492539,0.08531290948745221,0.1151526535903762,0.031676758454071724,0.04596359062636081,-0.06291865219352469,-0.012151610991451251,0.06500528980245902,-0.056699881114487455,0.0020799858806533076,0.07519785467267927,-0.0044115437499310005,0.0023662605803716806,0.08616810055445251,0.16762165054320974,0.04888006809679112,0.08505135199364884,-0.03839219714238377,-0.006550866716366349,-0.003668914813453451,-0.05260498368494835,0.03980960592593482,0.047048674864239574,0.028841204437312154,0.024664501310689844,0.07347817102436252,0.07764988620896239,0.023365766918273103,0.023615321261597426
-0.0368697967605149,-0.0011968331943865802,0.013568047266753328,-0.023101286803756817,-0.021550250589061914,0.010324459068350262,-0.013802427795236006,-0.06066801783221276,0.040212897003770925,0.06971044315671159,-0.021081556901353528,0.018306229112357412,-0.0595102515214349,-0.05417155128672175,0.05239626119500286,-0.03849098938925468,-0.05347765343283221,0.039536213622674884,0.008921366238136245,-0.06707582029178852,0.08417185257422842,0.1159015330651855,0.02855959693784179,0.04257674467454999,-0.06078767908986173,-0.005308966531760489,0.0634676436560601,-0.057251865699112996,0.0022618285291323885,0.07096419356498271,-0.0037575341465542027,0.007333269473670852,0.081746508509736,0.16988359433499986,0.0505439165861448,0.0808484127525914,-0.040277482144599745,-0.0021986588157629113,-0.0015792799699025425,-0.0523877819608453,0.03264508398990031,0.04624370288944968,0.020740135189405453,0.026844329967402696,0.07782689784660027,0.08324386959563083,0.019443122086639925,0.011443244311493319
-0.04062562285794773,-0.004988414497478854,0.015479193816400037,-0.01362841235597509,-0.021717308981268543,0.014959531867477512,-0.01962470942086814,-0.05468023467545578,0.03809060396822126,0.06554412802409637,-0.014092073677333481,0.024399854744919396,-0.06313921136089043,-0.0607102201655037,0.050984145785136284,-0.038380018011098714,-0.05161751068666091,0.03976976594576018,0.007146326108238191,-0.06146529301835385,0.08772086657297472,0.11477414262162135,0.03639567190092168,0.05151409671260475,-0.05920912861083322,-0.005516235686333382,0.06621150860944616,-0.06220551869731209,0.0007797476932567809,0.07043079527727658,-0.00045405224587531504,0.008131346526161674,0.08613281839346368,0.1685367846593019,0.04872594088597942,0.07924242715830745,-0.04166610974357801,-0.004843641166044758,-0.0005023577172567237,-0.05117507873086721,0.035575273128449686,0.04851052502161147,0.026532982201003637,0.026840251102614347,0.08049465299306054,0.08115007299557243,0.018873570064586124,0.020062146295415327
-0.03664477150347925,-0.00040352724252882644,0.008033553666251006,-0.021375363916309845,-0.019841370071614683,0.012249694124726127,-0.014710032290170878,-0.0591492197042932,0.045653841171389896,0.0629265734114304,-0.010617288647402365,0.030878501328817434,-0.060527160708049664,-0.058488732266584756,0.06162220791472051,-0.04495024520779756,-0.04625626735862458,0.03622536782512943,0.010906012296772306,-0.062326036721795895,0.07605359184229124,0.11862455780975634,0.03343267281660031,0.04880541112199082,-0.06482891334499037,-0.007603367763512325,0.06712903345843133,-0.059431948268440754,0.0022522043684325495,0.07287227168672981,-0.0006086146616273959,0.00804667936172145,0.0870988109227553,0.1698222554968639,0.04479745277318313,0.07171943614837041,-0.04028253202951429,-0.007676534208119698,0.004269781077090739,-0.05614806258312884,0.04100226500642582,0.03976531889103092,0.026713324725615058,0.028763780390155508,0.07028256809647497,0.08308414754274468,0.02534556430801816,0.013704919277216112
-0.031231961293679444,0.001086083813647151,0.009357401934882603,-0.02217143656203981,-0.0231405218070909,0.018666371740370374,-0.016540165305795045,-0.061129072995299495,0.044174317380996274,0.06672182623568963,-0.010584489607595046,0.027616257600465315,-0.06353081249191343,-0.06375606391225294,0.05429341526733433,-0.03953551533319238,-0.05127729539268024,0.04385274133660305,0.009990831000085664,-0.05898105480997616,0.08417042859122655,0.11991567141370084,0.038285978970480854,0.05276992573696226,-0.059819878396603646,-0.010346338398365247,0.07175732673009066,-0.06422352680927969,0.00734822808540103,0.07280294534476706,-0.000935582879643264,0.005650503084793932,0.0808991589215083,0.16890284847312528,0.04866431238130674,0.07691793763412759,-0.04046583889861224,-0.0007735739011304807,8.358738395891719e-05,-0.05012873016440648,0.035446808194721124,0.04445776411016692,0.02657593556509488,0.023069183484833805,0.07710823243728203,0.08283106803388605,0.02496393316198158,0.01852868142206907
-0.029509033142526175,0.0007257372075897707,0.011615797389568925,-0.023724073790264127,-0.028306402998566703,0.015956173944206602,-0.020363868930590195,-0.0591273144218091,0.04237205230761305,0.06676057323355232,-0.012342775412210853,0.027260210984471095,-0.06488209288501699,-0.06270496441487246,0.04981014527568353,-0.046443874095634434,-0.05150278986997912,0.03958289840633075,0.012720137391942202,-0.0634110439367418,0.08329156410456762,0.11477664312174261,0.03146322869536098,0.05242951606862603,-0.06110242010350026,-0.00547119288588119,0.06694173723043773,-0.05588576905698834,0.0021756751254901094,0.07212709219480029,-0.004027643609477411,0.005648997726123101,0.08354225076450456,0.16620425967722757,0.04874045560460842,0.07309127893005728,-0.03857507824387756,-0.0037551646232135733,-0.0034806536043389567,-0.05935481398783193,0.03140086796492443,0.052379710768100635,0.03313717258388036,0.03277737689572112,0.07214182860255337,0.08088801418503914,0.023082791033919154,0.024468186402307895
-0.03670724386419519,-0.002340102141231481,0.009049539562745727,-0.017911871237461793,-0.01985586686816233,0.016509411795776002,-0.008962162378102023,-0.05309290261061046,0.048707545053385516,0.06403556200415177,-0.012333086874241731,0.02362822849007207,-0.06337054157099883,-0.058927459814602054,0.05359781428931242,-0.040191880243492344,-0.05922204518796209,0.03648707329162796,0.010152427390631718,-0.06478241999027883,0.0961822474540396,0.1180936636757511,0.03175834001480758,0.049208918403498135,-0.05944222693940673,-0.012412647184377451,0.06700382376743731,-0.059537473598325834,0.008799509192757795,0.07435550101622766,-0.004181410625645326,0.005564416029512033,0.08450842924728175,0.1633913630883297,0.04716882152655278,0.08078733842297375,-0.037072037437642785,-0.006628056565037873,-0.0007735010428429938,-0.05506443637317438,0.039887470715778174,0.049568934366902496,0.024464295337900507,0.029708854447672746,0.0758220761231308,0.08103000196566987,0.02636595818688294,0.021381248798740163
-0.04029223462557222,-0.00209861351884456,0.007839571299693893,-0.023904362290723416,-0.023133779705162876,0.01653880133187986,-0.010132003392868901,-0.05671201266867961,0.043169437845216374,0.07178300083736755,-0.019297912999629095,0.015633387464043004,-0.059957178849832767,-0.06409236435463338,0.054966121134176475,-0.041866772644636216,-0.049826576191704275,0.03838330271577164,0.007981332992086561,-0.05684980344209721,0.09072843673163931,0.11983144729488972,0.033322600567484414,0.054954860929523786,-0.06488842737666019,-0.005381303860297595,0.06840105575284601,-0.05966174823868379,0.003864950429482124,0.07401032886907999,0.0041000976550884215,0.009606840723515132,0.08278943519147632,0.16663780952926355,0.05071273071238557,0.0805058111507707,-0.03714027694398183,-0.007979338435176443,0.001739459109587601,-0.05153106534353148,0.03704629834598134,0.049885978977894485,0.02569584140460745,0.023296892210165294,0.0727659198292021,0.07786331004113305,0.022153403234097282,0.019735675912367176
-0.03875534636202696,0.0003064317137272391,0.0158294659785155,-0.022333405618242225,-0.023114010224288172,0.019867680238354193,-0.017427159609169005,-0.05757949808708009,0.04954130085606428,0.06336307121301075,-0.01934167777513262,0.016955336778807777,-0.06361973687787859,-0.059433200929351206,0.05596628046504803,-0.03538965659382916,-0.053824815286424896,0.03575827644626028,0.013512309875667572,-0.0639660766121193,0.08802055180843654,0.12210003234716912,0.035182820094301584,0.05165555134928003,-0.06299551969210926,-0.005426215610535928,0.06767158627823769,-0.06270691181085168,0.00236052751863622,0.07259322143067745,-0.005577571578974449,0.008720189342251891,0.08465366441569988,0.16437478768108257,0.049048725136744395,0.08471021693546907,-0.038895810709338154,-0.005033845081736528,0.003195987658305066,-0.055751961140214655,0.03854400937747899,0.05224271026149558,0.028936792739606153,0.025964030237858843,0.07390736857939889,0.07952961710021408,0.02515159285939137,0.018882157017850582
-0.03325811534348093,-0.00305679853250274,0.01358175840832868,-0.0170838382935419,-0.02341897847999492,0.010903602181535977,-0.011735335757249278,-0.0585616182561381,0.040312541462667315,0.06873581766557886,-0.01584201857082005,0.02490908405889638,-0.06200192153030781,-0.05769041794752014,0.0583251319015476,-0.042556304261906125,-0.051517617086739256,0.04018719157985195,0.007360805118637786,-0.057997766522649534,0.08472131031358258,0.11975198461997115,0.03190614672306061,0.04759713583074237,-0.06644093519695964,-0.014165246770390142,0.06289391183187434,-0.061227969001348616,0.007455727875385165,0.06782041565976928,-0.0019621023178238686,0.00968774121065141,0.08710836173777912,0.1690825074103463,0.052346566048780144,0.07514097917815102,-0.040092258192602606,-0.006363154496675975,-0.0003150449939067362,-0.05355857805329849,0.03684739948348843,0.04376836946083504,0.03013433159513596,0.02518745189448152,0.06507342342338772,0.07964070534754396,0.022249662969692892,0.017148211708589812
-0.036672308586546146,0.0012159175826635211,0.00923227049783759,-0.0278467133345862,-0.026472002372654242,0.01630430965784638,-0.015126557692013445,-0.055346328764316645,0.048263683446867926,0.06281817618529457,-0.014082699249418979,0.020770775066476378,-0.06596670295963922,-0.06040363236368179,0.06095546832800791,-0.04551652537646376,-0.05556739044474813,0.035013730999082664,0.010283029166252074,-0.05376646840733903,0.08022035073378181,0.12194404230327355,0.033725230514803244,0.045586341475453256,-0.0605592495226877,-0.009708519638358145,0.0597515667792275,-0.062082973995399436,0.005713992053850878,0.070776976622231,-0.0007310713788155653,0.006447212360299328,0.08792732406000779,0.16357363122442428,0.050850917297643974,0.0790004773186527,-0.037563812588317154,-0.0023697121042143467,0.003143397993402129,-0.05264816086595922,0.034329112118301794,0.05422401300094234,0.033189070731573345,0.0252527016082684,0.0653561052642768,0.08295763253938247,0.025154724696255442,0.016117034741524316
-0.03697740687568087,-0.0032914417518645116,0.015688664770645573,-0.02611213373599813,-0.026478257503555327,0.018429962695465655,-0.015607319139322881,-0.06061917877836696,0.03865856075448938,0.05931178717949513,-0.017624582356569413,0.021972470386140364,-0.06566454682930602,-0.053039950617883226,0.059320582638204354,-0.039857519848919276,-0.053640926688618897,0.03719083150673978,0.00970360560884922,-0.060739880060224606,0.08734021695531662,0.1198272412544112,0.031949021034558364,0.04630332943985603,-0.06274150510013402,-0.003039569657895006,0.06547327259502557,-0.05671875847964886,0.011917592897222651,0.07690645740771104,-0.006110679761865808,0.0053521684446006055,0.08824418669324882,0.17313326371836507,0.04666394218933754,0.0817980238098627,-0.04028087629724012,-0.004938686825881519,0.001346985748812908,-0.05617346146094759,0.03551656285559417,0.046929303387022905,0.030262789457541274,0.02902000873471282,0.0674142370941096,0.08456022184652433,0.02806041528962793,0.016469597173446184
-0.03316783059720451,-0.002739943527249984,0.011367302966347591,-0.022016210583423318,-0.021451604895933417,0.017260394554825396,-0.011033757744950207,-0.05817898235195185,0.036174185476007543,0.07051600324779207,-0.01055091702744926,0.02435039593943181,-0.06274735689765908,-0.05766199021282322,0.047674744791804544,-0.03813449800417899,-0.05736778854254401,0.03703036703602211,0.006556580787692265,-0.05809400909680873,0.09250280320089552,0.12028436316744301,0.03357886798285854,0.04719637087878597,-0.059314107825632206,-0.005570320087316917,0.06736939028433844,-0.06079822662124647,0.0023383042506317188,0.07170918764387234,-0.0012767724615498001,0.0069963921514132775,0.08296900743556439,0.16526561900289857,0.052799471917734306,0.08890414556306314,-0.038515439838610784,-0.005143978718936367,-0.0030538280609160484,-0.05089029877051274,0.032910571613754845,0.05439079843708039,0.025349299877840938,0.029477238879378937,0.08016314521778632,0.07633832289730177,0.022437537261141817,0.017500517793220944
-0.029583810889470347,-0.002981085647247906,0.012578628588076079,-0.015504902099565756,-0.02511441128734171,0.014435376195350588,-0.013308370145552875,-0.058384187724271404,0.037379533663650585,0.06481439351017952,-0.00878054330522124,0.018814305539677206,-0.06160971602304529,-0.05464158301526248,0.05501866101835485,-0.04453721480408047,-0.05396098288442673,0.03219184385986428,0.012326158729539079,-0.06172785292944448,0.08679057091096143,0.1193701480812172,0.030319353617079717,0.04541069766862279,-0.06329419318394856,-0.01008813423418771,0.06975454493522225,-0.06617330538223333,0.005725326534867731,0.07357122685118178,-0.0023909249081569893,0.01183809617862107,0.0813211328773383,0.16952090184604934,0.04689387046040038,0.0837864677498454,-0.04311467980450201,-0.004730393574494731,-0.001310323993515195,-0.05179288843003378,0.03707839946428213,0.05089917516287517,0.028966004220746792,0.028497913610993717,0.07581707107532368,0.08117423827540528,0.017375630576976036,0.019799545873383097
-0.03474037270870031,-0.00012861541007133428,0.005864579539828334,-0.022184887381594277,-0.019709684478548276,0.018257555054707626,-0.009025110226097728,-0.0601281969072456,0.036424458133681815,0.06761714821914737,-0.01230833565410845,0.02173792063164856,-0.05819666605572885,-0.059805782090633294,0.05638568776351612,-0.04090136370454249,-0.05143995853392451,0.04150988701851216,0.012326158729539079,-0.06172785292944448,0.08679057091096143,0.12414453779488036,0.0369120873828724,0.05224009006981292,-0.05910414243726889,-0.005462138737388019,0.06505352687311074,-0.06098720221519696,0.005595778400984831,0.07296309116516453,-0.0025458932085753866,0.011753187625442628,0.08228740904953219,0.1671651015628061,0.047101617300585805,0.08826414514959473,-0.036366441304933106,-0.0024099047501085235,0.00810803240399644,-0.05444149413766792,0.0400342032344402,0.05414497734799113,0.028546918366177513,0.027067690926539267,0.07748704080547454,0.08640954284829777,0.023656936048615622,0.0130852915967566
-0.03869352294908162,-0.006330949315004073,0.01212502242631526,-0.024060151391260522,-0.024822635407289705,0.01794626639810802,-0.011825490296054344,-0.048546728865787474,0.04132159978140267,0.0704495609818706,-0.01577348424982548,0.013852121372731629,-0.0649531573657899,-0.05609441796999847,0.05172743652462096,-0.03762371401395388,-0.05373289457472153,0.036474559898982135,0.012045555045150931,-0.06003253496520175,0.089177974283811,0.11553072983239686,0.03326856556782095,0.048142038304880584,-0.05864168304691642,-0.002962504369341879,0.06054430734826788,-0.0613816032231133,0.0006300129692537887,0.0736415436990145,-0.008370719996798497,0.00888721537090983,0.08536210868845387,0.17178754000550914,0.044846087048206,0.08019273593035986,-0.0392698796514433,-0.0021841831181154962,0.006512293558939022,-0.05408189881440116,0.03856277929742831,0.052765879547616294,0.027704626020714423,0.023527336864572018,0.06975646955285056,0.08174908350416513,0.025916810273261006,0.0078500771075231
-0.036852211536657985,0.000580990317287031,0.013660408119808957,-0.01982064807370656,-0.016390699574689496,0.015176459346745028,-0.016540165305795045,-0.061129072995299495,0.044174317380996274,0.07156870498259707,-0.019306409669235955,0.01701676280136921,-0.06225131201902146,-0.05819646405221691,0.06069266358857375,-0.03773446481020216,-0.05559298630648729,0.03624233410060924,0.010964221933012127,-0.057786491883081194,0.08683983215205517,0.1153775403686934,0.02825873778333569,0.05163513704375154,-0.061460832253619806,-0.007912053577005734,0.07029588030691215,-0.062584792652982,0.007294440006989021,0.07294086733892953,-0.003210656253633683,0.006783963141877331,0.08670546262942702,0.17404356896106074,0.05022157802359776,0.07537769060883678,-0.035434733752122465,-0.006797713042185302,-0.003086228837907506,-0.053006227927949824,0.034148592761136964,0.04863268212838291,0.02740887009810566,0.025931843383742877,0.07376572889413702,0.08126763304271593,0.023654246742660666,0.01723553427177934
-0.03129348118962706,-0.006014133759180939,0.009051151771743635,-0.02136829791760767,-0.021557272000701712,0.012453667106763724,-0.01730047955691889,-0.05041340460960227,0.036740444987832556,0.06800651499808495,-0.01053234268835103,0.019333916349012627,-0.05938534084247689,-0.05391770565045599,0.051211820160943194,-0.036257453079204076,-0.0535696527803844,0.03881966432740579,0.009760811182015978,-0.05900839906820228,0.08639438305991178,0.11620937847370885,0.031482617601602085,0.054698415443828856,-0.06600252388552481,-0.002682316360095329,0.061136465193073246,-0.06773276774533138,0.009067858640482868,0.07366884658586459,-0.004488870084236802,0.005395287433795815,0.08644057220508938,0.16745965359869186,0.05243109952119168,0.07496859130939978,-0.0384480330781964,-0.003791726659661233,-0.00556511858198691,-0.061391412415898745,0.039992597417816314,0.05307213268336986,0.026389637573354524,0.02863307946447922,0.07238325144851987,0.07798959258154475,0.02234370318376625,0.017324517424042986
-0.031247363846329528,-0.0006893609282894857,0.009280207962451636,-0.02455756612912288,-0.021312465265938312,0.021138015747306668,-0.0189608911917354,-0.05333889254929748,0.04646663622763344,0.067831285678719,-0.01229968076272255,0.020356860133427346,-0.06363757076683695,-0.06172083789692435,0.055721887501571817,-0.037980145447137445,-0.04984223920604012,0.03898247452016941,0.010903225852308756,-0.05952050047941996,0.08778636638147007,0.1259630814844556,0.03851096890287956,0.05670669078972679,-0.055819587283037105,-0.010337304160255691,0.06796902256570551,-0.056699881114487455,0.0020799858806533076,0.07519785467267927,-0.006589052844047117,0.009015652316094903,0.08259267681354651,0.1652664574101324,0.04908775740131544,0.08952527502023286,-0.03507529860141027,-0.011019856765256957,-0.0049018174743885945,-0.05460591699435794,0.03862696282600946,0.05479237497292835,0.026227831142979007,0.028567728464902967,0.07343346431349139,0.07990248088794423,0.018039508959869548,0.012740630347255711
-0.031217538776886287,-0.0023061230500893183,0.008095430005188961,-0.022029887050740268,-0.01802030242986788,0.016852431984107737,-0.010008710175385953,-0.04860178471465385,0.042871869192640556,0.06676057323355232,-0.012342775412210853,0.027260210984471095,-0.06730041711513328,-0.05706811308353192,0.056716836972676515,-0.03653501714160631,-0.05026730649693197,0.033876003158966245,0.010678883465674749,-0.056094269127676004,0.08922945896323373,0.11319317468252917,0.03135851974416621,0.05274574595738009,-0.061521977365637165,-0.0056873190199098495,0.07157246113607049,-0.06399265604431276,0.005735751399298576,0.07166236843452736,-0.004412248072467064,0.008509496619960427,0.08574824266357084,0.1726042784963337,0.050275145519697174,0.07404500962536235,-0.03876163142790762,-0.002329593691662338,-0.001823065879597788,-0.05716000754168728,0.03849309983615247,0.05070585310843362,0.030652266571505177,0.027916558101500403,0.06383121298155765,0.08437889722974178,0.02317987530421019,0.020498612687367062
-0.03129254530292522,-0.00084784545125575,0.010388288045425345,-0.015667473332650377,-0.025087835280016464,0.01563744182242699,-0.011501513367180763,-0.05843409407751214,0.03893323971968413,0.06729625633714571,-0.015782115382400975,0.012990748080650363,-0.06338841351027971,-0.06121565666720328,0.05335323425000192,-0.03974606947344588,-0.05178026026479401,0.03742608008020613,0.009590670692498056,-0.06420083988797727,0.08923243143234728,0.11635995488576015,0.03156798600092707,0.05211276031936926,-0.05904172504478936,-0.007689977636314112,0.06377266330505013,-0.06285609020340278,0.0072622015701065724,0.07396471295580795,0.0023394042660147525,0.00796365570163029,0.0854222607543853,0.1634832652377403,0.045297188016007406,0.0805197136325784,-0.03820862008517341,-0.00934540640871104,-0.003857207009035528,-0.0531705153728119,0.0327415053217944,0.04928132324266289,0.03338892160309099,0.02784756176092629,0.06621571329668094,0.0796167260465574,0.023748233512655825,0.017412166084409788
-0.033093594776081744,-0.00419884328579212,0.00907121713657082,-0.02247592925264866,-0.028232128908142192,0.021685221991844382,-0.00966367182318882,-0.0564569641281951,0.040411060927633906,0.06527152679563197,-0.02114068891301578,0.025750574966597096,-0.0637621325603035,-0.06197333278479295,0.05690605092237087,-0.04328207835962688,-0.05565896710954616,0.034300540907159456,0.010733575833701763,-0.057814253186471536,0.08906356806234902,0.11945078086813839,0.0317348526214127,0.0527708884541981,-0.06078767908986173,-0.005308966531760489,0.0634676436560601,-0.058889422166198004,0.00231604553831039,0.0708249054031678,-0.00023689328994392478,0.005186059493924469,0.08489204838303877,0.16905876050025398,0.05253821825765409,0.08576847349492189,-0.0387690636891386,-0.0050705453455712635,0.0011130463317625087,-0.04924717366614542,0.03556266565780503,0.04802408010552136,0.031176227343308882,0.025024146313983885,0.06836729232703273,0.07471077939896163,0.021033552780134426,0.01741260288047513
-0.02594145249045797,-0.0012917148192944994,0.012744738845887135,-0.01569382044369587,-0.019942107992405988,0.015033886819841857,-0.02016955672635763,-0.06306295520079405,0.04113872237080664,0.06801536342357704,-0.012351802139473587,0.029766057282181943,-0.0666784841339452,-0.055803160193511836,0.05079593826657528,-0.042203227142808164,-0.055409859153290573,0.037669482422735864,0.009646892112343246,-0.06247069366681626,0.08828623307946179,0.11967671026412384,0.03186329272599717,0.04889079492761974,-0.056240480892170104,-0.01055156615014883,0.07260064220005676,-0.06154036168405541,0.005778305034310271,0.06872892207417992,-0.004334863153824412,0.011624494741963956,0.08505713753959443,0.1644658521702116,0.05088949888769087,0.08381807588190357,-0.04040745436227443,-0.004902018509594598,0.0034298445292019948,-0.051527829615866494,0.03869645457920762,0.05685085672121435,0.029290051946926427,0.028628439538875932,0.07371687782422395,0.07960154105657083,0.02065623372978215,0.018090407014643616
-0.03690681575774637,0.003819739826768564,0.01606051990831829,-0.02184065931139985,-0.02490888885127881,0.016468268857360156,-0.016025648961227403,-0.056814501635903104,0.041269326680665616,0.06622548656319494,-0.015824880349908147,0.01990171762684697,-0.06160971602304529,-0.05464158301526248,0.05501866101835485,-0.042604315177903446,-0.057185464758855845,0.03845230953808908,0.010277264903179007,-0.06067284389092635,0.08178048280254724,0.11688641410361111,0.031867415303245314,0.043058327622478486,-0.0649931682081088,-0.005435286124680252,0.06955878560878019,-0.06640459557631108,0.007337489244136384,0.07471243942013978,-0.0014513533196614046,0.0007682402482036196,0.08435495891161113,0.16942768871035582,0.04876496511039738,0.08405982390811982,-0.041476350042379595,-0.004898632670561011,-0.003627637775652787,-0.050386485529820994,0.03712959463740286,0.05243689328394071,0.029518097497300753,0.027459483290854875,0.07118615439530303,0.08286413875951935,0.0188734953618216,0.01867979252279638
-0.03686190764385843,0.003978570441774322,0.014953516840446669,-0.01378162461978991,-0.023405967145831545,0.016361623080179424,-0.014424661341634533,-0.054963766895570844,0.04412758545403421,0.06471662423383355,-0.014066077445401812,0.01913268996332255,-0.0650776786438233,-0.05634760019043538,0.0529117865760233,-0.04426128592423251,-0.05726467324357564,0.03712283661321152,0.01187912550144043,-0.05832432023653112,0.0904541086143195,0.113870526711243,0.03312266350999799,0.04974902695815298,-0.06253193238334055,-0.0029309186735803666,0.06315738353796739,-0.05916069641397037,0.0022841217639053397,0.07184862933144107,-0.0017395102392705447,0.006742506480349005,0.08586748688792077,0.16988718700055339,0.04683209498697073,0.08146236492567765,-0.0387690636891386,-0.0050705453455712635,0.0011130463317625087,-0.053820382400719693,0.036879518324479534,0.04478201666400103,0.02703711093322158,0.02889447988453017,0.06818154124829424,0.07821806011110521,0.024223228276797137,0.01276492005516359
-0.031247363846329528,-0.0006893609282894857,0.009280207962451636,-0.013800416397318256,-0.019975670258090786,0.015961741335006205,-0.01625932643762894,-0.05694205385135626,0.04264836467465724,0.06769506972255471,-0.01582497455653126,0.02102390390415809,-0.05819666605572885,-0.059805782090633294,0.05638568776351612,-0.03723537469828334,-0.055173948739324165,0.04164916956867814,0.007883716759057118,-0.05965770927793802,0.08010502161304868,0.11779724506087952,0.03651120420737237,0.05348070993557506,-0.057651449861644034,-0.01251672407680106,0.06742325360119925,-0.06366984849485322,0.007165524533052786,0.07703576036853588,-0.003949426014300523,0.008763702216404394,0.08284989061924071,0.16961075570849718,0.048734141223033954,0.08289806051528646,-0.03858221120604853,-0.006495522759582594,-0.0005441849838649068,-0.05404982496418571,0.03262473101130936,0.04571286113084538,0.02743516485785759,0.028467509990914342,0.07567543646846431,0.08140310901616693,0.019253226694939916,0.015238988143857587
-0.03474037270870031,-0.00012861541007133428,0.005864579539828334,-0.01977562681693266,-0.026683662517397625,0.016395690590231948,-0.012380025592843385,-0.054888083561870055,0.04430063816874544,0.06030456888777573,-0.014064532152060487,0.01576006214427393,-0.06564670464247122,-0.05075345063213147,0.05956535130263684,-0.04027759337400599,-0.04594244356724858,0.04119971396745719,0.009472668279461645,-0.057318045178330224,0.08878447057259506,0.11741882078808244,0.03492003390488943,0.05130081805895842,-0.05918936625852986,-0.010025128096616117,0.0648087034484195,-0.06544009155977185,0.0025326413584808184,0.07026635104998072,7.134182469229062e-05,0.00535514481424093,0.08295958437554325,0.1637343976428395,0.05101262163918881,0.0884616088669302,-0.038461320463669575,-0.009270924699719258,0.00030713707430032893,-0.0542462878181342,0.03715557713126963,0.05341358804488921,0.026365369779085143,0.026095843130463897,0.07047297451681593,0.0781007365588172,0.019442552400614776,0.015591956794989655
-0.03668978375159173,-0.0005622223955271845,0.00914069455307625,-0.019466034515836533,-0.023306271751568408,0.013584076445146342,-0.013220328105037081,-0.06540789388894673,0.04881081845654602,0.06307106855124099,-0.015832940536581318,0.019038702050681044,-0.06783288986623374,-0.06264766984607471,0.06096560611613214,-0.0383128374550055,-0.055422763225503734,0.03828281282474471,0.012198291812983278,-0.0651978927608162,0.08868734926686443,0.1177171465122734,0.03154462148820718,0.05567421446371008,-0.06101516959744481,-0.0009109760512451666,0.06718205746788597,-0.060214483666352105,0.004047136061152237,0.06977637039476516,-0.007094522007196475,0.01027630489753681,0.08562797342940344,0.16627198739089383,0.05077425700760528,0.08282884819487608,-0.03958766889392667,-0.00788022724010207,-0.007184182114240834,-0.050386485529820994,0.03712959463740286,0.05243689328394071,0.02857511032199218,0.029601882678078836,0.0793969637111593,0.07639292588563996,0.027123283385667156,0.01588245935870291
-0.03510642921749186,-0.006568124668704047,0.01335601728934203,-0.020114753318040638,-0.023200270979485633,0.018390978774597437,-0.01196912119995328,-0.058689121311994594,0.04169169295308042,0.06822954480799341,-0.012343225758310811,0.0283859605997247,-0.06139628438046918,-0.058713900707257745,0.05215885536898195,-0.03430184085924199,-0.0503600043661943,0.03315460250036715,0.012261979232930785,-0.06346320653784568,0.08773886897454276,0.12330167126011128,0.033700276908116535,0.049150681163056896,-0.055842480708863294,-0.0058230525429907205,0.06938124382935335,-0.059671824886350824,0.004111238652049892,0.06772833368702041,-0.004603611363211531,0.0037962450675475025,0.08727018473661953,0.16700363747756844,0.050651217205538425,0.07818224862664058,-0.03532191798730007,-0.009575368311163639,-0.0022143150637356163,-0.05355781571945164,0.038498590808488733,0.05073909622064526,0.027779177909560353,0.030456962053969264,0.064409430774885,0.08130687709446091,0.02524865843103555,0.016294060090111386
-0.029704705712343262,-0.0016820930441894476,0.015975043824603453,-0.015838693466290132,-0.023346245624991217,0.016637774631156458,-0.011677326881427646,-0.05450537009479471,0.04016311256426649,0.06851271347179388,-0.014032253682113622,0.015853806307503854,-0.06521999246902295,-0.05888794178199944,0.05385174448183724,-0.04339463790351931,-0.05752032344400125,0.03406189881880595,0.010277264903179007,-0.06067284389092635,0.08178048280254724,0.12262946392122309,0.03548185586168101,0.042601760265729746,-0.060454184477953636,-0.009654911975924699,0.058592662983001566,-0.05471469773357007,0.005594456994521324,0.06825720946118229,-0.005680650824118121,0.0009779974316719978,0.0859045429322646,0.16275149120023788,0.041709828071602145,0.08579562485136692,-0.038642273398896136,-0.005107256557971209,-0.0009702255746445282,-0.05072565658344268,0.03266540249378132,0.046774303598002435,0.030756106098141008,0.029892158937887606,0.07533892183781006,0.0780679964835231,0.02553132251328712,0.015441397930614265
-0.031127102842525862,-0.001989227330848319,0.005879056876576737,-0.023904362290723416,-0.023133779705162876,0.01653880133187986,-0.01667995275873693,-0.053136632032307125,0.045260722458435765,0.06545644406575446,-0.008754159709957974,0.014672290348397829,-0.06141428168618652,-0.06100348335474785,0.0519135986034294,-0.04529000867492082,-0.051843381596364445,0.035497391976857764,0.010219102842755288,-0.062405023437581274,0.0827273602832515,0.11424948416655087,0.031165140239406988,0.06147562533942111,-0.061022793953835384,-0.012202144591628697,0.06426693629755115,-0.0607570528731455,0.00398305898598362,0.07182408081057168,-0.0031655178311011437,0.011413669404415242,0.08615180037915195,0.17043662562593784,0.04673945575502482,0.07797522541437962,-0.03882520031713711,-0.002311407789974423,-0.0007808566923992636,-0.05238698818546119,0.034296994410724,0.053211620459762944,0.02987590645527603,0.023822835294724835,0.06569518001034753,0.07823337235340538,0.02731689691676036,0.01208828135433105
-0.03661716074021189,-0.002022853087179908,0.006835529159879992,-0.01978300617612761,-0.024968546237497124,0.01619154097933472,-0.018046763927205098,-0.05485991036896641,0.04102281863323589,0.06481439351017952,-0.00878054330522124,0.018814305539677206,-0.06450859926849593,-0.06194736287423648,0.046255274050306786,-0.033056669354710966,-0.05527206604654421,0.04124064165951173,0.013878653119482947,-0.06046336836032324,0.08389787150927497,0.11266694756956225,0.02967941955769425,0.05315824637597788,-0.06251544787067503,-0.007434940419884639,0.06176344499169369,-0.06339861812433836,0.007197743833138454,0.07601215947061112,-0.00631941843029562,0.012925891099334334,0.08892941185527604,0.17267279958899626,0.04859652804638607,0.08439888500759013,-0.03719365008523691,-0.005220939619212894,-0.00016270505810499455,-0.05195966975385681,0.03567160880780522,0.05154933996334006,0.02723011709207808,0.03217369742662309,0.0801170746193823,0.0793400028370902,0.024865493250093233,0.022498343436435135
-0.03295515618877585,0.00144671280108971,0.007099709145727148,-0.028017987275440307,-0.02301424616372641,0.017088975666053354,-0.01625932643762894,-0.05694205385135626,0.04264836467465724,0.06614766694106702,-0.012307854993880141,0.020612143223387096,-0.061110589587980386,-0.05362683940394175,0.05028136051619669,-0.03549970626616018,-0.05568447912148678,0.035528742172099635,0.00849653193591801,-0.0550635091420722,0.08533711836820572,0.12519471385760278,0.03534385609575989,0.0523208812389359,-0.05552710805035749,-0.005660670354609338,0.0659078955354192,-0.059119127380433685,0.00392898738732677,0.07196291803488947,-0.003401467943408826,0.00821411200458275,0.08780849763054398,0.17003886474428512,0.05441687355606682,0.08969903288680531,-0.03554652770803321,-0.004018550489092156,-0.0039591547766047504,-0.055390867681535026,0.03707220532854436,0.05086238839928733,0.024050202432959918,0.02827566673876978,0.07749147097400418,0.07811582561982224,0.022534051210924083,0.014912890151955363
-0.03834222592763029,-0.0016638842950671016,0.004570696254942494,-0.02167177448952066,-0.026650756397525868,0.015471753641767973,-0.0064813877477459605,-0.05478847397992361,0.04619752251176832,0.06825955305366964,-0.012282317037718392,0.017594153644966224,-0.06587758204125348,-0.06472242719813827,0.059285014530435054,-0.04157809439024607,-0.049911642073781855,0.037361831215166175,0.005190297726338881,-0.05695932416897273,0.0808226955815046,0.11749441705078408,0.03496256462603943,0.0500081879291792,-0.06099751339105275,-0.005417129982469452,0.06578380610042166,-0.06340971163520251,0.007445003572034332,0.06973095912170775,-0.0024611247333557965,0.010948400388786575,0.09014357896181122,0.1669184051286122,0.04138665100277148,0.08031445624484901,-0.03141234492752177,-0.007048753988376059,0.004555940468439316,-0.04853636127775269,0.03427246564344468,0.052243010843812235,0.03140862912970833,0.024534612947541456,0.0769113545819793,0.07976704682302892,0.022440010179124403,0.01473644955894348
-0.034802163968196076,-0.0020644195430017565,0.006886347474475388,-0.015676206029558597,-0.02337274386836665,0.015435879060105514,-0.020811359929706487,-0.057350465390865094,0.04505748747655626,0.06679939223281471,-0.014100915026723415,0.02690452998633998,-0.06175248614876207,-0.05718411657084485,0.0559571650012257,-0.036835779185106055,-0.05339953677181173,0.04086039079369718,0.010673159178565492,-0.059547715406785,0.09000975774914032,0.12261625949505492,0.03194460701626327,0.05213401193778181,-0.059690927090259895,-0.003506063762732712,0.07212176291665155,-0.05744874201046837,0.005766840537901249,0.06593267388551279,-0.004103724891604153,0.0086789554184211,0.08381607930326634,0.16789748793238188,0.04697800898104055,0.0836179551244186,-0.0354418764045356,-0.008168163617505069,-0.0016087522299955482,-0.05930303880121639,0.034249346818945835,0.052108884461688806,0.03069095993717614,0.02482817216688378,0.07151896272379134,0.08286413875951935,0.0188734953618216,0.01867979252279638
-0.03307432001208306,0.0027473015595226575,0.010506446191157454,-0.023574346046826077,-0.024902386488910893,0.014341451729045879,-0.007888948916577274,-0.05853374141029332,0.042039739833081034,0.06590440224875707,-0.01929946163374338,0.011159398584097023,-0.06287201627874307,-0.05791521176916823,0.048859576297954,-0.037045325546072067,-0.05390304766476875,0.034433258628714665,0.005229496289726768,-0.05588585527457222,0.09239176877144109,0.11409562286842781,0.03463184281054458,0.054507857491992676,-0.059294469011788795,-0.010078694516812214,0.0659670574823059,-0.057322799774983724,0.01070419561640551,0.06627619514699438,-0.0014979181041846756,0.009942052590820533,0.08421027969717099,0.16853996895723958,0.04501403524063112,0.07985964154752856,-0.03726220757645888,-0.006572689321204124,0.0023506088012806648,-0.04678967084835146,0.03120361650523371,0.04545264199367994,0.03149986276657987,0.02515479395625692,0.06626574935902386,0.0797822628602428,0.02553322727633324,0.014058934383232453
-0.03877367748608803,-0.0014721319767725147,0.015731918680535934,-0.01995260458635781,-0.023226776853393277,0.017189434332253676,-0.012642208205266209,-0.05704369111410912,0.045753676442652165,0.06458032939175382,-0.01759162129966252,0.019808560690048813,-0.06682062865602048,-0.05834295562928011,0.05173644838466953,-0.03899039679186627,-0.05389623265817486,0.03412855412244966,0.010848894995818724,-0.05780037529902945,0.08795174739637644,0.11832271024421492,0.03326202526677928,0.053977105811250266,-0.06099751339105275,-0.005417129982469452,0.06578380610042166,-0.06200128905447277,0.009003977903001411,0.07100916664137544,-0.0037200350033972313,0.005818195916851148,0.08160967979120337,0.16654732327865499,0.04887187890397865,0.08139630759128376,-0.03285891874886144,-0.006934146576070672,0.0037445499776297356,-0.052648709326915684,0.03267722567395462,0.04725631498260215,0.029644040426659246,0.031292823643822576,0.07352817722935545,0.0846323112127544,0.02356093866077698,0.015675367522586307
-0.040426997505288345,-0.0025747979814489826,0.011157921469840031,-0.015342310220569004,-0.02514098350740899,0.013233189808261507,-0.016900301572332407,-0.056253010436662476,0.03419793459700639,0.06859099048148343,-0.01754910606783087,0.015137500466648248,-0.0634413570594726,-0.05231581841734009,0.055517280230695465,-0.0369771287308158,-0.05770835013850435,0.03295041855903709,0.007146326108238191,-0.06146529301835385,0.08772086657297472,0.11688919728690533,0.033244022319796604,0.051706301521579,-0.06457416312972238,-0.005219281779378645,0.06492726581638458,-0.05990178471638756,0.005724349642984715,0.06886725494035628,-0.0012436920178100792,0.005481341477111483,0.08283189637065766,0.16320797269071377,0.050912456206245627,0.0813233379196853,-0.035371215958224914,-0.006816195712469001,-0.0041279706388899435,-0.053953102726044824,0.03283791549288202,0.052318295817143416,0.029487569905532075,0.024925979465188937,0.06927648421614682,0.082942460124811,0.022060964131452768,0.0167946842388578
-0.027528733433320747,-0.0004575768693499799,0.007154146244815942,-0.02199606843324999,-0.026597425963379134,0.017875171621850126,-0.014190621996779208,-0.05483620402711665,0.04274858561794949,0.06947562373902898,-0.010532917900268743,0.020461389504138238,-0.06017076812758263,-0.06001879633940685,0.057825230313022134,-0.0431695203604266,-0.053797463979735824,0.034539514246394155,0.00683568280395478,-0.056339750049402865,0.08933713949725682,0.12230786909908868,0.03040354437665935,0.048649853582575016,-0.057188881074982406,-0.010020338973549689,0.06291393778328858,-0.059850312554825535,0.007122340893559752,0.0752639538968928,-0.0020117637110977447,0.00897669867832093,0.07911274591527502,0.166980211410982,0.0508436708290733,0.0888063657319378,-0.04273079425340222,-0.007577812281861824,-0.004652498990352924,-0.05483240855191929,0.03272116962656685,0.04875061819572596,0.027676625842075028,0.020992334418505343,0.0678491483614941,0.07951431436992476,0.022059363837750246,0.019559505074472707
-0.038926853678852805,-0.0037260696410901144,0.01895166003603399,-0.020122105723234224,-0.021485015766893337,0.018187486094594172,-0.014633015516500735,-0.053061954089864645,0.045433340803668225,0.06967112658359854,-0.01932381587643084,0.018664508466329794,-0.06340624727719209,-0.06350372133090913,0.05310894070197027,-0.040258004876563246,-0.0554163093317684,0.03797626203918535,0.009472668279461645,-0.057318045178330224,0.08878447057259506,0.11809578359438268,0.03451242412179218,0.0664905713931861,-0.05933707285506581,-0.012359358576517824,0.06584538364621857,-0.05798218585220194,0.005455732098176572,0.07426322506109048,-0.0034863802349009293,0.009018012205366105,0.07995089655167027,0.16581539121031078,0.048995218862755104,0.08604222005643462,-0.038642273398896136,-0.005107256557971209,-0.0009702255746445282,-0.05134213517598719,0.03416851117951671,0.049161330540897934,0.02390218465637094,0.03007154342957466,0.06937878615227999,0.08269831110545503,0.01709088019207099,0.022033980228284754
-0.03520210343688,-0.012053067477257472,0.014205342553043246,-0.013763031536022683,-0.026835659963357596,0.016763015871191715,-0.012586185033838461,-0.05298726781668862,0.04560575517623764,0.06868781036969683,-0.012264881389737756,0.014830666500480162,-0.06294264835811375,-0.05130046633371628,0.050780599907638516,-0.04529000867492082,-0.051843381596364445,0.035497391976857764,0.013720259764255508,-0.06740171819616997,0.08658549457924118,0.12058111672498671,0.03158307783156721,0.060209871258004796,-0.05876888565784094,-0.009810736936213448,0.06017428669844241,-0.055843409452580206,0.003820762525050598,0.0722401719717468,-0.006854174086095506,0.007331203519917872,0.08438824156781011,0.16744092285585785,0.04519980204221911,0.08683183703085144,-0.042856849182550394,-0.007540827394526869,-0.002569712095768967,-0.05467142427624698,0.035780543730630804,0.0550735717289176,0.027691161704501217,0.029833348768886086,0.07505584600021019,0.07983019899747103,0.022535201812898482,0.013530392690209017
-0.028026877960364963,-0.002198926148032836,0.019346806789647463,-0.01790375417625047,-0.0215712667066139,0.016711372874748723,-0.017170830365622263,-0.05542204227387953,0.04809035142097909,0.06585607957729661,-0.008798996860458708,0.022704129534054585,-0.05961875888628441,-0.06791528571922534,0.050922080945574766,-0.03460233869661223,-0.053491541368863894,0.040143652425099076,0.011248384175996964,-0.05947963662457619,0.0844505699923493,0.11673317897501617,0.028237848959087125,0.05519306390206527,-0.0626810170618211,-0.005264091393016102,0.06419764452281815,-0.05990178471638756,0.005724349642984715,0.06886725494035628,-0.003747346703350713,0.009559497538591451,0.08987742958431183,0.16716315611891272,0.050812894849343204,0.08764545994914788,-0.03826885651177103,-0.00795755170299164,-0.004283805340576363,-0.0481194635876924,0.038279338887337575,0.043675610729373926,0.02833958880889149,0.03009443185301447,0.07085500208691244,0.07977613627032049,0.017849842710252743,0.015152853137289677
-0.03485880876068459,0.0011726834018180872,0.00927420768388664,-0.020566005969866987,-0.03169351816575462,0.023018756803657114,-0.014216778663135008,-0.05686538178786426,0.042822259704173325,0.06808439825043426,-0.014049526902730787,0.018617658211250283,-0.06363757076683695,-0.06172083789692435,0.055721887501571817,-0.0400804252339425,-0.05736181915020293,0.0367213281124507,0.015136253809275912,-0.06096210254351848,0.08417715509602094,0.11981087705971112,0.027040643240930397,0.04718428397609306,-0.06448379605762178,-0.0006649725796940615,0.0651574986205268,-0.06293736112730154,0.0039730372019518055,0.07373246082920736,-0.002426110406673372,0.013353743753097608,0.08145932210418179,0.16158370726118837,0.04728400075580927,0.08177937726254214,-0.04053135488612292,-0.002125995526954692,0.0025888958167878994,-0.05878107674276018,0.03418506407473155,0.05008366283946897,0.027043130821494916,0.02957225995955119,0.0792553159289645,0.08092736038319139,0.02467642560750161,0.023527189147779196
-0.03485880876068459,0.0011726834018180872,0.00927420768388664,-0.020566005969866987,-0.03169351816575462,0.023018756803657114,-0.014216778663135008,-0.05686538178786426,0.042822259704173325,0.06808439825043426,-0.014049526902730787,0.018617658211250283,-0.06363757076683695,-0.06172083789692435,0.055721887501571817,-0.0400804252339425,-0.05736181915020293,0.0367213281124507,0.015136253809275912,-0.06096210254351848,0.08417715509602094,0.11981087705971112,0.027040643240930397,0.04718428397609306,-0.06448379605762178,-0.0006649725796940615,0.0651574986205268,-0.06293736112730154,0.0039730372019518055,0.07373246082920736,-0.002426110406673372,0.013353743753097608,0.08145932210418179,0.16158370726118837,0.04728400075580927,0.08177937726254214,-0.04053135488612292,-0.002125995526954692,0.0025888958167878994,-0.05878107674276018,0.03418506407473155,0.05008366283946897,0.027043130821494916,0.02957225995955119,0.0792553159289645,0.08092736038319139,0.02467642560750161,0.023527189147779196
-0.03519669442461164,-0.006884724381331887,0.01556849663657203,-0.023748728518596374,-0.021444606095808852,0.015131691859124342,-0.013722432464975036,-0.05458101492189986,0.039990135188069834,0.07168718215566652,-0.02457899389091221,0.01593536963479736,-0.06358395458285625,-0.054857530427518765,0.05645592586583705,-0.04608041662009622,-0.052176738161033666,0.031107732619362678,0.01095747713496891,-0.06124049912189897,0.08762141755957893,0.11726474110966074,0.03128882963261897,0.06342770903366879,-0.06813933612983618,-0.009514822338027189,0.06269230873486024,-0.06555114562345796,0.00907896419596451,0.07175853073042805,0.0007106098881189874,0.007920548421834395,0.08722666250700735,0.17194448448033606,0.04500976617015266,0.08965666431287561,-0.038018981217438685,-0.009401296430438558,-0.00698133284368169,-0.049939247586864126,0.0342205120300016,0.05070237277564401,0.028061663112408618,0.026871789913738467,0.08063632471110178,0.0780679964835231,0.02553132251328712,0.015441397930614265
-0.03133772316116824,-0.0010063129929086107,0.011496247045036663,-0.01855260874401831,-0.02146555437881513,0.021517089637385575,-0.012726423226898593,-0.06312633096087931,0.045978602507473376,0.06912522088999375,-0.014066939745678944,0.022504635491681437,-0.05968951935978427,-0.06129695534373178,0.05284249470402111,-0.043634325976730524,-0.0517655736837617,0.03682147433800397,0.011018270851795051,-0.0595068847229782,0.08667452883011188,0.1154547481381692,0.03460621358611581,0.05807265874729855,-0.061109368919163146,-0.016759653446871223,0.06402954964821955,-0.06270691181085168,0.00236052751863622,0.07259322143067745,-0.0011883376721846285,0.010111651506776476,0.08227786832385428,0.16272838707191595,0.049326441067130494,0.0951560290048108,-0.03405130955527634,-0.006893620803594406,-0.0012326613678589138,-0.05597576458171222,0.03428929841804371,0.053166930831418636,0.03290208540731053,0.02765193827348369,0.06936786876031692,0.08804508228006272,0.020466788902246093,0.013586147055155007
-0.03328703637456951,-0.001439513224770464,0.014771352648420439,-0.011961478885282649,-0.02884422227558006,0.0037338920303882704,-0.012351783820529353,-0.05285969429523339,0.04422679349805983,0.0607054081173169,-0.014107583849089325,0.02378836989121756,-0.0656111067412891,-0.061932325426500685,0.057160379782646105,-0.03460233869661223,-0.053491541368863894,0.040143652425099076,0.010454703544414861,-0.055472300938377586,0.07894094373287636,0.111606847719329,0.0326377004147367,0.061689824683741935,-0.05902156884945113,-0.012199417465167953,0.06236946291390345,-0.06446592772898316,0.009208482746588316,0.06766169768922417,-0.002306242592191401,0.011033201203270195,0.08917786752593779,0.16762409357487867,0.04516883291588825,0.08567013287531307,-0.03436905047490906,-0.006801196011838946,0.0039741878782839106,-0.052745024045121866,0.03411646309199,0.047619884139574006,0.0314700147423891,0.028919544025134337,0.0696568882853159,0.08460823106606026,0.02506058482477753,0.01593970404666202
-0.04211311243356675,0.0013453576722396898,0.009105098697486174,-0.01945847918231938,-0.02502170215143813,0.013787749702558253,-0.01489262918925165,-0.05521882926417084,0.04688513436849342,0.06493072542895964,-0.014057508573948475,0.01775127592999931,-0.061448727481399186,-0.04980846210720442,0.05432683099202405,-0.03711319139442754,-0.05009728418330262,0.03591871097613087,0.007245892603273388,-0.05801153204733362,0.08583323588967345,0.12020892149220226,0.03353610596087707,0.04848982078893135,-0.061084470364878206,-0.00997636973109793,0.0655445848387099,-0.056039329715381565,0.007326345606345831,0.06720876517101519,-0.0022508728078007995,0.00577668171137266,0.08077130968027299,0.16615751148661914,0.04912683788293328,0.09433880048987345,-0.043051511048351816,-0.004748708102226243,-0.0023520427399038157,-0.05810077109361732,0.03552905999291511,0.04741493998027108,0.02660130352247819,0.02560494502583834,0.07901561826217562,0.08324386959563083,0.019443122086639925,0.011443244311493319
-0.03498254623186649,-0.0026985915275597005,0.011315297652771769,-0.01976829713117799,-0.02839862777974444,0.01660021796258895,-0.016703249635905,-0.055166996479754704,0.045333153237336395,0.0664396455474468,-0.015816363317894953,0.018519914045620114,-0.06338841351027971,-0.06121565666720328,0.05335323425000192,-0.03818995108522778,-0.05034463005382912,0.03255434789682718,0.01240597072613269,-0.056531907372718126,0.08505904894952843,0.11628604206677833,0.035073508685921115,0.043855465350616234,-0.05613526792803483,-0.01049801947461829,0.07144288738363368,-0.061258500606644374,0.00556365153781551,0.07398684628890523,-0.0017734201772125994,0.008257444484411186,0.08600479962185763,0.16366631833696,0.04526622061946609,0.07935768201432299,-0.041602941372183094,-0.0021223677676802687,-0.0044625459221591165,-0.053789742203944585,0.034244974328040245,0.051670644242321144,0.029156967644219385,0.031097249869406308,0.07667828926018376,0.07657543339825015,0.01972680893299467,0.013356105482394943
-0.03690492205090235,-0.004751699520274577,0.01338458842393452,-0.015188619843891221,-0.02345221587494516,0.011829467786876609,-0.01053946131075011,-0.05291257321277904,0.04577796557614402,0.06632294480254845,-0.010540416299885235,0.019587233498134213,-0.0584284007652185,-0.05802166035799338,0.05900001856643538,-0.036767329847543606,-0.05720352100212192,0.03937865607834208,0.009761120886344553,-0.055557645140244784,0.08561544186476616,0.12171764501543074,0.033596796403537556,0.04946716521431368,-0.06278585823068246,-0.005318145346817873,0.06535572516940115,-0.057167799823959906,0.005552088019696525,0.07119163483994832,-0.0020277885451779297,0.002831139621879413,0.07953162739581451,0.169241676340174,0.05250752206899346,0.08460728614058952,-0.040093153711755466,-0.007732054007510165,0.001146964673593763,-0.049939247586864126,0.0342205120300016,0.05070237277564401,0.032570562445475015,0.0268448785375409,0.06038891577433312,0.08281585227277687,0.021870666634962767,0.01920624735985811
-0.03512898720940809,0.0002207816890711542,0.015917808175691054,-0.015504902099565756,-0.02511441128734171,0.014435376195350588,-0.014556215060219514,-0.04697229435620345,0.04521649343418587,0.0626428634138447,-0.01584983912289721,0.02180128537603481,-0.06358395458285625,-0.054857530427518765,0.05645592586583705,-0.04146602002243967,-0.04805022223555937,0.03760010205666345,0.008343975707302316,-0.06369598877540042,0.08894883595001458,0.11688919728690533,0.033244022319796604,0.051706301521579,-0.06464936459041831,-0.014270405935745932,0.06331233933115372,-0.05963037435843028,0.005756508400815335,0.06784309195169286,-0.0036034390550314724,0.007417962718889628,0.08078014658654561,0.16174642298678693,0.05487115171537613,0.08998309857324689,-0.04040745436227443,-0.004902018509594598,0.0034298445292019948,-0.05012873016440648,0.035446808194721124,0.04445776411016692,0.02567164770326294,0.020759893022869298,0.07085915783841729,0.08264112845913973,0.024677836005862416,0.022145272473329744
-0.04224191605290761,-0.0025336209503987886,0.011105009328128026,-0.019311471357903568,-0.021617099507813015,0.012178802762812507,-0.017381995044964696,-0.05351930287324731,0.0493965553005196,0.06657587664309851,-0.01229055001735917,0.017849851071472828,-0.06584227926922323,-0.06015117681172129,0.05977178636195597,-0.03934576868491646,-0.050004486715741855,0.03664027701813062,0.010105852571735173,-0.05896737438810386,0.08305830948936087,0.11553040892053358,0.034648593386653825,0.05678092309037222,-0.05904172504478936,-0.007689977636314112,0.06377266330505013,-0.05794036568664688,0.007100695907337993,0.07437767798022213,0.0013009132934192098,0.009774566602241472,0.08350025129100642,0.1644658521702116,0.05088949888769087,0.08381807588190357,-0.039965761922835394,-0.0064000157831760295,-0.0023980330225128457,-0.0523877819608453,0.03264508398990031,0.04624370288944968,0.02815009355549883,0.027493684816594043,0.06999409724126092,0.07781551809577511,0.025149734538381468,0.020263882026351532
-0.03676226725830741,0.0008984199873484688,0.011446581475548053,-0.01599255386108323,-0.02503467190359208,0.018041210796541758,-0.015176957426127466,-0.05940406138214475,0.04841074165340907,0.061632219510932264,-0.008849009761963053,0.028721487977579174,-0.06601954278364797,-0.06725946983242204,0.060226020931396264,-0.03899039679186627,-0.05389623265817486,0.03412855412244966,0.008860914345023271,-0.0653601554555636,0.0843370225371795,0.11960475011961516,0.033194741104660544,0.058832117485771766,-0.058808981599437204,-0.0007883491641283518,0.06298430250919106,-0.06017317268104288,0.005692197264086355,0.06989133635603517,-0.00014485284062680097,0.008300715652548037,0.08420061932713366,0.16465101944781224,0.04343481152440484,0.08390489902420943,-0.04028087629724012,-0.004938686825881519,0.001346985748812908,-0.04898554469749333,0.03553055580553883,0.047010971435923386,0.028936792739606153,0.025964030237858843,0.07390736857939889,0.07951431436992476,0.022059363837750246,0.019559505074472707
-0.034887020636628165,0.002791413345039907,0.010469176276415625,-0.013944250440177596,-0.02337946703683526,0.017563513075564946,-0.011098137739457767,-0.059248569786591765,0.048759447607117645,0.06614766694106702,-0.012307854993880141,0.020612143223387096,-0.06489983921376943,-0.06499263086485021,0.049566440793504196,-0.03836781583316503,-0.04839850879820267,0.033810473856948534,0.010392020087274292,-0.06065942007154821,0.08066825223694718,0.11779248538778342,0.03158732456465863,0.0543814498396856,-0.06245455903056191,-0.00965999702561501,0.060487321627923106,-0.06294837382800306,0.004219358590780834,0.0674503455678952,0.0042787429914229146,0.008176050719058482,0.08168471392787657,0.166980211410982,0.0508436708290733,0.0888063657319378,-0.033933299171556616,-0.008301522277500636,-0.0018335797268445098,-0.05375525678370733,0.028306042756067722,0.04461877718989049,0.023959631265159133,0.026973230133164335,0.07706157390286542,0.08592643259647852,0.02139579123911969,0.022468638604762753
-0.03160871474522017,-0.0019567616352442964,0.018141458292094386,-0.015369036234260261,-0.019994766912551858,0.01262993058175305,-0.013371057961522596,-0.05945369606897472,0.049963446591587544,0.05855396268070413,-0.012373309556184417,0.02714925340043244,-0.06497099918648669,-0.05838220104414832,0.051482966106522206,-0.03733454026844776,-0.05381797188686637,0.03545392914262896,0.007705589315189633,-0.05795643677756028,0.08138496611521757,0.11718927818429992,0.031246268757207686,0.06471944259963056,-0.05756769793013142,-0.007952330500599552,0.0676718266595733,-0.057167799823959906,0.005552088019696525,0.07119163483994832,-0.0035928307678610516,0.009644236547318994,0.08891169353210907,0.1650157778759607,0.04708458727361781,0.08095655864044146,-0.03984133869773689,-0.009174804278139985,-0.0015554110878151055,-0.05098663389092407,0.03269753841671449,0.04778687012059913,0.02972109374849609,0.02443621421139759,0.07781998491839148,0.07617296118833566,0.02065458463592561,0.020853401354964326
-0.033360958474955814,1.936476221506538e-05,0.01706883559709709,-0.02042468565536741,-0.02657697903758892,0.021202021207683844,-0.01944878813103147,-0.05562525150114896,0.049295164022555245,0.0657971610504986,-0.015841860471702173,0.02266473929728198,-0.06518434675590588,-0.05431336321486052,0.05434059765764506,-0.037691201739770405,-0.049927255732703416,0.03796125976305102,0.00867908122270508,-0.06021240171941973,0.0848351255841241,0.11635995488576015,0.03156798600092707,0.05211276031936926,-0.06272526766438836,-0.007542555442624399,0.06408027876674008,-0.06181167903637841,0.005746145354614446,0.06975299013469773,-0.0032914157864910934,0.003670192051080121,0.08739809231638902,0.1701317642320705,0.05254580566846457,0.08942433463349961,-0.03971513582863259,-0.00921201865937067,-0.0036376658732618075,-0.048280269712811553,0.032589288596978606,0.04426666854789247,0.03225331717331422,0.027391101947337862,0.07356954047535609,0.08301499328505679,0.017564771291606517,0.016005385774075672
-0.03331945321116863,-0.004990627669061153,0.014606677314561653,-0.018476518136280908,-0.026896847688632698,0.0067772328747195765,-0.025115843210962073,-0.0555972493269904,0.046016560076609835,0.06647868979854567,-0.017574719943691707,0.01816487213050829,-0.064454960021576,-0.05508105090830458,0.046988948285772256,-0.03711319139442754,-0.05009728418330262,0.03591871097613087,0.008557461272010243,-0.05677993320576622,0.08516935524716329,0.11771329881853121,0.03016979604108238,0.04702583316456364,-0.06053450526888517,-0.002919506601857626,0.06127198791936654,-0.061852594736251924,0.004101195039749858,0.06963741971017677,-0.004296708623670554,0.003965196962722856,0.08533812331597593,0.161835852706534,0.04557603845407062,0.09097208654659887,-0.03568149943584945,-0.00535314519777386,-0.00039703788627195647,-0.05248380393354573,0.03408433218275342,0.04660701417535037,0.023959631265159133,0.026973230133164335,0.07706157390286542,0.08125249153731942,0.020561728207098142,0.017913884142596623
-0.031322265579112496,0.0007689735157694792,0.011573833471614775,-0.02183393178434139,-0.026624093074081485,0.016673523011815385,-0.013109930972859382,-0.05729859634350166,0.04851080111399767,0.06769506972255471,-0.01582497455653126,0.02102390390415809,-0.06116481017320561,-0.06049766356818249,0.04954416951819957,-0.04373386909672948,-0.05040670248174978,0.030630282970381915,0.011698652214378285,-0.06288180567430131,0.08078538926288004,0.11983144729488972,0.033322600567484414,0.054954860929523786,-0.05352810270848366,-0.005651757238331535,0.06401854530732178,-0.06121747101196077,0.007208393570837871,0.07410250813453875,-0.0013099218946604554,0.008511560408780842,0.08310641187150197,0.16428251372280006,0.054633096728451395,0.08435714896172004,-0.03562522222875076,-0.0067422814541820185,3.8500695243075344e-05,-0.04897151129233631,0.03124725245879968,0.046945313177376234,0.028936792739606153,0.025964030237858843,0.07390736857939889,0.0796167260465574,0.023748233512655825,0.017412166084409788
-0.03311938523864178,0.002588611235038353,0.011614444218412297,-0.021989453730072772,-0.028312397617420354,0.018080852833777902,-0.011882870551817613,-0.052604483884014536,0.041468419383994,0.06519353954445938,-0.017625173026983385,0.026455031419594432,-0.0640466615874561,-0.06705132881992218,0.058786686128384176,-0.037223865059091574,-0.05195770143276212,0.03568615443393931,0.005758725494942622,-0.057540761304914666,0.08777579753769346,0.11921998717253121,0.03023340072948594,0.04799887611786841,-0.06076200734263979,0.0014794276626397618,0.06498792388527051,-0.06316792989846379,0.005585442640119216,0.07487210684251852,-0.0034818111379991148,0.005100194097924427,0.08850049980686224,0.16943464059375926,0.04134350277680365,0.08529281045649119,-0.037018248377119055,-0.009385784538344072,0.0011285056433090193,-0.052676835044908214,0.0353112601105942,0.04036289299060683,0.028546918366177513,0.027067690926539267,0.07748704080547454,0.08115007299557243,0.018873570064586124,0.020062146295415327
-0.03312567625588408,-0.007749707966429909,0.008910187891171019,-0.024797571152502543,-0.06548914875147335,0.044330846713257474,-0.01885975155730509,-0.13478393832876678,0.0803796947552548,0.06601661797137201,-0.07564185049157332,0.03941330156606595,-0.05190463380336771,-0.0592085427043652,0.08423855608381504,0.0104534407668701,-0.071573541296801,0.14442888686923697,0.007732171117391788,-0.17879087403498953,0.2146950285217156,0.07153095841863913,-0.0006925761638314137,0.09408801030258346,-0.05284198507528806,0.002744692663820865,0.07886254054485807,-0.049447281394968706,0.07803477189716819,0.11150257577342085,-0.019648972352467868,0.07073733440060144,0.14556829267733937,0.15702818916336098,0.1130998021490314,0.10046965454393991,-0.035131837159133976,-0.009631337752686778,-0.005338192667045452,-0.054308661904358416,0.031003516733904227,0.03975167717617179,0.026806558073287145,0.030065082445419118,0.0707132351509625,0.07971911998353597,0.025437800643039448,0.01526491583579828
-0.057138005169312354,-0.02898861220204896,0.008559845127568761,-0.0315332065104468,-0.2321451523513094,0.19044334624641673,0.05590459404366994,-0.39855855556462355,0.29453955372478285,0.22395578043826914,-0.2313296600033806,0.16713955574094044,-0.14781488248727095,-0.03181268449097911,0.2843960170811539,0.18986628523607238,-0.08309320824472492,0.5010813129166516,0.07836188118851051,-0.4238005460824821,0.5467934028767585,0.2749191299026228,-0.0797468005964654,0.3392012526809669,-0.1393022740033534,0.21704471146973509,0.07756220821932587,-0.012931700572009706,0.5028829767604921,0.3058135808160254,0.2751539749097917,0.4253635846812876,0.5101507536380105,0.34214013947056543,0.47072756190358056,0.5072954691465007,-0.032900373383551174,-0.004172594736639919,0.001814041782648345,-0.044980049945561304,0.03195809844658064,0.024479630320944728,0.030539775442369785,0.031567217656660936,0.046531863335692314,0.08389635162328721,0.031187663771890826,-0.0023956929480716494
-0.08649952412136813,-0.03574664481669813,0.005648368445111899,-0.1031275984270055,-0.24582320468001775,0.20180027046688923,-0.00957308025608172,-0.48577029900919055,0.31560338262379545,0.20187869460021768,-0.2931926091753291,0.21362556375154246,-0.3338679627151362,-0.053497734932894225,0.3596239964436782,0.06647283651356879,-0.12492491463798841,0.5332265611625241,0.020358314054378192,-0.4658869872547454,0.5963385263434731,0.0987497400137792,-0.21049417609411292,0.5417389946153046,-0.307549415199513,0.372095852367155,0.05480840349514137,-0.22281748988692077,0.6982171892803465,0.4854704393665506,-0.05187373679493539,0.5336662014710216,0.7103494362223334,0.006407059233385001,0.7827367425367653,0.8053652635982264,-0.03855559705843705,0.0017320935331657655,-0.009364002016599916,-0.05175455371457808,0.03595360441402696,0.0158070929878038,0.03044524739733903,0.05159841524771186,0.021520847917507434,0.06554056062861452,0.07804923548109301,-0.0019216597726781108
-0.4877572422850005,-0.5646809084035082,-0.19786285799215797,-0.33046465228787525,-0.6736202738023466,0.4910444758692095,-0.12920349427890454,-1.036451185794124,0.4877480326706247,-0.07111887653393535,-0.7607659632308066,0.5818033655434264,-1.2488781124218011,-0.6097904783844906,1.1021066625306468,-0.43361003504049966,-0.6572942564791983,0.6881070816903974,0.34244774898647146,-0.5795918859415489,0.7440333060104576,-0.38545972715040255,-1.3626660088808578,1.7738641065451037,-1.2779760361127925,0.34840256075928167,-0.6699445924166,-1.3060159869799222,1.0745586559178106,1.143532386033948,-2.190331897946942,1.0519113901057697,1.120197059815794,-1.0412822092169582,2.1717951523808487,0.29071614962675096,-0.07156643636270865,-0.007013475416597383,-0.04553222688976807,-0.07216285524033243,0.06640034653795372,-0.018737133247647836,-0.017190293653348215,0.11378656351506726,-0.005631433297592147,-0.045019727197044265,0.21078669662591823,-0.0045558359659896835
-0.8105180245550889,-0.9365357698867931,-0.6018058963487511,-0.48054996121613364,-0.8227887779030544,0.6213256259322999,-0.15735063543684974,-1.2971102568051234,0.49732526772270425,-0.27107228794714827,-0.9767584017857629,0.8131450496123592,-1.704792478666346,-0.6420447962102289,1.4217059160168062,-0.8250645196321991,-0.9601658274574233,0.4965446444550841,1.0298293586959495,-0.26656630273878384,0.5741303283345295,-0.5049407772713879,-2.2160278069516206,2.879406059560132,-1.7341978404209861,0.1373712932069876,-1.3570357431467999,-2.0126184892759422,1.1361195701390974,1.3078712284975806,-3.9335895805114585,1.3198142754281896,1.0432705647379146,-1.69643105637676,2.9504184366054282,-1.5133598171394609,-0.10391571727995355,-0.011382871877729678,-0.06665217906128328,-0.10919346226332315,0.07302506675121254,-0.04027422420567505,-0.04820616974882617,0.11697340190745126,-0.02942374724882803,-0.09939964996318698,0.22085068842865643,-0.00988168969869957
-1.156863423603423,-1.2882980015267724,-1.1925752051106269,-0.6680441843714643,-0.9745405669870332,0.7722100404825587,-0.14997874860124408,-1.5747554600859937,0.49290519549661216,-0.4975764473562435,-1.197675253208129,1.1199825557261485,-2.056811610897074,-0.5233121216805154,1.6917141501683906,-1.27271957564053,-1.2540863521827468,0.17152644165388647,2.1243635627603292,0.2975860870870331,0.2849847186796789,-0.5118939662059515,-3.235118998632538,4.301912829471411,-1.9796482868300207,-0.06321573642136422,-2.0793361740407814,-2.5555858928538844,1.1875659581293676,1.4235111487371435,-5.885965100631668,1.5935296033704873,0.8598434324839483,-2.3152475102827403,3.7340733820304948,-3.927030752079652,-0.13226245988494598,-0.009323512650348,-0.09108167675194832,-0.13531284977779784,0.06979398434075072,-0.053157363366595684,-0.07034349376734125,0.10671553985499622,-0.040525178077226186,-0.13926186931853568,0.20841753398434676,-0.010419196284293164
-1.6862363643783038,-1.8134598936240671,-2.294699394177885,-0.9601265059374154,-1.2201317824268871,1.0898943633629203,-0.022945255082137954,-2.103025450432115,0.5660386348599988,-0.8277911971013513,-1.5578489666906308,1.8330888685021476,-2.4951369538013983,-0.1602397420513491,2.0647517229487864,-1.8905057344975282,-1.5530717577907398,-0.23754142341435291,4.200201181525597,1.4252179954215758,-0.08891303743199416,-0.19869683535726254,-4.8894319884605135,6.823450773026016,-1.9036577772770558,-0.3683100528121011,-3.3602407522110735,-3.0563533934610567,1.5106765998104212,1.8653896958640974,-8.594793228616718,2.1197720491916874,0.7834006555436042,-2.360942530262569,4.933146837096153,-6.714742336214948,-0.15174061873247363,0.005608649777659323,-0.09894346494260674,-0.15148665917573803,0.08830813217076489,-0.06635623424378537,-0.07822122281218415,0.11791947868461172,-0.06165284796463149,-0.14695096040975547,0.20842238153239553,-0.024434783449981467
-1.8067950398573447,-2.0563460492149237,-2.702423285989431,-0.949853237229424,-1.3181210831165184,1.1833924857682443,0.013546723843728042,-2.1881607600193833,0.6261002632160855,-0.8288894530747611,-1.5946202687806539,1.9314516493476015,-2.5560264268051944,-0.07977853696276864,2.1888822056844304,-1.985991723876516,-1.6076697750685964,-0.281424163898254,4.444582075755762,1.565662129921145,-0.07625945506926679,-0.19100119290973616,-4.9342023924866565,6.982655110970205,-1.9580114155233628,-0.37015741899278404,-3.348976128331979,-3.1341473995607796,1.5440228155286027,1.8756558676435242,-8.901430148929858,2.1982876049339377,0.7636443056550971,-2.308415214359161,5.068088242399846,-6.937177055231301,-0.14696231896192202,-0.012380050063373765,-0.10971649711186329,-0.14766489308364822,0.07363557282039057,-0.07062475689151433,-0.08049030600895642,0.1135540609499033,-0.05895988325695772,-0.14708961117952835,0.20511047126570459,-0.021460730421789503
-1.8924518387146902,-2.4323528548122613,-3.20640004923876,-0.8853438700882016,-1.4727832402126366,1.29623688058764,0.04834696921750117,-2.261740253829383,0.725618962705714,-0.7635295020266827,-1.5345719273196154,1.8846930085112226,-2.6173606093789625,0.02205866896727332,2.3693949078142897,-2.1452356584097445,-1.714992831375993,-0.4306564776122304,4.723985977366717,1.7503990423459765,-0.11789667786688396,-0.31619877504644806,-4.771359688366137,6.894293423792842,-2.1358844084196327,-0.32919722091061254,-3.112398413404687,-3.3269719247663097,1.513728317035353,1.797964545737439,-9.811798616902063,2.3183418946517,0.6287137714135583,-2.3817412667196227,5.405280240367867,-7.947744852775781,-0.143161514914446,-0.02616343200013514,-0.11431798820798854,-0.15678204389678177,0.061872924076908,-0.07540096309302964,-0.09275075034263178,0.11198254766046148,-0.055216863999795945,-0.16558737346448313,0.22647514546797276,-0.016670997679168516
-1.8541946744477682,-2.5141541517271735,-3.2137157505349774,-0.8270403013617793,-1.518783656171866,1.3126381835332694,0.03825906989746111,-2.2265753064229417,0.7618915205512691,-0.6953233134115561,-1.442273430796619,1.7592895017218066,-2.607504574748935,0.02584566646186595,2.4276383605740497,-2.1881506036466645,-1.760069460783654,-0.4960766663749263,4.740432961658778,1.771825927266437,-0.1250084993026015,-0.428558133308091,-4.570656341229739,6.665535427914033,-2.1722181574561263,-0.27088244409094275,-2.91839981643535,-3.37517466408282,1.4806897629200735,1.7389082098547075,-10.239815718990483,2.348430344240574,0.5622351096842719,-2.453855094213878,5.595058523765361,-8.611629682320727,-0.1435003651478139,-0.02604784778629208,-0.10805876735088,-0.1670602300970761,0.0603458090370088,-0.07793021024281484,-0.10743801221541774,0.12339907793652116,-0.05504112780341019,-0.17542896328407842,0.24522220371510942,-0.019163200014923464
-1.7482103930981665,-2.5215537143702056,-3.0217001325919286,-0.7302976678639247,-1.5379030992437823,1.2960031540711179,0.0039502708798614065,-2.1128656072281125,0.7799433769441406,-0.5607510729921841,-1.2423992547466471,1.5069937688887043,-2.558959494920255,-0.06324151008097975,2.356617163174855,-2.1865016932016164,-1.73153865597476,-0.5306829900047073,4.465752686842635,1.6806426139376396,-0.12975239376601225,-0.6779447904282876,-4.030758098312645,5.990538105003448,-2.0596825460800217,-0.07674431085556235,-2.3593369845350707,-3.2632250682012613,1.372333857326229,1.5037030965108382,-10.346833953754013,2.319133733885977,0.42630286841655307,-2.6210367664340453,5.694714244353313,-9.234720276096155,-0.12386537986045684,-0.02626854770479278,-0.09533888096230206,-0.15782633087572037,0.053347135033193986,-0.06905466707838646,-0.11464130196955084,0.1218394453268044,-0.05190566854926519,-0.19582504466435624,0.2796049616809648,-0.0075292550055090415
-1.7802682892335189,-2.5472062083545253,-3.090089648370964,-0.7434717476970458,-1.5326804780920824,1.290664812917967,0.006108669548077671,-2.1210227808897426,0.7782488190614809,-0.5600857709584628,-1.2349438122300926,1.487134295788747,-2.557704641684581,-0.03880649747114011,2.4109996121444377,-2.1847112792586665,-1.7313306821239287,-0.5197114158678774,4.3770440255368115,1.6112715346928657,-0.08890742816662903,-0.7034503488780985,-3.958329952323971,5.872009330211135,-1.9609407063552495,-0.05494938659353165,-2.4306067732101853,-3.1916983616898076,1.3959612046846068,1.5372235049278131,-10.123189265675565,2.315527856875984,0.4564276870309849,-2.597520317956305,5.599681997016941,-8.909884060735502,-0.11773862207861639,-0.028182307352951304,-0.09674064926656303,-0.15173200213498994,0.05183148177939737,-0.07104997216828275,-0.11335932036828912,0.12307153754421592,-0.04916864706844913,-0.1805291311147323,0.27540477383309997,-0.014550341727338722
-1.7682469771932199,-2.4261196956201307,-2.973289871800849,-0.7576785916738386,-1.49250311489471,1.2442807558069187,-0.005328648210671444,-2.0869793093037132,0.7370431295164371,-0.5746171287652998,-1.273811481754345,1.4750908620780523,-2.5076860288445326,-0.08873243766185952,2.38360175980838,-2.105584935257492,-1.713769797279468,-0.42928981446834263,4.25967711121029,1.4764627870882385,-0.014746870432872067,-0.5891006260692987,-4.000536297169604,5.867548498150748,-1.7362717057252666,-0.026001002598275855,-2.6133261185627417,-3.004319777293213,1.4966598665203075,1.6998107613021995,-9.565941690752213,2.317950426799071,0.60387225622953,-2.3852308038962944,5.391987831999077,-7.898756645222564,-0.1137845861872656,-0.017591833902215102,-0.08721224568470475,-0.12586829009606493,0.06188762309792683,-0.07396335501322679,-0.08562935177912862,0.11905702682704994,-0.05651656126303501,-0.15885315041501039,0.2507022674458319,-0.016848219643333107
-1.7208501808405623,-2.2914937856513435,-2.7849029752757692,-0.7616009981689559,-1.4485203934271917,1.1947906514500108,-0.015631319787464848,-2.055653481067957,0.6958927175998509,-0.5760694822436627,-1.3021765748983298,1.4525897019491787,-2.450355759576381,-0.16393832953122445,2.3060436662548094,-2.034011585052028,-1.6841241476662032,-0.37504657575340417,4.193653968516069,1.3899052941352952,0.0195554739573984,-0.4836042555317343,-4.095317596288387,5.928030125743531,-1.6096254312019551,0.030421934749098885,-2.5916374675870744,-2.868682389130463,1.5335365615029455,1.749254228650191,-9.148389783508868,2.3010672337378373,0.7082495090268602,-2.225122958407423,5.292397738631267,-7.304027757208523,-0.10833935821621819,-0.016635036756452982,-0.08180818658433722,-0.10995507206001838,0.0679275612059431,-0.06513126636864318,-0.06886752489168256,0.11688501374028272,-0.04681775963928761,-0.13823184051066897,0.23937680833781566,-0.031977683250571695
-1.654134354657136,-2.1079217271791872,-2.5273487021989283,-0.7614096757229583,-1.3685985720637575,1.1020795904419534,-0.03425279305801808,-1.9989220713378553,0.6183034097148513,-0.579383792007663,-1.3398686773785955,1.3856630153604754,-2.3714742049950175,-0.22216277118522246,2.3163500350543416,-1.9058608799515675,-1.6614279613477092,-0.27983147932117336,3.988114532904486,1.1616182405599145,0.09913586947507892,-0.324119721438581,-4.187264373884742,5.902455319963416,-1.3772619934607364,0.10359874424171342,-2.6561351990542947,-2.660761063180616,1.6006080375853284,1.866907417014275,-8.322715884057127,2.268664749343656,0.8827392994382143,-1.9665864019592358,5.003459075097738,-6.021472522966295,-0.09302423499143518,-0.011085309519937792,-0.07763753728350825,-0.08839936617556016,0.07802953353878121,-0.06352969644785417,-0.03857388287933176,0.1207537311037213,-0.04692602264083589,-0.10305517734138801,0.2160049685852842,-0.03868846931376238
-1.650457314981646,-2.0404951313025137,-2.455432704672106,-0.7871627745091976,-1.3259069706600104,1.0571635481267203,-0.04589361031455178,-1.969438691844449,0.566486145271974,-0.5944447491278528,-1.3816301786161578,1.3581083960711138,-2.3354344807577605,-0.23697419595954078,2.3519715004597046,-1.844343022967069,-1.661010370709736,-0.24349965903127455,3.7656114072901974,0.9726967332977355,0.17527796358445213,-0.27664317976364466,-4.115876301335479,5.667265077412235,-1.1947668955628568,0.15571069488068595,-2.7730209683512554,-2.5356871902146327,1.6371563416606745,1.949471831636641,-7.5195086860113864,2.1939381336103483,0.9671701131316548,-1.8161146535060717,4.62471439555975,-4.814918230288644,-0.09360094020422112,-0.006907081444276661,-0.07525558131455498,-0.0662788112519475,0.08229387111322256,-0.0628016276300124,-0.022306475000290687,0.10516844702202276,-0.041891445759391695,-0.08179330739169612,0.17950914744339322,-0.03219337119636636
-1.6426459782841416,-1.975174926338274,-2.3918514458037983,-0.7837191968082678,-1.2825391586283457,1.0223061621611764,-0.05994562904273671,-1.9224223892414722,0.5425232787381099,-0.5960562289257753,-1.385058091644172,1.3283684618817944,-2.3072484670759663,-0.25699922617264315,2.3511935980618914,-1.7906962953724463,-1.6420675101227298,-0.1961737356673695,3.581998274328078,0.8502239124127995,0.22261411599777062,-0.29873102954309466,-3.9768360986503803,5.44465301398981,-1.0799956458549447,0.18320832611936422,-2.8702942444445556,-2.473096099593786,1.6675340858132688,2.0008218188732303,-7.173249050882039,2.1681432220597467,1.0109510311815735,-1.73592669733993,4.4651765253020494,-4.301201281122473,-0.09401132034159662,-9.999553021466673e-05,-0.08070460914700431,-0.05934065439626113,0.0866387921762966,-0.060806856633086506,-0.013107519624201175,0.10680027971005117,-0.04704092307463806,-0.07496768950077487,0.1689225726787779,-0.03615537645267564
-1.5626004900060242,-1.8130399714406509,-2.1274956337780577,-0.7740697302931424,-1.189884076936852,0.9359991930389455,-0.09584919049823389,-1.7897009116914973,0.491028581360052,-0.5541674409176395,-1.3032291665275881,1.1659533999051657,-2.238287509769782,-0.3032323758310369,2.3751992341351427,-1.671963425073061,-1.6159224237542409,-0.11192962437960571,3.063273441441543,0.4940178844788973,0.3527251813658677,-0.3820660500773171,-3.5094810870206157,4.73662028132263,-0.8414460486784322,0.19632736270220183,-3.1201101330044962,-2.3793764186957005,1.7733982426834278,2.2102594730824325,-6.72715925133759,2.1544262483653824,1.1476981205768915,-1.5628295550900115,4.266573409483917,-3.523331898277834,-0.10228589264090007,0.019774632369786275,-0.07781450936403862,-0.053117011289035225,0.11222170585834834,-0.06965847281319303,0.004685777083150502,0.12277025432577106,-0.044262717617100995,-0.051354408965062506,0.1779460786486435,-0.044960680460017444
-1.4552456138049004,-1.7448962663927678,-1.9228076659213167,-0.710820776255495,-1.191678378812258,0.9298738018860131,-0.11199631720483917,-1.674581778857514,0.5087611542609515,-0.4448105524127365,-1.148259749561766,0.9687909268791617,-2.1595339411451415,-0.39443545005317393,2.323864887778022,-1.6501943585025476,-1.6020246368237578,-0.13693916119885152,2.707509676825681,0.3365045900599164,0.3967384740126413,-0.520477671856172,-3.005087773787363,4.089326751019547,-0.9196160122941907,0.14349146176363,-3.0147224893247575,-2.4379695277258326,1.725882611705345,2.186386515005868,-6.678495544313112,2.078019782517741,1.0669411267445725,-1.6321714486305883,4.142395089722998,-3.451120149099057,-0.10549664831153606,0.010370003517782925,-0.08270196369161616,-0.06470732302866625,0.11664514187751883,-0.06901848607735059,-0.015048538989572945,0.12514814789656506,-0.03437148767388629,-0.06701302957241173,0.2062190293083931,-0.029196065380705613
-1.4473704891520551,-1.8360720578836154,-1.9673055569458235,-0.6859255921435684,-1.2449274755527076,0.9755864767439157,-0.0961134740140848,-1.7194861964818464,0.559402210285211,-0.41803419478831916,-1.1522532885421017,0.9927316211696566,-2.1416847132518635,-0.40716931671978673,2.339954374441978,-1.6276964565623158,-1.533242436089407,-0.041942525640659215,2.6114406410132416,0.31189051483672214,0.4534411337875207,-0.5462998188953159,-2.8972923852793246,4.001115368092497,-1.005162019333992,0.18382170913126633,-2.8234012295437383,-2.4262755706062435,1.6694173066559372,2.069847100263804,-6.539882456183121,2.047842739651591,1.005345465985017,-1.6539469586201199,4.086714221554945,-3.4080185487680703,-0.10332298417757964,-0.004929357928975916,-0.09074246967704676,-0.06731944899296767,0.0980274787023153,-0.06622468372795712,-0.01629236300405708,0.11412554962997123,-0.032790515534410786,-0.06568862989469705,0.1932724733271038,-0.022219949439238818
-1.4844975961201878,-2.1003035978647735,-2.1808874182975395,-0.6340167372706977,-1.330435702413082,1.0652797333746802,-0.07586159761841864,-1.7688524369998737,0.6502054738453249,-0.3851807034115564,-1.1560621944062928,1.047793320495758,-2.0971816621937363,-0.4203599571927803,2.380928978301012,-1.5652564429939997,-1.4239114257765138,0.12096564545271221,2.2874552327373094,0.18328514213100172,0.5890767574137172,-0.5938167933412521,-2.6495839080765555,3.772752853510033,-1.1388039020709673,0.3423397799953514,-2.2949043167478704,-2.3149990914340255,1.548640800257386,1.7390804514837415,-6.115359402437163,2.004702165038806,0.9272658103622663,-1.6384682000000035,3.9364036221264165,-3.1426422828895837,-0.08263062541886512,-0.035341160185072315,-0.0875061807994364,-0.07507210915645263,0.06235430316148095,-0.0568346321345071,-0.018618426103992,0.09936766813422762,-0.036930233384306684,-0.07189797913744987,0.1774961398820874,-0.03101653485834757
-1.4111670691449427,-2.0665615617819455,-2.0330232729617603,-0.5813718761380914,-1.347856016487475,1.0826704888318315,-0.0689974719007621,-1.7757548081359815,0.7150742518776942,-0.3295851889040658,-1.1292622667152648,1.0359401890553674,-2.0229682451494293,-0.4892813949660849,2.2715355251133373,-1.4589194603240343,-1.310842252039289,0.27876462654089207,2.0077412709837854,0.03679996725465553,0.7062038230483525,-0.5913358978957649,-2.448923865182625,3.568638902666861,-1.1205127074175076,0.4571505982023657,-1.9631654588583844,-2.1615769361844595,1.5305863868320035,1.6315227094624516,-5.68546365113278,1.993325981678209,0.9491170595710994,-1.5138089073696348,3.8766788403317314,-2.7965273504681463,-0.07827745774278086,-0.039732164164499886,-0.07969684635637905,-0.07189770214960411,0.0540129206943453,-0.04741986125069866,-0.0081741150218613,0.0943383728125697,-0.02231682798373898,-0.05733025771228012,0.1716721899971246,-0.023702444414254245
-1.4111670691449427,-2.0665615617819455,-2.0330232729617603,-0.5813718761380914,-1.347856016487475,1.0826704888318315,-0.0689974719007621,-1.7757548081359815,0.7150742518776942,-0.3295851889040658,-1.1292622667152648,1.0359401890553674,-2.0229682451494293,-0.4892813949660849,2.2715355251133373,-1.4589194603240343,-1.310842252039289,0.27876462654089207,2.0077412709837854,0.03679996725465553,0.7062038230483525,-0.5913358978957649,-2.448923865182625,3.568638902666861,-1.1205127074175076,0.4571505982023657,-1.9631654588583844,-2.1615769361844595,1.5305863868320035,1.6315227094624516,-5.68546365113278,1.993325981678209,0.9491170595710994,-1.5138089073696348,3.8766788403317314,-2.7965273504681463,-0.07827745774278086,-0.039732164164499886,-0.07969684635637905,-0.07189770214960411,0.0540129206943453,-0.04741986125069866,-0.0081741150218613,0.0943383728125697,-0.02231682798373898,-0.05733025771228012,0.1716721899971246,-0.023702444414254245
-1.3465784731357344,-1.9603840778135926,-1.8583271920899205,-0.565719053204808,-1.3105543889090205,1.0366552412650012,-0.07548490989280833,-1.7345894171460479,0.7011741277441107,-0.31655893923938483,-1.1130515029700105,1.0029343370353414,-1.9675830773648373,-0.5400575429718043,2.1731991747473787,-1.4090134426232854,-1.2738735415685123,0.301121028194558,1.9568397476538504,0.010551411250439506,0.705715549071612,-0.5691481553119202,-2.432630390017406,3.5339700212952514,-1.1018873803049467,0.5030713916847211,-1.826774390175118,-2.0895378324193974,1.5206336429577036,1.602915269733092,-5.479696973945857,1.9802437798386956,0.9760884250335526,-1.4298750579617643,3.8623752842295747,-2.587166928689794,-0.07629655009467519,-0.03436427431088819,-0.07275545716149767,-0.06330064137620507,0.05981645635076131,-0.04540566354033284,0.0038962594310314263,0.09324925524337509,-0.027032052686871293,-0.050505178134365405,0.17177773783007233,-0.02794864709998933
-1.3439634260421902,-1.935164490778981,-1.8348212623784332,-0.580680626028757,-1.2935695679818917,1.0326305389479047,-0.07734545357419134,-1.7327996718163083,0.691755936522174,-0.33263455458410035,-1.1233641951976956,1.0222589866149723,-1.955028474252865,-0.550508705994009,2.1193997596024166,-1.4055107316358986,-1.2564826235671402,0.29347105920899785,1.9336977137445734,0.005253704030965175,0.7019542047345086,-0.5635225650621267,-2.448443991849016,3.538966836842967,-1.106157583442515,0.5164313920826662,-1.7513323166812274,-2.063345942845453,1.4986210369916182,1.567233379839228,-5.372706536140282,1.9557845312843287,0.9670148599723318,-1.42028535871278,3.819079775664873,-2.500560705068753,-0.07113851590997988,-0.04037786711951043,-0.07707872016330718,-0.06523523134140528,0.04713738885267799,-0.037575880068178164,0.006111441474877535,0.09217330004104783,-0.031570398764059183,-0.04881044220222071,0.16871888952361583,-0.02871670405739712
-1.4199475463963176,-1.9191160072283269,-1.9413991287326278,-0.6415573510394058,-1.2705289220731313,1.0429740038057909,-0.08401138215240059,-1.7533753658922655,0.6614825708227937,-0.4026265807132542,-1.1778495538551905,1.114051516606214,-2.0050869654798356,-0.509304544232487,2.0349721925261983,-1.4577194402709253,-1.2195388396635432,0.2343455812134868,2.0161415253273676,0.13684476010026955,0.5913921194179359,-0.5952538775987098,-2.553102265035878,3.6649925648419632,-1.1412485756010973,0.4991098178404872,-1.7749388126561536,-2.0911402849158884,1.4351336464061457,1.4598762331163981,-5.245975140063986,1.8889660601413882,0.8738221127352597,-1.4988409795084991,3.6901004415894194,-2.487374743358735,-0.0732417457463446,-0.03601645265539583,-0.07269032940318333,-0.06141451184186856,0.03972349943631579,-0.045081243596118904,-0.004150528746297172,0.073118634799282,-0.030155509942087485,-0.05554915804148044,0.14431386304507776,-0.025668817820188466
-1.4135469790115873,-1.843284071996851,-1.874875161111103,-0.6555546193912039,-1.2150708926717138,0.9857549840357106,-0.10005595761277314,-1.714213637027503,0.6158468544936755,-0.4642597740667758,-1.1698890209358703,1.1229349456973852,-2.0126869968604786,-0.5035636554717128,2.0200499094300888,-1.4707659896004757,-1.2312697346499897,0.1780286999911816,2.019443236374319,0.17671569386188782,0.516598673205307,-0.6518095588323145,-2.5522926300307796,3.6508721355333114,-1.1238757957696233,0.48282057589130783,-1.923944477783101,-2.132024556930084,1.4467177194536773,1.495706101587537,-5.370982061268745,1.8783951159955001,0.8315110986226836,-1.5913694913617575,3.6520185443295063,-2.634021790212216,-0.07209555578696174,-0.030699268098056866,-0.0761324850248256,-0.07225637784664683,0.0583634198483754,-0.04624955454094116,-0.00512463823107732,0.07597104501580036,-0.03257799682369006,-0.06414115944168987,0.14258369347114866,-0.019163773408075086
-1.355760493501581,-1.7553070605012782,-1.7324742016938441,-0.6455246396770402,-1.1851503028024477,0.9443029514899169,-0.11062566205271605,-1.666883083766666,0.591407495935882,-0.4571008937705258,-1.1409262585059154,1.0787924733218321,-1.983199354417744,-0.5342299177364412,1.9575946301432565,-1.4598648122840392,-1.243526817481046,0.15277965051885578,2.0120991467400406,0.16651965887593245,0.5052010612744068,-0.6569880895213042,-2.548872173288313,3.6297092480649598,-1.1269824421876768,0.46958362589190905,-1.897344460424428,-2.1430934359055636,1.4576668876619014,1.528295649880062,-5.473228138855273,1.8909904515767504,0.8570339420982208,-1.6036465268372284,3.7018357864540383,-2.726857534841351,-0.08372863781014701,-0.029656587111903235,-0.07818271358170388,-0.07359720651229251,0.05399785044170086,-0.04792876764459281,-0.00802375389825906,0.08262331301906108,-0.030621177537454768,-0.060705573199178374,0.14876862152110548,-0.021895649263349876
-1.2457551101153121,-1.5977532990235923,-1.484852826394007,-0.6303214174207263,-1.109719154306604,0.8678534007975369,-0.127832713753739,-1.5841484101027445,0.5330433207435186,-0.4194509078643543,-1.067600644442887,0.9547107164482118,-1.951091930908794,-0.5819626992484084,1.8430453929190314,-1.4799788663263136,-1.2813464540786579,0.04773907663976604,2.1210730309005483,0.2271778864227308,0.39510316004138507,-0.6633514599242611,-2.58723769780864,3.6443591741355683,-1.1862976492736343,0.4113903174035621,-1.9216690145055468,-2.2115442206227955,1.4264822899466925,1.5496977680408386,-5.782565013387651,1.8932882899855907,0.8603410886413888,-1.6758657060233064,3.8241246131171986,-3.035902309804361,-0.08964679947972781,-0.027778700535901032,-0.07998715772988468,-0.07828862482931642,0.06726703616168807,-0.03770171520959102,-0.01731188864595111,0.09594480546419534,-0.025916424934027536,-0.07757659435529646,0.18246233328207626,-0.016081110629066447
-1.2583091542665723,-1.652981016182208,-1.5352958106042147,-0.6327104004634386,-1.1225732624953046,0.8955526288818029,-0.12645290374194895,-1.5905686006256445,0.5386786225991217,-0.4232866150707645,-1.0522991200841039,0.9613699614759339,-1.9708779295899939,-0.5769711109428365,1.8428910082920458,-1.52511625516629,-1.2933259952328782,0.0019742479254750596,2.181952907237379,0.2906991133693706,0.35182572887767016,-0.694542457360147,-2.588436905361829,3.65537594729603,-1.279789267667996,0.3589586223751943,-1.887252205939576,-2.2710468343327426,1.3658247882366898,1.4551768935802782,-5.96361982485338,1.8723200175944925,0.779376206053323,-1.7904132285995649,3.843138346366235,-3.2925622342122565,-0.08955866836364144,-0.03045918096100442,-0.07635313300553681,-0.08695738665815846,0.05550581257357108,-0.04596931939893487,-0.024400881036182636,0.09177919081328897,-0.024702838049504967,-0.0846328722795845,0.18190433748999113,-0.007052669391729204
-1.29325646732448,-1.7197618082525017,-1.6192852611283197,-0.6169456208104016,-1.1622944626864407,0.9304083811510157,-0.11553730621925927,-1.622763521733755,0.5805505982927595,-0.4101345582964939,-1.0707516633608958,0.9891296867799686,-1.9765117469459526,-0.5635776503646815,1.8714436054371038,-1.518504859663653,-1.2741778509158208,0.05005261694739756,2.1137640699063516,0.2566210100302817,0.4120673059617265,-0.7063661254356103,-2.5417714204680872,3.638521946299803,-1.2733257630338903,0.38329959433941907,-1.8126929797048785,-2.2361854012408506,1.3573703740073366,1.4346218357011826,-5.86661167640947,1.8734180789989967,0.7694773065713784,-1.7795159337128688,3.8211163641625476,-3.2472134442425102,-0.07953577740068524,-0.033985832543378655,-0.06731169966935531,-0.08668211570851111,0.052599481546798374,-0.04678116437087386,-0.02321377300266921,0.08366918796668825,-0.026213173457780896,-0.08794513325238411,0.16832822822241858,-0.007099878107602022
-1.212715342425596,-1.6702915694795273,-1.4802399607753374,-0.5654967724935249,-1.1712536129838775,0.9214842633940328,-0.1089862145434077,-1.5944140502786344,0.6158939526419586,-0.33002032345735416,-1.0247566975571119,0.9245899450529731,-1.9176536927287913,-0.5973986929464072,1.8569880151934883,-1.4359308936053776,-1.2532430652645836,0.15617977321078877,1.9581566143245712,0.10935367297511887,0.5319867774391591,-0.6524879088193536,-2.4078695763755213,3.4803560246093244,-1.2054129643502196,0.4464236598344345,-1.688741363346708,-2.1340935391177025,1.4228545054020523,1.511588116674032,-5.696571433408051,1.9233336140355317,0.8874432728935813,-1.6009876535675198,3.8727697556714475,-2.9615652670023436,-0.08089324403417975,-0.03122413162937025,-0.07400066531595724,-0.07601968846371723,0.06103142483733257,-0.05312342535917299,-0.015478776687719867,0.09733256543481844,-0.026369976141897684,-0.06763541717214869,0.18666643467908972,-0.016082082152872944
-1.1754274154817732,-1.6479875079008084,-1.407514863432814,-0.5405556565126468,-1.164796456310826,0.9101418227769947,-0.10688448011270679,-1.580247383514656,0.6183075973035911,-0.29880642188184425,-0.9973055631871517,0.8916497427625724,-1.9006684948060537,-0.6129875540683868,1.8476623520394553,-1.4130647886564656,-1.2580013083725674,0.16991606404984602,1.9271264277835776,0.06629972455777258,0.5587452579095074,-0.6324708764289677,-2.363847902792925,3.4306169311471195,-1.204806162970897,0.44815137828275514,-1.6671162498674483,-2.1294440828559664,1.4378213193055176,1.5417223617266622,-5.677128061507065,1.933145983407517,0.9382370702234729,-1.5430862252377924,3.918287463135819,-2.9026110426198133,-0.08001801701529189,-0.029831351234245126,-0.06608392667442335,-0.079740564013716,0.059823754894594225,-0.045815353389241496,-0.015779085074123823,0.10181317424223514,-0.032547755058372194,-0.06246392371961223,0.20370001601969281,-0.020346669683666673
-1.1579571052183781,-1.65005613409432,-1.3855455665782233,-0.5412144772469503,-1.1795505515684257,0.9104827197151085,-0.10724593872430575,-1.5638701407352968,0.6235100050838539,-0.2802267234357491,-0.9705257191591057,0.8603410486581208,-1.90345825308127,-0.6213841826296492,1.8459728204542343,-1.4270836997847511,-1.2779845521768032,0.15019154278121558,1.9633192362596432,0.08643315707411883,0.5428048497657644,-0.6279855900933037,-2.3745817751979086,3.440132749471548,-1.2328050745007288,0.4245331051570146,-1.684404089798092,-2.1666954626960715,1.4313457504313694,1.5462366542178476,-5.803862736059923,1.9452147292985957,0.9389873649387733,-1.5486142138663033,3.9567576339117503,-2.9709452180263716,-0.08113491415547036,-0.029812536802046964,-0.07219898557726818,-0.08092890794631469,0.06427573816678984,-0.04154014602935318,-0.013266787358706742,0.10412176481740801,-0.026051869144057105,-0.060487346920133786,0.2073188662168755,-0.02710082185455374
-1.2145633456245892,-1.728130765509017,-1.5065357910771173,-0.5577384134273266,-1.197499933852618,0.9389499264429554,-0.10791674073724697,-1.5828158519044466,0.6187618782686695,-0.2946531958073815,-0.9688323696362938,0.8823872428422728,-1.954279122894185,-0.5911353878288219,1.888347501685752,-1.4761475121223318,-1.2914207857658884,0.10610250385613434,2.0434163034163055,0.1622774874962548,0.4939410520864904,-0.6648077891462962,-2.392314665765554,3.4773921365180382,-1.3200675309904413,0.36265937824768285,-1.7225517804762396,-2.254383655607694,1.3788396736593294,1.4762178502841015,-5.986008246930986,1.927334864732842,0.8443564535098944,-1.6776668023701358,3.9467051781263955,-3.227894219961392,-0.0820534179711136,-0.035178742465268066,-0.07200111604823173,-0.08475077711795273,0.05424430618873104,-0.04023462522146112,-0.027271036861053418,0.10320765754894813,-0.032071786054725895,-0.07766274073382336,0.20979613087621135,-0.01407878020333603
-1.267974489537867,-1.7978088980339146,-1.6232925867110344,-0.5576401731389881,-1.213450558149741,0.9645037516126608,-0.10408135519533385,-1.6185630910606637,0.6248834067168859,-0.31051312135741743,-0.9920563809933757,0.9147511643617224,-1.9785304540343278,-0.5688364765671977,1.9195256877989744,-1.495338082902116,-1.2842976973042755,0.10817275407491192,2.04759273595297,0.18345757243252614,0.4991021215657042,-0.688496650360081,-2.3798526184965962,3.4733651746449445,-1.3264334676364107,0.3620215415500551,-1.7307429543206831,-2.2704090887351374,1.365362340775653,1.4449947736310607,-5.971522378843859,1.9162498807639907,0.8029183188687166,-1.718691985487762,3.9052882224168095,-3.25244409486013,-0.0820534179711136,-0.035178742465268066,-0.07200111604823173,-0.09304321127103318,0.04696155517956815,-0.042802039665666314,-0.032059516466317974,0.09464857647278788,-0.026652570227172854,-0.08768156590724333,0.19473483330001737,-0.012687529064923861
-1.2988642590589512,-1.8064499357527197,-1.671893607419896,-0.5837910942806601,-1.2315107893230153,0.9949336232933976,-0.1003277102511832,-1.6405701080493065,0.6596434562214567,-0.321818644719997,-1.02117106019204,0.9615201896628988,-1.9751327356852637,-0.5483060623200198,1.908445855436221,-1.4706511456949967,-1.2342532934094717,0.1809303010634459,1.9464632131022472,0.14576892389155938,0.5490137113030158,-0.6936914395269769,-2.329231704722436,3.439719048033793,-1.2542991160229788,0.42276893506508784,-1.7087468057174025,-2.183499906846928,1.393800875243246,1.4495287765380493,-5.68210139032883,1.9036426339228445,0.8070553288804782,-1.662495472663814,3.816334057198777,-3.0112349202027797,-0.07935833017022197,-0.03271429249822274,-0.07280201434404021,-0.09072351413980141,0.047125267708971456,-0.037672414703310605,-0.01526775749308357,0.08624932235223867,-0.023512690101617002,-0.07438829614177317,0.17904434456225174,-0.013394451024410035
-1.256825801811184,-1.7149451199013945,-1.5572618599757537,-0.5642924666854013,-1.1987436385924841,0.9670095119717513,-0.10209871367520415,-1.6231623187323463,0.6558366869856738,-0.3137105695459126,-1.011274634457863,0.9446498039758524,-1.9404832121638622,-0.5671350153700876,1.8169641261638805,-1.4261314518172403,-1.2065908853480218,0.21785597799118028,1.8941351916391334,0.10174845608609673,0.5733651916283791,-0.6632658872189442,-2.31236473544801,3.4089907681415905,-1.2143491451004216,0.4608890098111745,-1.624467718922382,-2.122376245459927,1.421784212437922,1.4808048483742462,-5.557203667980413,1.922279508837006,0.8836418881071978,-1.5557839543519452,3.837336878786154,-2.817923611697595,-0.07818263598571443,-0.030087588134091903,-0.0724673444640243,-0.0749069575386285,0.05702766644786127,-0.043046148438709166,-0.010511120502107342,0.09275764075947526,-0.01869211655328276,-0.06762262645880435,0.1912777030185377,-0.01635626019528749
-1.2200451475574239,-1.6606498789650463,-1.4720154095523588,-0.5728922956029976,-1.1804833984949423,0.9530255633169681,-0.10635541701860643,-1.6034793701944818,0.6416099343749091,-0.3111236339795464,-0.9948696993006507,0.9303042267257405,-1.9271463651510352,-0.5828040209814299,1.747395204408447,-1.4323371514851628,-1.2002073203726629,0.19138223720294356,1.9270175887229506,0.12801802066802379,0.5468565705297377,-0.6733432796052276,-2.3883662429488655,3.5171755516262397,-1.2358288908963861,0.45001089325341576,-1.5690509039523792,-2.13188639075315,1.4044136343423306,1.455383559914827,-5.622806886319373,1.9256645404816692,0.8766665948624358,-1.6009969561455182,3.9286466668454736,-3.0446153692033273,-0.07694960304977168,-0.031479353117667544,-0.06605767516981842,-0.07531670251929437,0.055641540264529984,-0.041390625249246284,-0.010178344118532877,0.09615314184124926,-0.029554378290994894,-0.06767964819359387,0.19116950941097663,-0.01515292830913053
-1.2328323929626388,-1.646313164808348,-1.4869476555128185,-0.5957695708211307,-1.165702421221237,0.9415308307693787,-0.11571656362603688,-1.592874630903613,0.6175953900599596,-0.3658544936152835,-0.9950700326190653,0.9597611816280259,-1.9654999747951731,-0.5679083640656292,1.7057910776205096,-1.5020530738440139,-1.2177186246633,0.0954478193059192,2.0477655703256543,0.24112553360999628,0.446235361162085,-0.7625909807686163,-2.4187190834530083,3.565117062097463,-1.3231205346335326,0.38482714197458767,-1.607111386453089,-2.232459882226728,1.3533787926697607,1.3978133404870459,-5.893304255121167,1.9107449076676875,0.8058702138699212,-1.8194482929641014,3.8905675035810616,-3.4325658091585405,-0.0793569294066204,-0.034045920709237794,-0.07043400519085721,-0.0822843412792554,0.05295199479896958,-0.03552169747047861,-0.02237071161727241,0.09457888455824905,-0.025759100558843475,-0.09126617441347816,0.19128918209316512,-0.006996351873801712
-1.303591091561357,-1.7148720410199847,-1.6185521757562784,-0.6327288211330984,-1.1587225904751384,0.9612664272050513,-0.12460363573460419,-1.610516468939779,0.5976713067114645,-0.4150829166510038,-0.9960088748895203,1.0030691980419386,-2.0198811447410954,-0.5376082577002546,1.731664462184941,-1.5904683481962891,-1.2252597536708612,-0.0030915518000259844,2.0675585680113797,0.3720832285307367,0.33408066224640165,-0.8680690738027168,-2.35107413056842,3.5005114243378914,-1.392448229494975,0.33635817995846184,-1.6830821023153397,-2.339643503309166,1.2876753005720925,1.320200304425642,-5.996477220465358,1.8347680915210844,0.608365570839585,-1.9566720604774925,3.804336740349135,-3.5769266990581277,-0.08443604777335477,-0.03773971758302056,-0.07644249706593965,-0.09953404934536184,0.045648248826756804,-0.038647334423790626,-0.044533494035568104,0.08352019767776389,-0.02498740200142329,-0.1115172621854537,0.17614408139212587,0.00011158599568201299
-1.3228821063286644,-1.7452757033048172,-1.6602980951116948,-0.6203909241235188,-1.1588106239584548,0.9553004992152548,-0.12698834190862443,-1.5971131000356327,0.6016210143317348,-0.4152582002352957,-0.9976349914392012,1.005062092224629,-2.0175250407537817,-0.534166437188875,1.7349348485231155,-1.5786608377744114,-1.2115890716167015,0.007630542444654793,2.006891576015738,0.3500585566683372,0.3444166275007366,-0.8868974273158561,-2.282923205911175,3.4285641688616697,-1.3829217022892126,0.3473658077516819,-1.6526810432088028,-2.2922730066411336,1.2653136784711632,1.2622703696721818,-5.898677975383029,1.8240732023842847,0.5980430410482955,-1.9552256362524922,3.75663691406028,-3.5012735604443566,-0.08604324637345073,-0.03490250170857569,-0.07894500920805837,-0.09021293797612193,0.04585108013440947,-0.032451442093337536,-0.03689785414851054,0.07401247528158565,-0.02632746741874627,-0.09651644011035423,0.17572306401510626,-0.0012192411263259122
-1.2862310080171384,-1.6820838891130523,-1.5718763408433922,-0.6039250968744783,-1.14287094783606,0.9424082390999201,-0.1276056085849452,-1.5828553101577447,0.6003034245094119,-0.3988697653497078,-0.9857033491379696,0.9850443824421247,-1.976262331176258,-0.5531181088236111,1.663271821344891,-1.533872892425349,-1.179080783180768,0.05263168962304242,1.9354717894282416,0.3031910901178116,0.3726652674513497,-0.865422540176562,-2.2598338437592465,3.390081633732391,-1.3371844150332775,0.39016754753117233,-1.5345627465339904,-2.206693352725753,1.2706360253416351,1.2480824502564782,-5.71837713143194,1.8160163134826854,0.6329894723650387,-1.8808875581572113,3.749192833049705,-3.349263904270037,-0.07612179742081145,-0.03708821575772618,-0.07112400348716609,-0.08682795252314862,0.043014473804085684,-0.03119840497730176,-0.02743596952203299,0.07664317994984453,-0.02347713538229539,-0.08810005749911838,0.16651532817023632,-0.003798301608882828
-1.2692578793742881,-1.6393462981668945,-1.5217628919653594,-0.6128036388453556,-1.1343885364992567,0.9277572990167645,-0.1288316842349396,-1.582403867072399,0.5987426783456312,-0.396041568642208,-0.9908442896069337,0.979482985448995,-1.9715263253578308,-0.5540193701405133,1.6470986393756974,-1.5285973591254067,-1.1737907073692755,0.05320364962787465,1.9734573513839062,0.31476778667751293,0.36804308580147604,-0.8258202394896521,-2.3234368608706464,3.4616834618339403,-1.3190565196887525,0.4035637345474231,-1.4975752829997766,-2.1740736571599943,1.2740187144220043,1.2546326351925092,-5.629523694831164,1.819401313376212,0.6753019267671395,-1.8133173692459696,3.7628564713859474,-3.230886795025646,-0.07959838431949513,-0.03130248468645253,-0.07100531223700028,-0.08396581355824803,0.044322816855057894,-0.035378149057323574,-0.031404746719812485,0.07765330826224752,-0.018043645634214928,-0.08927437344324711,0.17510412247517912,-0.01414444384106882
-1.2692578793742881,-1.6393462981668945,-1.5217628919653594,-0.6128036388453556,-1.1343885364992567,0.9277572990167645,-0.1288316842349396,-1.582403867072399,0.5987426783456312,-0.396041568642208,-0.9908442896069337,0.979482985448995,-1.9715263253578308,-0.5540193701405133,1.6470986393756974,-1.5285973591254067,-1.1737907073692755,0.05320364962787465,1.9734573513839062,0.31476778667751293,0.36804308580147604,-0.8258202394896521,-2.3234368608706464,3.4616834618339403,-1.3190565196887525,0.4035637345474231,-1.4975752829997766,-2.1740736571599943,1.2740187144220043,1.2546326351925092,-5.629523694831164,1.819401313376212,0.6753019267671395,-1.8133173692459696,3.7628564713859474,-3.230886795025646,-0.07959838431949513,-0.03130248468645253,-0.07100531223700028,-0.08396581355824803,0.044322816855057894,-0.035378149057323574,-0.031404746719812485,0.07765330826224752,-0.018043645634214928,-0.08927437344324711,0.17510412247517912,-0.01414444384106882
-1.3291862309281472,-1.6980252631366672,-1.6382778522438657,-0.6346865771458584,-1.150491721256592,0.9620796277812815,-0.12337540374725539,-1.6208878829199331,0.6070767868344575,-0.42105177397630333,-1.0358188264633215,1.0320274257353403,-1.9865370814316106,-0.5344289804060443,1.661169158043454,-1.5405169404400518,-1.1642318806453997,0.07174877280983323,1.9490219841915741,0.30210586187777283,0.3973292264250206,-0.8261179739181351,-2.328949046216074,3.4706455918607735,-1.2834126746086458,0.4345630474733421,-1.4677114632500214,-2.1285847710595758,1.2810077385793248,1.246385445399682,-5.48390802231738,1.813848472428459,0.6609370725615087,-1.784376961351459,3.6901842385967356,-3.072775650050553,-0.07700951306826853,-0.031459473803147946,-0.0650166227848502,-0.0811252572071922,0.04442299155539546,-0.03229143909954436,-0.019956414733780625,0.0672254914389515,-0.024810382636667596,-0.08105892552146315,0.15179215605666652,-0.01222850662178692
-1.2606417978269744,-1.6405296329335837,-1.5115609234682426,-0.5971856697327752,-1.1565348766101526,0.954275336396942,-0.11382828448455115,-1.6105377607006286,0.6357720878844839,-0.38689197793647884,-1.035860064948505,1.0253708833798871,-1.9267192871452392,-0.56782923092419,1.6017678121663967,-1.4757863479752489,-1.1347067923493166,0.14455785047460587,1.9013999542997269,0.2442118277029345,0.45172148247696975,-0.7538507376755399,-2.3482095233439764,3.4958516245888034,-1.2399812292845502,0.4688975111462578,-1.302797047939094,-2.018708753571499,1.283070794203947,1.2349274900146974,-5.293079638038648,1.8351801594708306,0.7402380892099328,-1.6555215507903256,3.725233637377629,-2.864149039574822,-0.06997392272426799,-0.029362482719904083,-0.06421976910898157,-0.07534479657259419,0.037441754871256665,-0.026041694364323995,-0.011058420921891939,0.07158158773971335,-0.028018112124048138,-0.06893663534625585,0.15684717318256036,-0.023232212027001074
-1.2122007258500176,-1.5818872562322965,-1.4145907209628668,-0.5872825473618969,-1.1460677737180525,0.9371479928667553,-0.11424627498224342,-1.6049555912218734,0.624793594276887,-0.367350978622917,-1.0270850204549071,1.0061646927534844,-1.9057906819297732,-0.5796710004080091,1.55578324976437,-1.464383306501501,-1.1299025156129472,0.1416031949504839,1.9354907807248172,0.2571654309429406,0.44395147417234826,-0.7216903212080502,-2.4011476342750004,3.554657715412637,-1.2287376367908782,0.47671031030106764,-1.2541515241003427,-2.002142094009934,1.282299789273904,1.2300428893140671,-5.279251309772265,1.8373377395750266,0.7636257887631333,-1.6057064497680484,3.7600765548437094,-2.809565366460321,-0.0667064482006684,-0.0337666369483384,-0.06351643653737056,-0.0691107610735646,0.03712554979050868,-0.036199186248999975,-0.006670154540444984,0.07405117224656728,-0.023510178531368307,-0.06412045958765238,0.16246383559916422,-0.02008241093802886
-1.2064326915377979,-1.514578570047836,-1.3686139699240891,-0.6183627224162667,-1.1110649233477616,0.9115169170161893,-0.12510176319612015,-1.5893041456077848,0.5905098780779265,-0.37942148765656036,-1.0170941833945435,0.9770115979235454,-1.9238638806465844,-0.5722153015861012,1.5333025414154515,-1.499434570889342,-1.1573191510869385,0.07101509498732142,2.055477331718861,0.32349493360326464,0.36652885049356565,-0.7121572240745643,-2.5033416415389955,3.6531510494557184,-1.2502717745400669,0.46034196766346075,-1.3273090782742147,-2.0546349500747896,1.2858279970066624,1.2631477917769234,-5.4338124154788074,1.8463988998545746,0.768837755071608,-1.6505596919329077,3.8146194091558656,-2.96929603629159,-0.07409832706364684,-0.02771237690044053,-0.07139884161080984,-0.06756885056743932,0.040253336064696,-0.028255598342918794,-0.014304527178457514,0.07811005715004578,-0.023956128329874843,-0.07251969275593555,0.17021827203908926,-0.017790015338881783
-1.2400397551200155,-1.5077030038801813,-1.4114960168120287,-0.6453776937318636,-1.094548123769225,0.8993431978896496,-0.13185414032017614,-1.5847194042119412,0.5667653575922983,-0.41155919383370476,-1.0319515962574697,0.9882504591235698,-1.9487173132992432,-0.5557551187301624,1.5190329657766644,-1.5296614705992058,-1.1722348456845606,0.027621902367414245,2.1235113457240855,0.3734238399225251,0.3231598189399207,-0.7283142878825707,-2.550214764599344,3.699482359408397,-1.2561555640745465,0.45426922393055164,-1.3760698847096131,-2.079325043529771,1.2861825488585243,1.2699950099796744,-5.517475442021268,1.8342963747512888,0.7453855222255465,-1.704359493257197,3.802200544269358,-3.0529713980252593,-0.0740014470733226,-0.0317561616110557,-0.06631683124728183,-0.07451253738504589,0.045943060523860095,-0.029815452991528015,-0.012597487200045098,0.07684216030489467,-0.025314997357647563,-0.07598953750831425,0.16700791730668305,-0.014481119192498983
-1.2951508410242905,-1.4884639398603332,-1.4577614401820675,-0.685055169376473,-1.0650525637419739,0.8864232138995907,-0.14314229442557705,-1.5915723326917333,0.5388384790267897,-0.47278059804411016,-1.0719674571976283,1.0478664248168637,-1.9755431893433428,-0.5263287852646568,1.5077551701609446,-1.5619321712025516,-1.1605550748283526,5.5436485540290986e-05,2.1994430152457483,0.44921349084875706,0.26088969745304846,-0.7549509017659174,-2.63683978186074,3.789568206780708,-1.2425841567956024,0.4649821203592379,-1.4173326261559738,-2.0944581429280618,1.2911373885849042,1.2674855779937093,-5.530075688981166,1.821880441757085,0.7066261163854761,-1.7627917655935912,3.750905949185802,-3.0973617387622006,-0.07842081281234514,-0.028674950094036793,-0.07067478337749165,-0.07304932671129018,0.04719898069839327,-0.035554958251137116,-0.015393976148924383,0.07504781309214936,-0.018513665409716797,-0.07760400802482065,0.15648374224769981,-0.015241338451683264
-1.2707704317774462,-1.5200480779414287,-1.4478516589584352,-0.665153318616721,-1.0818258576639554,0.899417425619546,-0.14046375715160164,-1.596117220624054,0.5514670524835462,-0.47777927903988343,-1.0700991243447118,1.0588327110361455,-1.9621661541982809,-0.5390418327915214,1.531936348038458,-1.5660477937607706,-1.1642662046492374,-0.0014868512953974296,2.1487100124778884,0.42796453655888506,0.2849347106175107,-0.7769539736488337,-2.5832892532129965,3.73679203754465,-1.2619398464890081,0.44916261898450116,-1.3810803964809808,-2.0924579429076307,1.2782477744753782,1.24853749707066,-5.476870560311926,1.8080340903201537,0.689818901595765,-1.763805584817387,3.724111220296221,-3.0656953249703305,-0.07197225578687093,-0.026375750143851105,-0.05949825408612325,-0.0750406936369156,0.046007536789468936,-0.02777288666593022,-0.01865197430932896,0.06843490118203928,-0.022102366095146545,-0.07922281675699491,0.15205350752719518,-0.015989648450470843
-1.2613306551637233,-1.5276480791941442,-1.4388354443239828,-0.6580728226202485,-1.0744512075294914,0.8846859263914636,-0.1427929637223574,-1.5779331287204803,0.5309026371675646,-0.4535870825211029,-1.0369152858086346,1.0063814566496647,-1.9845268693297238,-0.5399940611681541,1.5628752280065135,-1.5902893328492087,-1.2009620222765525,-0.05101646210561374,2.165877212138849,0.4352004633042203,0.2581177455098652,-0.7968773146626076,-2.5516830446903653,3.7020694288862206,-1.2957954031393177,0.41960359677460846,-1.485620011694246,-2.1641076823549077,1.278696570471196,1.274702132892835,-5.650227070348383,1.8202931719148268,0.6768393524780374,-1.8115144754449293,3.7602815706203874,-3.2124479468536813,-0.07806533120516733,-0.03279297660022696,-0.06980283607071683,-0.0773316036816154,0.04418256210750247,-0.03994206340537459,-0.024579822698700696,0.07122204439472142,-0.02391542713713905,-0.08277091724671284,0.15632663937932914,-0.011175982383780175
-1.3083184141921778,-1.5454860552542524,-1.5095752177421755,-0.6864103423120995,-1.06730358450761,0.8787531029566134,-0.1512457758086028,-1.5746647869815253,0.5084492361121282,-0.46841474198403643,-1.031317257021743,0.9958537960187936,-2.011196878642061,-0.5239082056662865,1.5870275072616151,-1.6215738265232045,-1.2210490213774763,-0.09363850454100713,2.2020454579973183,0.4780052215119531,0.2254449217929644,-0.8229515255809194,-2.5529549704901338,3.686524526077113,-1.310338319518458,0.40105568091103644,-1.561466566662946,-2.1984144386091216,1.2735499762216635,1.2836445288069955,-5.732663480356851,1.8202249230690888,0.6517499764249423,-1.8556392411658527,3.758216633553079,-3.296922030625617,-0.08372230303956285,-0.030988373878071098,-0.07582587185299071,-0.0826700885798312,0.040084080371780816,-0.03299288768081484,-0.029742545418888145,0.0683932522591912,-0.023141835816359185,-0.08623477800557589,0.16379482399638995,-0.008161419138147606
-1.3829999254951122,-1.5927942077940074,-1.6314754880535616,-0.7316768065811445,-1.0713027561281663,0.907515065406285,-0.1559532304789898,-1.5936267995333897,0.5163527466491938,-0.524581738061865,-1.063743144489512,1.0687153821348476,-2.0513424166623837,-0.48427166951146644,1.614706201418812,-1.6366712819082576,-1.1866408787736604,-0.07223668068851515,2.1647772708408026,0.49502850557972633,0.21461810191159025,-0.8803695054697649,-2.517272893013798,3.655817556935045,-1.2846149538476466,0.42491461553113974,-1.5854854277298298,-2.189317545960054,1.284944505058229,1.2732884829615068,-5.674398744589475,1.7977006873533563,0.5959424406195631,-1.9079403694013768,3.6642855962407004,-3.261451664465138,-0.08125685339037417,-0.02844026899721029,-0.07248065568567837,-0.08059802106262928,0.04435844269082367,-0.03433414214910512,-0.022679083397560036,0.06675489527827336,-0.01756132956019687,-0.09278930943657342,0.14747918990897552,-0.009665340077080356
-1.399927333390087,-1.6658123504005011,-1.6996984204731873,-0.7159348588114044,-1.1052889352823079,0.9578150979153648,-0.1386720351950613,-1.6430861602401718,0.5704255311639973,-0.5135922903336468,-1.078003035089141,1.1211714961771204,-2.036526900258767,-0.4826406923352,1.6101951639739551,-1.6157412606672135,-1.1441034258574188,0.006091858637117382,2.0484581639103596,0.44489635189438903,0.297390954251812,-0.8809372734650142,-2.4134580717673706,3.574551912934342,-1.2793056142031851,0.43850635026083107,-1.500539534009989,-2.1302801015976667,1.2907104986329874,1.234078082664201,-5.4147034788137125,1.7983625739093037,0.6208361739872171,-1.8104079117413003,3.6200477559989004,-3.02608669663039,-0.07653316011772845,-0.032951652760630216,-0.07096863277902277,-0.0719560968595052,0.038683923065442376,-0.03226123634812983,-0.02462836776201367,0.06527700545444134,-0.016042328156417953,-0.08115111641619155,0.14401302830660787,-0.01011314643421164
-1.3818226096062964,-1.6959640807278515,-1.6996461234892388,-0.6933896297142209,-1.1310362660025544,0.9803257196518461,-0.13043767880441334,-1.6520801856986287,0.5982610560269245,-0.49395488612050786,-1.0683505145618055,1.1226913733956392,-2.031004106759276,-0.4938583733560744,1.6218455596900354,-1.6088782078209591,-1.1505211839835656,0.022277446156788894,2.0569441035980693,0.44586256190259127,0.31991630610009136,-0.8858823774378791,-2.3877495472591446,3.5770317764064328,-1.2934430032474373,0.42886198610235676,-1.474217829708262,-2.139531063365502,1.2924033727794852,1.2320157775478855,-5.438572187986747,1.8095252274869342,0.6295432720322348,-1.7962051125563319,3.6714271957165607,-3.0784114448455315,-0.06959126937300092,-0.033507352526416845,-0.06430635885932341,-0.07685639443562198,0.037176424271788494,-0.034239689093028956,-0.02002680180552539,0.06129450072529481,-0.016931142282937395,-0.07417207854656432,0.14132592439502134,-0.017332306034941465
-1.3272476546583352,-1.7218069170011023,-1.6460816745263491,-0.6596945488949196,-1.165828510717896,0.9861537684950797,-0.12155154877223248,-1.6539023675158435,0.6170504152090059,-0.4458108971659231,-1.0385626398132461,1.0817500075826287,-2.0304713232058162,-0.5202352820164733,1.623610502573193,-1.655083416600217,-1.200026579112824,-0.03187088542841955,2.1833467445802177,0.5174662489200075,0.2863082899368659,-0.8959144235982646,-2.405265482701212,3.643272975867184,-1.3682710060735255,0.37523038219488963,-1.4580583948903563,-2.226110815635208,1.2606180665656948,1.2137229973430337,-5.743452568355538,1.8474315949643707,0.6173535330078892,-1.8512391708005562,3.823537058549997,-3.413801020552915,-0.07243194838800712,-0.03593456790210952,-0.06135983464175471,-0.08573241909977287,0.034271321859264015,-0.03464157291147872,-0.02856926613328198,0.07088196998052808,-0.018929625508582366,-0.0944817925517698,0.16724586084148427,-0.00920658169952198
-1.316829748881367,-1.714068684540778,-1.6300165256049246,-0.6682197433142938,-1.163070582691912,0.9827151836274549,-0.12414804469234827,-1.6536121981707768,0.6094102944318479,-0.450853113676939,-1.0271565835423841,1.077333206275916,-2.0390260333796886,-0.525674528298896,1.6066476239200895,-1.6904267899603544,-1.2201595588955056,-0.0870406267218977,2.2730192121496273,0.5789185667560868,0.23966117329926256,-0.9059648776268882,-2.4450418451077782,3.6979859294550255,-1.3847170886882338,0.3634707875301044,-1.4479460703113078,-2.261936148144638,1.246096435411108,1.2013034872985147,-5.912028917265847,1.8524134968564518,0.5906696968023418,-1.903187555387834,3.887988240969584,-3.618757834885132,-0.07377462709738479,-0.03450256463377993,-0.06570912797273293,-0.08933163856244943,0.0342624696998838,-0.034693195358416695,-0.031149281906428055,0.07510029874378699,-0.021054038490916246,-0.09597958421066632,0.16761397610003423,-0.012663229341273933
-1.3344915373934592,-1.7028522408806455,-1.6547262246340093,-0.6739780175525094,-1.148135253364745,0.9651792447748679,-0.12846506515718217,-1.6500226113544463,0.5887735893510291,-0.4623336931674038,-1.026001918823964,1.0790144064589016,-2.060784583014627,-0.5114418961553194,1.5897668704513588,-1.7120355680500612,-1.2322684169467861,-0.12262790034195696,2.3414381689983776,0.6284581301515811,0.20143476840725671,-0.9268864777777669,-2.488750088006408,3.750681973560931,-1.3925862781369442,0.3577267290534148,-1.4495063555346148,-2.2843846108460237,1.2379620942294631,1.1944342493502138,-6.008511834029099,1.852783213158031,0.5695929894364044,-1.954658184665465,3.9140989242339685,-3.762388131706788,-0.07483029935217489,-0.0358360810553308,-0.07049335437202794,-0.09207640086870607,0.03724465841916913,-0.03135114100726119,-0.03935610611978093,0.07098210925844606,-0.02208921992095712,-0.10092606370291599,0.17394683639926795,-0.013400084122644804
-1.3502146217678752,-1.6481735021759316,-1.6376006813930661,-0.7010058204192542,-1.121423021956889,0.9577290883057844,-0.1334800345619195,-1.6520646090119924,0.5837094441864541,-0.49484294238846804,-1.0536608779071028,1.1094605583960702,-2.0465759475682566,-0.5044818451763716,1.5479996838213217,-1.7068056822844682,-1.1974796259038334,-0.11097493473646687,2.363212368534073,0.6510701019714255,0.18810960715002029,-0.9007659020800958,-2.576461680712777,3.854615187818279,-1.326704924117192,0.4058349991139386,-1.423625643410896,-2.216770610599945,1.2607232310118401,1.2147847813461752,-5.9431680927516215,1.8569918289632819,0.5895332680448725,-1.886752200270922,3.923924870642226,-3.6433693276127546,-0.07135391543849631,-0.03193394359797538,-0.06137143066411033,-0.08095798901630703,0.03556928072103027,-0.03929111281712186,-0.031126848926811935,0.0691127291205862,-0.03507009432913588,-0.0910804265541155,0.17184239907234639,-0.010997575798335693
-1.332087783924061,-1.6342694038389154,-1.6064047535784656,-0.6856508138219335,-1.1201737459128962,0.9467713656092898,-0.1315705588716621,-1.6508281731867909,0.585447005490905,-0.47842383143728284,-1.044628714146484,1.1010831639149434,-2.0354506380401287,-0.5058915304409264,1.5414711155371985,-1.6924737221563568,-1.192765633539851,-0.09027868704828534,2.367434850489453,0.6418679892568803,0.19184285434259168,-0.8934145087807325,-2.5666800814103845,3.8496445307744978,-1.3079006276453575,0.420869353814374,-1.4182706191255072,-2.181425574248921,1.274141116015919,1.2219203287775005,-5.892783161952658,1.8762199345199924,0.6411263511634101,-1.8573365980721537,3.955998880983351,-3.635117161302037,-0.07382114524727197,-0.031815911820105756,-0.06944073191044364,-0.08344962947994929,0.03731131157217405,-0.029713044459932978,-0.029794204224757204,0.07235205314714742,-0.02074433081338275,-0.0942296052341001,0.17076559112899145,-0.014608964391520358
-1.3279940089523963,-1.6356160068589376,-1.5975990360448429,-0.6971641075696897,-1.111457153744095,0.9350906145045264,-0.14248694583810934,-1.6205193220252117,0.5591674916129779,-0.4822995300879436,-1.0205664704382795,1.0709978390297286,-2.0519368340314457,-0.5113429823775782,1.5764918393240193,-1.7298313104981686,-1.2342860277617131,-0.16062270813355348,2.3943651124200307,0.6724755789002215,0.14985417788579103,-0.9256665821244952,-2.5453451079462166,3.8108265319789356,-1.3245175806594967,0.40570983075648487,-1.4356066983364444,-2.2537479431019656,1.272517869860658,1.2510383833664338,-6.056802401973318,1.8743344847359595,0.6069222159507329,-1.9263147977780186,3.9552526184737347,-3.768347094038177,-0.07552470237356297,-0.02892990894606661,-0.06991148924509046,-0.08343216191190173,0.04138735847408539,-0.03720222854155005,-0.0375630746743401,0.08041210927931491,-0.018798868083137014,-0.099091776755003,0.18030547526108456,-0.01713205220792089
-1.342264828777363,-1.6409193908521877,-1.613507962060698,-0.7027259977631859,-1.103755214281685,0.9294682183681566,-0.14639022966433254,-1.6182987778996583,0.5444912634719598,-0.490120864441951,-1.0080876300766999,1.052307164681275,-2.0607062757372048,-0.5041120570802093,1.589456100069358,-1.7323581299494082,-1.2358963000182366,-0.17176612393687746,2.4072630402563764,0.6940894465587427,0.12752465122176346,-0.9569194369111605,-2.5153632824953314,3.7556944879758003,-1.3558261209363598,0.37837676953754223,-1.5352031565457183,-2.2813012956503704,1.271519110618786,1.25396233554761,-6.064889709178456,1.8555784907544752,0.5819952757879213,-1.970452135422873,3.9263081185334676,-3.805872935246076,-0.07848240087888238,-0.02998864437024413,-0.06725930622646453,-0.08671635191174111,0.04730583501493946,-0.03202688761897119,-0.039646170585053264,0.07953211041512791,-0.026944733169140422,-0.09762071939471952,0.1768400265125331,-0.013086311055155083
-1.3409493938437693,-1.6011021271161028,-1.5930477100660276,-0.7130085244667269,-1.0779526676109001,0.901041366654257,-0.1600635559577175,-1.5947378072845573,0.5100014200538194,-0.5104173860775619,-1.011279248347768,1.039859186804566,-2.0591621166397087,-0.4985106631896669,1.5648775171339264,-1.7450868734362939,-1.2339103054983047,-0.1942747345664645,2.3824174712951702,0.6903660001449139,0.09644253742300017,-0.9822322874410316,-2.4920733075496893,3.7005799805526602,-1.329892617130442,0.39340904300710455,-1.5631434736646426,-2.2718659545521085,1.2811768862665347,1.2742462193566242,-6.057713347651149,1.8466330145266967,0.5687933910730367,-1.9950395778943468,3.8801479607003544,-3.7773464505838286,-0.07664989069462652,-0.03157879074738511,-0.07126417676915138,-0.0815202764303099,0.0487755965683152,-0.031094700179735188,-0.033938008988890475,0.08389685752708878,-0.03042765201247334,-0.09757764351418967,0.17235705550960242,-0.014004158412775032
-1.3173679192929268,-1.5360213637756601,-1.5141960363516052,-0.7142544236069498,-1.0573974872239085,0.8873035535584539,-0.15985479583502535,-1.5911310039468152,0.5112132041133384,-0.5095416245739615,-1.0177262060624157,1.0483860685295325,-2.0148575535135715,-0.5124013331694022,1.5113732253125827,-1.6924384743131828,-1.1971413692043456,-0.14547156850850337,2.3276511012187466,0.6441588358195613,0.12725744241889958,-0.9332374110349155,-2.532762247125466,3.7294382702167628,-1.2755688196276787,0.4402060875835786,-1.4706094489625237,-2.1684772175927893,1.2897347418393403,1.2647682677976322,-5.870856943481159,1.845963074873251,0.618092288904009,-1.9164363372277617,3.851097444673276,-3.574925903476398,-0.0785989170909351,-0.027281903270229155,-0.0699237990029887,-0.07696556369029112,0.051757036846919104,-0.02773727180353025,-0.02600566933564798,0.07657751195300738,-0.022271643622065528,-0.09578394891170382,0.1710275189978508,-0.01686405168809004
-1.2877518097002107,-1.5176221153280456,-1.462397548463049,-0.7114303920298952,-1.0541785881247556,0.8849300649091206,-0.15919417533863806,-1.5804255983564706,0.5160879886430138,-0.5014461934489401,-1.0240168586913914,1.0515062862266167,-1.9934878591665353,-0.5206872098418927,1.4851842595669553,-1.6649536717178661,-1.1769325132931936,-0.11439900119173309,2.323935359129226,0.6347623686458823,0.13634552017053697,-0.918238601391515,-2.529313313763443,3.7349847169057258,-1.2675931246980296,0.44701147226193977,-1.4111976187520603,-2.139445212275944,1.2836379792195363,1.2505486056162602,-5.765127020659569,1.8381887021073438,0.6348787650375665,-1.8708308616652551,3.8548599430891546,-3.489008323223208,-0.07304090466466993,-0.0277119464255361,-0.06424909775008816,-0.07567065040665473,0.04586131007946369,-0.03237736479273595,-0.02122440760053496,0.07657864809224207,-0.021826296591531024,-0.08759115701985884,0.1674713294352885,-0.01461799705252505
-1.2886566626626776,-1.5111569423145448,-1.4637790083828042,-0.7065234139949924,-1.0508061982901766,0.8840032158433205,-0.15927134875010823,-1.5807956388672384,0.5211177472468801,-0.5004506837984394,-1.0188136334344626,1.0525418966675946,-1.9964594238077373,-0.5199294167858842,1.4592077785702413,-1.6810979543258298,-1.178957399514059,-0.14094564814240462,2.328501854129368,0.6533458618897633,0.1196952072182747,-0.9144869888991627,-2.5569639028782443,3.772854154052876,-1.2818862289708683,0.43717523745860276,-1.385290794696693,-2.1497968089424764,1.2648559316776389,1.221835606448585,-5.7721328983489775,1.8356641416323882,0.6218652552222779,-1.874525312379086,3.860131122261581,-3.5023283809674135,-0.07492686320878393,-0.02476669926719854,-0.061586969068534926,-0.07229789965564985,0.04589581404161202,-0.03133949069488514,-0.024126639023373468,0.07537125685973116,-0.02468537348691926,-0.08917400698675622,0.1707243257848573,-0.016263508559849336
-1.2806022707626459,-1.5030258769436213,-1.446526601070567,-0.7063112896698387,-1.049193301388223,0.8832621682495582,-0.15880914877417177,-1.5798504285689918,0.5192820914229392,-0.5073526043284721,-1.0223611608318897,1.0577952571654026,-1.993994084109094,-0.5215244209670282,1.446486185518985,-1.6847912281794197,-1.1698166980107356,-0.1383305774803497,2.3378964580374455,0.6687596475199676,0.10915417919575122,-0.9268749352501207,-2.553071079445089,3.7734486625283368,-1.289302158561589,0.4328269343047368,-1.3853218939297762,-2.1466524634719586,1.2611726575903097,1.2104502562999426,-5.7914088909778565,1.8353393752396883,0.6131336238882235,-1.8922539840948267,3.867551971401006,-3.55001360939911,-0.0691139006185053,-0.025273304114528126,-0.060119857742915596,-0.07944133728111154,0.04444074123897117,-0.031769888361624005,-0.023223541537793622,0.07905664879405085,-0.01790653286847704,-0.09099470030608595,0.1689596537225455,-0.012809415701445242
-1.2446525837306721,-1.4850201176756208,-1.3876413435379062,-0.6787236457142444,-1.0504075849045933,0.8803925712595791,-0.15578748879479012,-1.5683078084491324,0.5282486424035112,-0.49496573682520334,-1.005381743240874,1.0404750218120222,-1.9644523549503679,-0.5363249897409147,1.4101443862126537,-1.6620119630117354,-1.1545935451107703,-0.11778466312439098,2.3040204298923106,0.6387401941275354,0.12230989298860072,-0.9172991420237651,-2.539926243891707,3.7588245840086305,-1.28021271495192,0.43931014398138823,-1.303546200734156,-2.1118231241796157,1.2378831804228372,1.1711068200434849,-5.737317784849025,1.8277509093613358,0.6150430105513126,-1.8679208194108985,3.868071289456146,-3.5029759061887367,-0.07180276643665977,-0.02777058608885171,-0.06022706429309442,-0.0720562468176325,0.042998030906198484,-0.03211695691711551,-0.02829164124153257,0.07497113631909716,-0.018643009041443784,-0.08954194334352177,0.1730748567596414,-0.00843868070910086
-1.2184514168486393,-1.4609685968536439,-1.3436601856599022,-0.6729488051312994,-1.0492096510754925,0.8720929073865321,-0.15551076374640485,-1.568195782684486,0.5377236650495619,-0.48487464151806314,-1.0033477869805734,1.0361990605154758,-1.9404525342595873,-0.5477339254927324,1.385135997229332,-1.638969146796724,-1.1418817393771512,-0.10263376126897308,2.278065129778903,0.6252884911542597,0.13096817385554205,-0.9094698752003951,-2.534689987355822,3.755049800931133,-1.2829231320235663,0.43425320242425497,-1.2469470658533255,-2.091511505136205,1.2284874123669682,1.1542123686645396,-5.68333253199269,1.8213233837236469,0.6194621370112822,-1.8635989646008242,3.866747317122873,-3.4916718699773264,-0.06596357458313404,-0.029638679112597363,-0.05735039846670767,-0.07673798257854147,0.04312330300904322,-0.02805803074007229,-0.02220805990828401,0.0761824514441666,-0.015487725869651399,-0.08921798066169492,0.17521100486185842,-0.015347079420139955
-1.1972951402727,-1.4398247400525728,-1.2983603840628977,-0.6626821026360324,-1.0410193784323747,0.8672862824987613,-0.15431552698898196,-1.5628278756463265,0.5364876169823276,-0.47443337635283556,-1.0063824941140112,1.0323462079812062,-1.9201422925240907,-0.5545319103987258,1.3541093017074854,-1.6236439199109969,-1.1338995861711172,-0.09608730099897919,2.2562463947827442,0.6078193658750893,0.14200084318055473,-0.8918137022176503,-2.536448152326508,3.754477145609984,-1.2617291662358998,0.4466549215779314,-1.1924762056957503,-2.0540078629662246,1.2151499974716926,1.1308124599786367,-5.608029252511652,1.809785370852046,0.626433731248939,-1.8392164674563347,3.8665189327783884,-3.439855326618197,-0.06063285451697127,-0.02865713182837837,-0.04993351284846454,-0.07096934626054131,0.034487445473161155,-0.0288143321403195,-0.02168653706877108,0.07243486218591691,-0.02105768376138094,-0.08095825641117982,0.17026083195390007,-0.014616890522424462
-1.2144300171503244,-1.4150422578367907,-1.2984461216042167,-0.6908095046311518,-1.0161048812436255,0.8527553414027175,-0.16634645340990137,-1.5457566583809232,0.5088992607711131,-0.4873778799903208,-1.0040440780336053,1.0214009099869032,-1.9330065524095068,-0.5403755440289968,1.3437297948057538,-1.6247681399163227,-1.1176029174346702,-0.10564259373793325,2.2296265576278884,0.6216190542319395,0.10532234504072413,-0.9107358050074496,-2.512266151393901,3.7014360617296793,-1.2529512182511386,0.45742490729469076,-1.2287833682542517,-2.052935806475429,1.206978689125226,1.1138716513362898,-5.51539496132202,1.787346366296607,0.598195087094524,-1.8569334808427072,3.7778776973683947,-3.331600169871893,-0.06622763370898173,-0.026865601117309443,-0.05697177069119133,-0.07242231233674498,0.03775840625036593,-0.016301949279672753,-0.01745974381298679,0.07023304590758174,-0.02905543423878574,-0.08256357684367113,0.16432839268402635,-0.01568010553543655
-1.2378956311427813,-1.4136231130114683,-1.3236444711200575,-0.7047760123184388,-1.0053403451888214,0.8443317831317665,-0.18051520447850583,-1.5250007122306548,0.4925586964100157,-0.5215713606956124,-1.0080906991081413,1.0479648938447823,-1.9482839390573106,-0.5270657886538352,1.3440754317388206,-1.6417054253565748,-1.1158250125915201,-0.13087743930108114,2.1764973540158734,0.6188406051505446,0.08744996297394146,-0.9461804872638819,-2.483577300698816,3.6453379422059355,-1.2696690284214556,0.44469705706538437,-1.242816778729075,-2.0677641685024435,1.1929429953100985,1.1017778541978456,-5.461643020159115,1.7589215690126878,0.5619730522034934,-1.901675713181792,3.704823090989127,-3.3080174499049333,-0.07026251232051973,-0.02792771068195881,-0.06141317632941886,-0.07325163500207954,0.041710521422671655,-0.02740283184916429,-0.025882234190462938,0.07001079401307535,-0.0266251470212116,-0.08919355158058859,0.1554643598819679,-0.01568281155715872
-1.2326860750501305,-1.408642198197281,-1.3106698849210359,-0.7004081014104776,-0.9925480584694946,0.8353194226869496,-0.17952577881733592,-1.5235392803099694,0.49388046862303203,-0.5250360593596877,-1.0152812039918264,1.043110615464955,-1.9412555392439972,-0.5279462236768417,1.331911235076774,-1.6430864408080381,-1.1087420427067975,-0.13080580137492703,2.16943768364376,0.6198513904307525,0.0858509668844557,-0.9526590566563068,-2.4806007504756007,3.632336330549078,-1.2586173407565622,0.4500152129255244,-1.2031185995411926,-2.046482707010575,1.1822665945874615,1.081062074186092,-5.398451095637134,1.7471698992730829,0.560431282913565,-1.9002818790925633,3.6856756720233537,-3.2773658075996424,-0.06926709991468079,-0.027907790282898425,-0.053227442851869707,-0.07626694670740812,0.03612198395444093,-0.022357140716279165,-0.02462836776201367,0.06527700545444134,-0.016042328156417953,-0.08601528313963498,0.15355046977236814,-0.012676803173220853
-1.2268042853388736,-1.4233772226941022,-1.312456768535509,-0.6937344055548597,-0.9980616984188151,0.8499422811467472,-0.17573952359371528,-1.530246286398094,0.5040068815181931,-0.5185152880864273,-1.0133211435164828,1.0414230084375413,-1.9255047145650268,-0.5324816091128429,1.3374843137401806,-1.6174651583323316,-1.094660848043857,-0.10603351875585386,2.1198181864236156,0.6006933747339799,0.09756069794862397,-0.9477753320190457,-2.4641471366780614,3.61748233800053,-1.2497762955713245,0.45715468380944985,-1.1957439414835602,-2.0288806538605546,1.1845993093794744,1.078294451439944,-5.33902350421668,1.747180606000027,0.5666397285621965,-1.8778152221841187,3.670685994623203,-3.2142286376650926,-0.06460697148988434,-0.02973756306849245,-0.05540847227475979,-0.07276167310864692,0.035915762683118,-0.02895909936431311,-0.020328547752841045,0.06575686569236389,-0.02314213690991998,-0.08598927789293204,0.15664250324215045,-0.0132783768241563
-1.2185502642832589,-1.4371726835978853,-1.3120061438456392,-0.6763198066526569,-1.0093800891498366,0.8493659900012683,-0.16653081618437426,-1.543125629056923,0.5119329330429284,-0.5033897114074911,-1.019025846847049,1.0508951554191515,-1.9208363428988973,-0.5362593933060966,1.3658406561756269,-1.6119849066737775,-1.097394048032084,-0.08735967982117113,2.1062508690166046,0.5742007154643023,0.14254938145024304,-0.9242155855926297,-2.4545366321742783,3.610380316362498,-1.2249306980471542,0.4751002851635345,-1.1700799294148014,-1.988965770830722,1.1897973088277225,1.0843912610222786,-5.2486830277111824,1.750932286695705,0.590581914077619,-1.820386044528984,3.6634249399504433,-3.097881727056046,-0.06567981860900109,-0.031074533098249285,-0.06014224404151775,-0.0730467189625655,0.0376098907805197,-0.020906133766926342,-0.019236019779655677,0.06556570865669414,-0.019823717299795325,-0.08097090876725384,0.14891009858063284,-0.014029840500698552
-1.2204792583273603,-1.4358579999024643,-1.3123289443313544,-0.6838040501412702,-1.0217395731431245,0.8649916067341892,-0.1633748171079318,-1.5538516708965004,0.5284806394145555,-0.4923930284258961,-1.0171700535944916,1.0407288269555135,-1.9159161144622205,-0.5392540537719919,1.366774635261847,-1.6053995095827862,-1.0907139563465076,-0.06453683520952655,2.10276745766932,0.5617902024534165,0.16041976552200082,-0.9073818509441373,-2.4632616461423504,3.620445510275869,-1.2172700679457003,0.4770706983934814,-1.135366325097931,-1.9746277685572222,1.20270478926954,1.091293485576183,-5.2165420991827345,1.7563958783503906,0.6082500390474815,-1.798163776591743,3.6664389871450296,-3.0561302789054694,-0.06466768033184898,-0.029717743908786034,-0.05436750826018247,-0.06929247394211153,0.03903162437352191,-0.02150176818436733,-0.012803013061667964,0.06432999904470667,-0.020735221887027658,-0.07767104683591877,0.15178935373158356,-0.013735946601729861
-1.1994910645637769,-1.4157247141128306,-1.2757143552377244,-0.6719668570913069,-1.0126302115471286,0.8490929785278902,-0.16263872740160976,-1.5462581303797651,0.5245545053047771,-0.48271559132410163,-1.017115576026227,1.0296530815413876,-1.9049467044459911,-0.5464212733908493,1.3553598218107603,-1.6053947142273797,-1.105285947266824,-0.08065574110420762,2.158680694824274,0.5739136705825232,0.1489305232517617,-0.8785493080281297,-2.502744149532229,3.6743496436229166,-1.2120547989608534,0.4812196935120624,-1.1339074879804025,-1.9680109455250512,1.2058940107056149,1.1096879292708146,-5.240087850779435,1.7659717427840178,0.6330071541512174,-1.7653175773594194,3.706316092010981,-3.0458534583979664,-0.06600458372020301,-0.028281873179849017,-0.05872320466201115,-0.06728706612803592,0.04474258882742893,-0.022502712880982975,-0.010841234523896869,0.06647835674310235,-0.011099131020586638,-0.0842557076907749,0.16128405179149033,-0.014930578296474852
-1.2054666838728263,-1.3898163319150818,-1.2751997909270287,-0.6856600670303922,-0.9963100410019327,0.8247387499953497,-0.17230233746062937,-1.527147910563997,0.4872779748827069,-0.5055228140715977,-1.0014494978705255,1.0231584721923928,-1.9222265755475387,-0.5421224457058877,1.3472236465010985,-1.6332768280343595,-1.1224326017875699,-0.12767472358398607,2.2095989836002405,0.608729101615453,0.1108728564977052,-0.8912219789440002,-2.530351260074541,3.6984983023593982,-1.2328550977596238,0.46875128617463185,-1.182638362624121,-2.0124509538210145,1.2115696043336015,1.1258896113307584,-5.356936465808945,1.773266244837194,0.6263337866895591,-1.8048591590876115,3.734496039144534,-3.1583100528612693,-0.07067238673453353,-0.026453917607742017,-0.056522909768751475,-0.06780005666101974,0.04314857516291952,-0.027488707411502205,-0.017655210041540536,0.06557329496735544,-0.01967586916476495,-0.07959975467336046,0.1604933381239203,-0.00817068180453233
-1.237644844816151,-1.4355353309472425,-1.3401356377996232,-0.7071209659621513,-1.0088020161145856,0.8431663472288613,-0.1759464953160068,-1.5299477994564514,0.4894685938930521,-0.5284495056808399,-1.0049618774864448,1.0490350953480014,-1.9515947924807806,-0.5341221189379902,1.37891950838491,-1.672897057326066,-1.1422453059235105,-0.16803526512810213,2.2478178872056698,0.652439809797124,0.07468815003854248,-0.9294045493068046,-2.529823523617599,3.6959130435339755,-1.2589909736006986,0.451339919102204,-1.224610165416701,-2.061768669124126,1.197557768077348,1.1223061353243362,-5.469386858146121,1.7771849353099947,0.587017272752693,-1.8715567756208695,3.7171468095900084,-3.263179321257815,-0.07008088740233048,-0.02798678555755839,-0.06453835444268485,-0.07584302821933207,0.03584355898903998,-0.03104198959830673,-0.022722902746034286,0.06541765318826118,-0.018006762475924584,-0.07760400802482065,0.15648374224769981,-0.015241338451683264
-1.2662818648514762,-1.4959205620621503,-1.4167352138948694,-0.7127321106335301,-1.0209559369305792,0.8615249849877736,-0.17281626538722947,-1.5562794525344499,0.5007861028186097,-0.532123348177057,-1.0179746785417807,1.0702553987095846,-1.9764420900850486,-0.524410948192605,1.4115310875989588,-1.6891015122201725,-1.15297758454047,-0.16881658602272057,2.240173245263047,0.675770639661993,0.06906791003160373,-0.9769125253810166,-2.4770042472749427,3.6504258950035853,-1.2820215585159094,0.43369109427743197,-1.2350940110427777,-2.09558546265883,1.1970125652651842,1.1204470058916902,-5.49011266876789,1.7611145577824328,0.5481151810880563,-1.9162415754093156,3.7025841449766377,-3.338383381766603,-0.06839037294345575,-0.030876426532393333,-0.06403656531974643,-0.07457038181746646,0.03447917229062241,-0.028862006655635177,-0.02884387067752398,0.06610919184983159,-0.03037658384202683,-0.0911424762936476,0.15498995007686103,-0.009519888280709706
-1.2753575158211077,-1.4865426102154848,-1.4205408383177118,-0.7085771453618308,-1.0206591405119059,0.864446970865489,-0.1736129409911175,-1.5513608279261617,0.501167495559959,-0.532778117454009,-1.0115690171775453,1.0601882456586524,-1.970622851508204,-0.5257565158493923,1.4068274973133896,-1.686634573532143,-1.1442497252247175,-0.16955025227795886,2.2554718148617035,0.6835090896473955,0.06760347613819578,-0.9638665933533844,-2.51321097334325,3.691352344025546,-1.272250386298224,0.4431429409963574,-1.2481873600738733,-2.0940809447385393,1.194257357215432,1.1153488497745665,-5.508138275084311,1.7724818271057017,0.5646855781956631,-1.8977794271525974,3.7188610474946153,-3.3266799108378162,-0.06783077209449935,-0.026688972722945216,-0.054739064909853745,-0.07070753455895276,0.03445513452419163,-0.029833353230315416,-0.025600669178840206,0.06419558509897932,-0.02086193284243697,-0.08954784926348167,0.1563251562084916,-0.00816726093271262
-1.2556221157926122,-1.4624113917812955,-1.3825460190334768,-0.7124266991857886,-1.021112853918209,0.8592038896279561,-0.180015357733728,-1.5422202457273835,0.4824423269250717,-0.5250849466750929,-1.0052452011489987,1.037613181361645,-1.9683123656339694,-0.5254725059829851,1.3949127302482263,-1.6879481103860723,-1.1481486659281346,-0.17217020876761574,2.323991745402876,0.7222803720849976,0.029543102820859174,-0.9593514092256933,-2.5282113257652266,3.7038311092063902,-1.2655335623823898,0.44727510438846074,-1.241949835537957,-2.0818325149348302,1.2061949231309652,1.130912477175044,-5.5663380812224945,1.7815385796688639,0.571701260910265,-1.9002881486636012,3.7568870639498844,-3.3864835633970016,-0.06517325410340871,-0.0339266342629157,-0.0646831045561497,-0.07583323652535434,0.03871014300915397,-0.031277408147303405,-0.02275317866143701,0.06868269978727468,-0.026774782264113173,-0.0877423062665956,0.15957612978617203,-0.011322017678757242
-1.2473463296078724,-1.441874382000403,-1.3729488106404366,-0.7189595945582493,-0.9956182116391432,0.8203983062440787,-0.18522471733986592,-1.5279657845454884,0.46626172901607965,-0.5295246371747535,-1.0026096015847383,1.022790034219407,-1.9680469855933256,-0.5304627510492618,1.3844202994508155,-1.6959314443767373,-1.1495835827478675,-0.1823651185920338,2.371729666110803,0.7500473616340368,0.005904206342266391,-0.9708037405273396,-2.54331421253341,3.7207147759559978,-1.2721186170158079,0.4434929019815728,-1.2728047924389296,-2.0960731324696695,1.2219624417175652,1.1519046695289543,-5.673281882761189,1.791622606676965,0.5764422632835637,-1.925045516428303,3.784240655384044,-3.473477341391968,-0.07033657019699123,-0.02924384438372853,-0.05797175242168052,-0.07662085686697273,0.03880703073279322,-0.0282176139026731,-0.023602102941538916,0.07229936589629059,-0.019092841956705593,-0.09462366025544704,0.17002020987348881,-0.006194421168962255
-1.2857526075414651,-1.461854534503319,-1.4248148126012457,-0.7419060687707233,-0.9907234213478335,0.8254105447960437,-0.1867941592287148,-1.5453317336510752,0.45396470343746587,-0.5496292850388955,-0.9983261873923415,1.0250026615822971,-2.0241024750707783,-0.5133627600269316,1.422010936704766,-1.7760266975935044,-1.2201771101936767,-0.2944252314838392,2.471556545116692,0.8152471811879709,-0.039968481363435865,-1.0014958590409466,-2.577195683229701,3.7491864325869737,-1.2967990769797677,0.42410672428898144,-1.3517954639323015,-2.202180266390324,1.242385464720295,1.217732675716821,-5.889812184417518,1.8069191642730977,0.5594495171080717,-1.9824824713227638,3.8306462255048923,-3.658203802308184,-0.07292010520865395,-0.02775127946654671,-0.0663327979581225,-0.07878488076433722,0.04292577657699014,-0.03420855855243255,-0.029970654776913686,0.07690712962552243,-0.028002830844779086,-0.09929890324920627,0.16621916779255783,-0.01266838353680833
-1.2960267019255833,-1.492987053152664,-1.4605020287146115,-0.7442809656842347,-1.0125953885448016,0.8478369120251775,-0.18683563136549552,-1.5491210870122463,0.4660603372218789,-0.5394157949525318,-0.9979905887514762,1.0214404309926874,-2.029804213776789,-0.5146366202850156,1.4448496780456332,-1.7905129476865675,-1.2321043362528474,-0.303836120369255,2.5013167856104896,0.834984230624527,-0.049915380610612306,-1.0041606606880085,-2.5658291817886316,3.752901863688127,-1.32072172781396,0.4069399333730621,-1.3968125267277616,-2.2047993834905535,1.2393984076155078,1.2139985359180072,-5.935392238826403,1.8113239832759134,0.5492006647246226,-1.9922546292227845,3.830977333712067,-3.678002437580351,-0.07314066984424014,-0.025000323715280052,-0.06695226367896422,-0.08461019142530207,0.04009741698888669,-0.03249996929891934,-0.03579431161652304,0.07381573589642086,-0.023007340115627987,-0.09607945430581122,0.17198879347169038,-0.010547241068464483
-1.300285135153968,-1.5150377515097257,-1.477170623220997,-0.7433811738828526,-1.0314189805033416,0.8644503828768957,-0.17526993324590326,-1.5752468797118406,0.4763540685775835,-0.5333766858849197,-1.0089179866524922,1.0412786706785655,-2.034140864763972,-0.5150665006399205,1.4675380810580632,-1.7952054780989322,-1.2404185979559506,-0.2881464892419326,2.5410062145440246,0.853288288199293,-0.02840592751691841,-0.9870434055110234,-2.5942097823257795,3.7998213067727478,-1.3130172431360057,0.4126640020346538,-1.3926201639390317,-2.190166343096554,1.252502952724547,1.2193175282931266,-5.91408232429377,1.8215066642267308,0.5679094819755276,-1.9652727779519228,3.8556437941250783,-3.67003261752604,-0.07262841190019392,-0.02918546881033674,-0.06914881694142815,-0.08073016675700764,0.042939912635061604,-0.03371093194497405,-0.0304969141751297,0.07536563147085745,-0.025280836372273227,-0.09752151252792089,0.17246370494107785,-0.015206532214118034
-1.299530153236642,-1.5225075562903834,-1.4842241799457563,-0.7454170015100984,-1.0320885965005084,0.8791242353513182,-0.1727072662513788,-1.584018481978748,0.48195366525051464,-0.5288632769286032,-1.0173889930035878,1.037687834956806,-2.030531682710715,-0.5141014186620304,1.4828698491177061,-1.8010370985927826,-1.2448509810877202,-0.2945252645226004,2.5644671497182476,0.8520056435795524,-0.02205398235977095,-0.9731803289907377,-2.615171668147206,3.832415050165068,-1.30660003331457,0.41730810432160087,-1.4119714843757005,-2.1926348657017574,1.263444179725494,1.2406456560418924,-5.926334430362281,1.8358613711157983,0.5789314411828842,-1.9432403574955317,3.870414276967514,-3.6476639307273357,-0.07468501540575663,-0.024844595264662872,-0.06575567087861547,-0.07319186275227832,0.04578184815826985,-0.03492312837528052,-0.02939399081727635,0.07516829313591213,-0.021961470411013435,-0.0992172219471446,0.17550007009385685,-0.014445458457694084
-1.3272370109156086,-1.5088964533030982,-1.5177981643953764,-0.7651487194072164,-1.0254890301841286,0.8607478106136128,-0.18046022409369936,-1.5870111950367327,0.4664114774019045,-0.548485887363395,-1.0211846106273705,1.052388485442908,-2.0622807430803727,-0.5006359560681685,1.467187777845262,-1.8353850883620297,-1.2632653910414473,-0.33693799084011133,2.6949769020882135,0.9358465525579048,-0.08310904191804279,-0.9754973322431337,-2.67571935075246,3.913057340884839,-1.3189648128781293,0.40470736116890005,-1.456270720738009,-2.2387718575563067,1.2786974822769348,1.2737432158199873,-6.102627340076346,1.8551496896160313,0.5795348263725119,-1.9655822693335363,3.931933547947109,-3.794500906856135,-0.07185122721544406,-0.026414916687913785,-0.061581742302161784,-0.08384262208567721,0.048613305675929454,-0.03621651089425423,-0.033129226907905214,0.07893078658930765,-0.01668742077308818,-0.10080072066584064,0.17875018485723204,-0.01608750804314346
-1.3726650997134333,-1.563139794762224,-1.6114071095132725,-0.7943071087441544,-1.03780500792467,0.8845203330534931,-0.18442256973446872,-1.6072477068833562,0.46297426243294854,-0.5846602695468952,-1.0285917414539376,1.0821770588193447,-2.099347686587155,-0.48396827184885527,1.4656118292455764,-1.916670149459107,-1.2900140244693867,-0.42468200096592756,2.782764560616325,1.049427894892558,-0.15424805668619995,-1.0531382565525371,-2.6955065099949405,3.9404269205673104,-1.3716428282844688,0.3700881347974228,-1.484677777500139,-2.3088016307980777,1.2479848220497534,1.219212833931904,-6.244436541497767,1.8448417066903005,0.49793693747905804,-2.079547244178506,3.9305524404418297,-4.018176603770194,-0.07759636180368963,-0.025927244291588547,-0.06411096173744872,-0.08693066987706448,0.04280237287278333,-0.03784986812179281,-0.042919072080157154,0.07616881024514462,-0.017429066913218737,-0.11100153148186866,0.17561417026034323,-0.011004060036424833
-1.3734244242815907,-1.5778413537167224,-1.6216814410875502,-0.7839366201113885,-1.0531531277357473,0.8998270276135638,-0.17766358910763236,-1.6192685698706426,0.4691153896704758,-0.574983497196183,-1.0293825041862807,1.0936892248763133,-2.088986282613966,-0.4853854308498056,1.46851974459101,-1.8924697512372142,-1.271621627649572,-0.3826626046651864,2.7434273353895002,1.0203100179656985,-0.1259359415207656,-1.0575242099393976,-2.6623169986274426,3.916200874013431,-1.3542680961967843,0.3845531614032341,-1.4528621617355717,-2.280584808460255,1.2493269713645905,1.2133273599090053,-6.197963024214806,1.845821193427222,0.49897079643325626,-2.063393109815151,3.9263796296189173,-3.9809713970956238,-0.07618102598680053,-0.02737888627339575,-0.06083586249722601,-0.08241198699305509,0.04292173415239584,-0.034234630458427874,-0.03611931134228054,0.07368273085757458,-0.020894220167015892,-0.1075118766978158,0.17125717611660643,-0.014619618597701505
-1.3548780865821406,-1.572210309649986,-1.595174505458495,-0.7687576949126826,-1.0540958737159378,0.9048885125285732,-0.1691802577125735,-1.6185133102500004,0.49941156683754034,-0.5688259659803407,-1.0269205537931314,1.104955320403566,-2.0702476023195224,-0.4938528990283143,1.4494255838231305,-1.8777497749700605,-1.2508961573958637,-0.34874493719174104,2.704125476151181,0.9968865523573931,-0.09515050827906517,-1.0437757911790086,-2.6409319103460533,3.9139158832735044,-1.3340015108162018,0.3998798833415111,-1.3987102073239948,-2.2352148932135023,1.2519419195244277,1.1995406868166827,-6.096371750731769,1.8501145070394505,0.5232564232664284,-2.0129218078573605,3.9323074069217343,-3.8951756218798925,-0.07137949058138812,-0.0279083348088225,-0.06751943616060743,-0.0782912831298902,0.04165530311487037,-0.028976071407016423,-0.03280953118710703,0.07241126852556232,-0.02209940632212743,-0.0991720634733833,0.1649385036038705,-0.015376476051630823
-1.3117639536394345,-1.5521442557227254,-1.5213816222895238,-0.7594057792601387,-1.059208216469673,0.9002007510107716,-0.16839335415986798,-1.617258916371089,0.5045575730515671,-0.5311160828443557,-1.0127646680196416,1.0711846899902415,-2.050717563597502,-0.5074948317737252,1.4267653285312738,-1.8628888194842745,-1.2470092748110262,-0.3462098702792288,2.740147451465875,1.0109542792848933,-0.106037807894352,-1.0225629843547972,-2.637851604445827,3.9304816926706265,-1.3462780802628107,0.3925190135853645,-1.36852731355035,-2.2370038703058195,1.241514253058848,1.1876778241808592,-6.142138374191695,1.8704563362389954,0.5425685526763937,-1.9764777734398704,3.9922026011980325,-3.9258672331053264,-0.07180276643665977,-0.02777058608885171,-0.06022706429309442,-0.0835930995016331,0.041632070697318786,-0.029530922951504845,-0.0353746682396784,0.07798489960589465,-0.023774348887537815,-0.09930175789371476,0.17838185156458297,-0.012630067692448925
-1.3358914320845847,-1.5533843437873047,-1.5651850148400293,-0.7685027975050638,-1.0468096056663152,0.8903289944471813,-0.1750211841743524,-1.6115281240839066,0.4807835349995814,-0.5492102200384865,-1.0068340710741523,1.0700402933363784,-2.0762824348781868,-0.4972906467695484,1.4349022186598148,-1.9028770766842162,-1.2670325621913063,-0.3997118409332016,2.7837460666292704,1.0561608636146038,-0.14709528705547853,-1.0526021593052641,-2.6469717285152865,3.924429799996547,-1.3663750683610199,0.3775325167959111,-1.3996511448914475,-2.2805318920111444,1.2433324181843042,1.191965926774784,-6.217759155147429,1.858701417950876,0.5163918214691992,-2.0253579015719545,3.9879732828810903,-4.011151291984058,-0.07440795471486157,-0.028949038948686456,-0.06380079409335351,-0.08526037047083683,0.03874294850546386,-0.029841663962856077,-0.036970334815776204,0.07798483111062876,-0.02392414145197216,-0.10113678151398552,0.17810749942590173,-0.008875331082283886
-1.3671271131532925,-1.5571890507789188,-1.601813746623656,-0.7880529197180532,-1.0408285240681763,0.8869549237416074,-0.18577859665723584,-1.609698800904481,0.46343376361266375,-0.5759055719444012,-1.0128688696332273,1.0789964506066942,-2.1045076957024493,-0.48203936320649193,1.4357169301491648,-1.9349002126041273,-1.2719465224142161,-0.43389390999429495,2.7939845126954763,1.0875307062612507,-0.17781684563663633,-1.080152271167259,-2.6749085408064843,3.938666647838116,-1.3748891445980462,0.3719956773149589,-1.4444400690377401,-2.3093318617749996,1.234752837329035,1.1876924776561688,-6.253185638870658,1.845988029446829,0.4832693981114545,-2.0868050556842057,3.9560992707940663,-4.073498871866997,-0.077706396177758,-0.032912793035307905,-0.07605102603100541,-0.09131918177663265,0.04002118103966608,-0.03461248044619593,-0.04323489719396066,0.07466508331724653,-0.03765197690479729,-0.10445675341173788,0.1767074599390877,-0.008885033115164476
-1.4137933903010158,-1.583860288537304,-1.6755237643294159,-0.8243369123383434,-1.0404730216642102,0.9034096758503006,-0.1870532462967331,-1.6332010846814906,0.4664827799141765,-0.6245944063682719,-1.0381046549880326,1.1483987339642385,-2.1108572706214934,-0.4668590265576381,1.4227583243829713,-1.9438458628860762,-1.2504112343705724,-0.43167470263097685,2.788834742257345,1.115017015553291,-0.1944492416681443,-1.1120934420728454,-2.673898548522266,3.928056614218926,-1.3470333120484352,0.3930771019173126,-1.4182011044237746,-2.2679694645416224,1.2337545971584003,1.1602312022548742,-6.136630856859062,1.831144688101495,0.4625480048995688,-2.088048691200982,3.892247991499409,-3.971441537794805,-0.07335494973892018,-0.03464321761978729,-0.07299566316905257,-0.08111932963704646,0.03581578853138634,-0.031619593642847534,-0.045658621707374926,0.06496472860362,-0.01481839219114157,-0.1062755946018654,0.16279544841928356,-0.005471675345707195
-1.376733427076027,-1.5726188098181477,-1.622627853970499,-0.7935268308946024,-1.05532097319244,0.9190604608609144,-0.17277999846257475,-1.647284813548871,0.5070795380758615,-0.6029279719080712,-1.0585341217078523,1.1684165017336174,-2.077858348279457,-0.47887695327535834,1.4136268822669464,-1.9022092876904646,-1.2233335595247308,-0.3533925590943303,2.729680208519999,1.0527850745461065,-0.12166116878598282,-1.0536477520336043,-2.677437277171296,3.9645929331944267,-1.2989746466755956,0.4279165830670652,-1.3311807643828306,-2.1842044842143213,1.238986167596521,1.161081514202793,-5.9446830350179685,1.8480511537596664,0.518423602605239,-1.9797639799756663,3.894820574183921,-3.770100220540555,-0.0752355022930478,-0.031697283117674356,-0.07035236625588122,-0.07569638566473752,0.040127362258045786,-0.03190534848912314,-0.02855945920215126,0.06558498680667325,-0.021771047730865214,-0.09277105959528666,0.16271596887134665,-0.010266270652321136
-1.358579316922735,-1.5689456332027953,-1.5995365920668578,-0.7800109448997996,-1.0601256975213915,0.91728687626714,-0.16232161909964743,-1.6545195919331446,0.5115119702266553,-0.5785911232508587,-1.049896034966676,1.1409632095617905,-2.064035754778356,-0.4902598035438868,1.4203327327879636,-1.881909062464396,-1.2324301015356378,-0.34287524351016807,2.7486756627289974,1.0488544044728885,-0.11531878158362853,-1.0267235219764668,-2.6947769093562943,3.9954541583188963,-1.2968381131793683,0.4283976005241438,-1.3111994123478046,-2.179027514314689,1.243186879469032,1.169609048393999,-5.948370490706345,1.8620871963674464,0.5484440826294095,-1.9326526044340138,3.937484642054136,-3.750014130933731,-0.07305065868380223,-0.02904719483101557,-0.061857438646218385,-0.07722412801112447,0.03412694811957377,-0.03963893379703884,-0.02210108241544979,0.06894785633430262,-0.031004102035880925,-0.08424748461543674,0.17196418699159563,-0.015210333711772044
-1.3559509863202268,-1.5227458538042784,-1.5665413373503019,-0.7893000029406799,-1.0252460875212215,0.8716457732946962,-0.1854870164186402,-1.6125839111285751,0.46286676983342934,-0.5717442658942907,-1.0225413602575688,1.0894933997279956,-2.0897723183883645,-0.48929364250775953,1.40118249168744,-1.9365266857467203,-1.2717817320724134,-0.44502527745605036,2.859304262510454,1.1137065027426116,-0.1924124743161315,-1.048362695422939,-2.7214695896060985,4.003183629880502,-1.3414003579552158,0.3954256167165607,-1.4045280570692398,-2.2545834645532765,1.254814137008139,1.2147103527980943,-6.174629057664012,1.8672656728796817,0.5295399949387262,-2.001203112706493,3.9840866151297374,-3.95863314591683,-0.07110159871165403,-0.030678770350610368,-0.06793225282428501,-0.09043706729380131,0.04421884062785988,-0.038490788385616086,-0.0364814367119273,0.07818414482581164,-0.027094501831596444,-0.09927328941707435,0.17539318525399855,-0.013243227511299067
-1.3570102764310554,-1.506220469688757,-1.5586280479793824,-0.807579104308669,-1.0111110846217781,0.8641906443132091,-0.19589805649606387,-1.6024408054566082,0.4475363688860819,-0.5947328337792619,-1.0168204606786126,1.0878964694765332,-2.0939198535278334,-0.4842241759164414,1.394536805178776,-1.9579859349169526,-1.2798673859038912,-0.47669031913404936,2.890254136844259,1.148785286841543,-0.23146335543182123,-1.0644327603725152,-2.728623324750976,3.985939350408827,-1.3400352774658364,0.3962017787092296,-1.4319148773204677,-2.280651941802953,1.254563141246475,1.2112487504805292,-6.218089851273681,1.8522975290687151,0.5062615079491259,-2.0428392279746994,3.9609230983480717,-3.996652891538265,-0.07462452641122298,-0.02486407610688221,-0.0667980529435509,-0.07901592313898412,0.04416476633495769,-0.04046397870774125,-0.03456237797064653,0.0789978441681758,-0.01789305362687802,-0.10563558727469313,0.17921126984319907,-0.01924827031399044
-1.366122635410468,-1.486715963522117,-1.5514094346026879,-0.8197189943631994,-0.9999125046348062,0.8602804611015783,-0.19665539747692568,-1.6002977454184761,0.4474262498190284,-0.6111640745370515,-1.0338584078337778,1.1105266434394918,-2.0757929895149094,-0.48156008161962927,1.368034407751123,-1.9308013334208558,-1.2461968869154962,-0.43937987118624733,2.8482021694641997,1.1321088164291435,-0.22303109460110987,-1.0665190625127927,-2.7365584264468894,3.9880472259974344,-1.3106556545043426,0.41757892382156625,-1.3696427204218982,-2.214362390354222,1.2436395719699527,1.1884281382844675,-6.086583631279102,1.836316318724323,0.5090489698405691,-2.0308643886228914,3.902168294991607,-3.873449408091585,-0.06900896058322901,-0.026649805031893518,-0.0597972141324838,-0.0807291587276955,0.04580929557591659,-0.033935983814898665,-0.032412829268504466,0.07454956824691918,-0.034486056228267156,-0.10259194746712376,0.1679156734435293,-0.013269087355715447
-1.3304051217998347,-1.4807796082591802,-1.5041709479543666,-0.8025989716210546,-1.0042467619357676,0.8651737322393633,-0.19357568899018252,-1.598609896900248,0.44969285971631745,-0.5946978504363475,-1.026881683762561,1.0939014786629322,-2.0513281613129606,-0.49015907062831393,1.365090166005986,-1.8956523328862622,-1.2199853039487232,-0.3922064910139879,2.734667110479176,1.0646854813098514,-0.1802879993287891,-1.0490366534235978,-2.6841585824650247,3.9255732467298747,-1.29041554549272,0.4326843902971262,-1.324388163161852,-2.1656261841277007,1.2295708293313514,1.159515104696392,-5.90745391981853,1.8359543538648713,0.531854749191064,-1.9735060966331774,3.8554156460437357,-3.685308292379152,-0.07070416534772579,-0.023760271752176633,-0.060283422390297096,-0.07685639443562198,0.037176424271788494,-0.034239689093028956,-0.02844477279162023,0.0696074449886964,-0.020432967115751575,-0.09240631920291444,0.16644574593705894,-0.018077608914528157
-1.3434554234954799,-1.4811571327875401,-1.5146357833418735,-0.793997654999753,-0.9963111299211801,0.8564645762013067,-0.20043912640023503,-1.5825977762164065,0.4423963839622072,-0.5976711931933039,-1.0187090143444997,1.087000614987992,-2.051486764522801,-0.49062205141230464,1.3608601635507722,-1.8929829284546735,-1.2248095294463783,-0.40123620938105453,2.7253181466919814,1.061025296834154,-0.18703626686767988,-1.072248710301652,-2.6507604185211138,3.8827330065763195,-1.2963792430248169,0.428786004892037,-1.3341640113942383,-2.1673116107534516,1.2339823616038408,1.1646345028228209,-5.901354271024073,1.831100451451818,0.531417292423291,-1.9877198591701075,3.850027492976226,-3.705652391052553,-0.07073293681903134,-0.026434330679072634,-0.05548149629000302,-0.07555888300265581,0.041544638818665866,-0.03253363765157899,-0.031057699825720705,0.07248128722954769,-0.0230067533708778,-0.09569858845328903,0.16814545871669767,-0.018676001163150487
-1.3604372213265528,-1.5124939374046138,-1.5593460447895926,-0.8261531712686709,-0.993223555066692,0.8619520500997386,-0.21269269406807295,-1.5645552999231909,0.4320590208102455,-0.612846958990157,-1.0158944002857802,1.0887749368712472,-2.0817263128620445,-0.4804083551651262,1.3929614605367966,-1.9289439674725717,-1.2351672381395238,-0.4491846809531304,2.6820191415535524,1.0795612217592157,-0.2248606678329922,-1.1234592930123912,-2.5708360348888624,3.7725673571595126,-1.3359264958120833,0.39982197044247725,-1.3953371178618412,-2.2239384377045286,1.2216750124687012,1.1582510581829148,-5.9181530071647295,1.8019932485579675,0.47345001593980596,-2.04190009630059,3.799657642551618,-3.726613936874292,-0.07220221861230947,-0.024961220295409082,-0.057727444202377666,-0.08178333823412497,0.043069043542759214,-0.029627133133455132,-0.03965586674094248,0.0641793675290769,-0.02326303234269684,-0.09949428904391175,0.16281027852579116,-0.008466864519937195
-1.3604372213265528,-1.5124939374046138,-1.5593460447895926,-0.8261531712686709,-0.993223555066692,0.8619520500997386,-0.21269269406807295,-1.5645552999231909,0.4320590208102455,-0.612846958990157,-1.0158944002857802,1.0887749368712472,-2.0817263128620445,-0.4804083551651262,1.3929614605367966,-1.9289439674725717,-1.2351672381395238,-0.4491846809531304,2.6820191415535524,1.0795612217592157,-0.2248606678329922,-1.1234592930123912,-2.5708360348888624,3.7725673571595126,-1.3359264958120833,0.39982197044247725,-1.3953371178618412,-2.2239384377045286,1.2216750124687012,1.1582510581829148,-5.9181530071647295,1.8019932485579675,0.47345001593980596,-2.04190009630059,3.799657642551618,-3.726613936874292,-0.07220221861230947,-0.024961220295409082,-0.057727444202377666,-0.08178333823412497,0.043069043542759214,-0.029627133133455132,-0.03965586674094248,0.0641793675290769,-0.02326303234269684,-0.09949428904391175,0.16281027852579116,-0.008466864519937195
-1.3423172290360905,-1.5082969854251973,-1.5275101478862458,-0.805349860715244,-0.9872637941967667,0.8452341006123663,-0.21215802998337788,-1.5572486584705767,0.4332781120795004,-0.6014080674412757,-1.0027979138933119,1.058771363123797,-2.05748880367335,-0.4897412652882188,1.385743162480098,-1.912461981118094,-1.2258048976921667,-0.4333036100317844,2.6047119741071234,1.0342043759312853,-0.19660038215701237,-1.1415189962740502,-2.5074131512987905,3.6832430545601076,-1.312971972217802,0.41646742712378043,-1.3586433029815428,-2.1929935048203686,1.2173606609949592,1.1431740114329436,-5.833912027604918,1.7957580909856434,0.4723605507355922,-2.0327882748135875,3.754854012287022,-3.641402093922466,-0.0716696032269733,-0.026473687032567583,-0.06470759446346551,-0.07997200625097643,0.038768572372668834,-0.02927451690332219,-0.03147118828966985,0.06370258095997837,-0.013913851299893273,-0.10128582117796969,0.15806886329007155,-0.005619691372935786
-1.3222080613010727,-1.4827719396351846,-1.4803497060704707,-0.7849489537518001,-0.9851221830779783,0.846260892194013,-0.20754604843236896,-1.5507145056269274,0.43929863500131316,-0.5993073564062634,-1.0024151139109867,1.06621058399878,-2.039031731531523,-0.4953295848897262,1.3616413861421865,-1.8836526277290082,-1.208698936163428,-0.4003582011700902,2.56312169332988,1.0049493854410239,-0.16969726461692952,-1.117230924479933,-2.52269616217583,3.691254372436166,-1.2874273410946389,0.43434164003256687,-1.2961851305969136,-2.145047248633129,1.215947094307545,1.1355751126704055,-5.731321500382106,1.794509184377607,0.4901195886274968,-1.992083185626509,3.753834292905863,-3.563633316321472,-0.06992708671553179,-0.030717937625797206,-0.06286016004520012,-0.07610498284219337,0.035875876446555176,-0.030022573925572286,-0.030517827251564933,0.06940277564243129,-0.01741266433990271,-0.10121752682555776,0.1627539472551441,-0.007116656349460529
-1.2822782142337703,-1.4323103756234186,-1.4002373514582136,-0.7686558898501786,-0.9850445500219784,0.8427662785110225,-0.20167306458828255,-1.5492029371469787,0.45563266363913535,-0.5850833438384943,-1.003365988888253,1.0695277366323828,-1.9839234381661366,-0.5087706107013276,1.3035680108006564,-1.829646258769105,-1.1654309023055973,-0.33303716310753334,2.5431290858569975,0.974178477879011,-0.14025573771977767,-1.0553692639118624,-2.554689190005179,3.7492719342532115,-1.250791302190089,0.45595724625405604,-1.1956865053114807,-2.0564755653619837,1.2087593893472353,1.1120901613294971,-5.557687696044162,1.7920170491748844,0.5379318719345427,-1.903653392057994,3.753328501225031,-3.389053733197763,-0.06725975156046664,-0.02955970865058563,-0.060333960908487465,-0.06625311316030767,0.040092029625622055,-0.03335684501705861,-0.020678918217925005,0.06888712659853775,-0.029798361048404134,-0.07786247480415102,0.15905159388314116,-0.009827344419074078
-1.2844809735424363,-1.4211889292321902,-1.3912769974923547,-0.7738776515634886,-0.9772668334527612,0.8356581740735787,-0.20230914187578,-1.546691788004409,0.45046899689179154,-0.5795398942246667,-1.0066433162489197,1.06706420885273,-1.9813172126705318,-0.5062994985512184,1.3037982943954125,-1.817558208718437,-1.159194719821036,-0.32671021098139347,2.527345938741111,0.9573430223384415,-0.1321608401858761,-1.0412321186513467,-2.5702612378479026,3.768996464382352,-1.2411950247403585,0.4643236880288531,-1.1998266834401998,-2.0436668932069293,1.207930032113271,1.1068297869261376,-5.5114773295802335,1.7884885190206055,0.5436749012502328,-1.8795611976944238,3.749104715191387,-3.3351029205074636,-0.0686772843449412,-0.029441248988861916,-0.06123527552033581,-0.0652511517820335,0.038760265513914906,-0.03015133993674651,-0.017672502179730827,0.06951059184946223,-0.017281573028968326,-0.0810071542623288,0.15797908849347223,-0.013432265787386346
-1.3025867293983215,-1.425932144561871,-1.41728660148438,-0.7989285489945043,-0.96486517579466,0.8277937621160744,-0.21522525696147282,-1.538742362791619,0.42764886313147954,-0.5966952212289843,-1.0075863632070001,1.0628597728208802,-2.000159886410362,-0.4988062517280374,1.3056427327612348,-1.841311908831161,-1.1613368157502935,-0.35480311660390995,2.5415164375240655,0.9880907288122772,-0.16729232928900084,-1.0648248528621502,-2.564716244323812,3.7420009072603695,-1.251853063594646,0.4601078987557805,-1.2470614171130798,-2.0839431945327482,1.2130092162682402,1.1135236099985646,-5.528426097391826,1.7823583703093946,0.530603248839416,-1.910708295633905,3.7215113570127145,-3.3511799685720285,-0.06826940329264986,-0.030916197562212797,-0.0661194493432173,-0.06691126332622449,0.037080475889776116,-0.03770975428919464,-0.025924643805377474,0.0693527322901328,-0.015909798437739157,-0.08612857662738473,0.15334015287957692,-0.010271729980831453
-1.3038988433177408,-1.4327143183990723,-1.4219117236531087,-0.7886005408755845,-0.967652608284827,0.8333548020306577,-0.2112305643834622,-1.5400070022463963,0.43876426448444594,-0.6039148536979357,-1.0194741341200835,1.0749408938168417,-1.9957858508065751,-0.49773085436127434,1.3076979393455999,-1.8278539812970431,-1.155213177243442,-0.3364651607546075,2.5034987960839716,0.9685990158434442,-0.14564934265988164,-1.071704171530051,-2.5613658353383277,3.7293407992174537,-1.2424773425401037,0.46380648757454623,-1.2041013373974954,-2.0452058731935248,1.2037183941064704,1.0990793181535399,-5.4592712298798745,1.7704959241495324,0.5218226153589601,-1.909980128113949,3.6861941614915446,-3.2986218765318336,-0.06414275694390226,-0.031233510421067482,-0.06131892958822547,-0.06335264300524973,0.035885759007894334,-0.030381449904931152,-0.020537312678219337,0.06435443555298766,-0.022530464130039642,-0.08771753627523779,0.14593194593942,-0.01161618364086308
-1.2724069664165165,-1.4141788940191862,-1.3696221963694246,-0.7678060792810066,-0.9767674126202137,0.8412920121649565,-0.1975492906559658,-1.5527638770022372,0.45991548239183094,-0.5738228404223016,-1.0145666149054249,1.07696597702401,-1.9565907806528144,-0.5075951398127057,1.285215846465291,-1.7804751528171991,-1.1252987670743784,-0.27519213790730207,2.4424174262730967,0.9115941086865834,-0.08978481821645476,-1.0228830254214578,-2.5410527457171006,3.728901621082132,-1.203798551447489,0.4898463786414586,-1.1406925225210292,-1.9770312380734445,1.2032791183383769,1.0854029729003127,-5.284501859711643,1.7695557620137845,0.561237331920761,-1.8248531771750878,3.671161176579765,-3.114771837542658,-0.06624748275350127,-0.02820298615943658,-0.054557954003188185,-0.06603976844153912,0.03885705697791138,-0.027091934109631937,-0.013288630529039317,0.060202914443538265,-0.019954301781184923,-0.07783585063155712,0.1453955606540092,-0.010119370605362575
-1.2556307630251755,-1.393552608071451,-1.3338427272849187,-0.7665977953997558,-0.9704171423335087,0.8359493321184825,-0.19808621100615437,-1.5536846769588313,0.4617696593717036,-0.5753760100755505,-1.016329173078572,1.0775916239393017,-1.9521518868929295,-0.5096775179387982,1.2764684816690506,-1.7736560732091693,-1.1214813086725397,-0.27345116937292524,2.457901891070825,0.913189913474634,-0.09989616006518538,-1.0022461909285976,-2.5696706639757294,3.7661998593400616,-1.2095801236391335,0.48198197696291417,-1.1214512438739455,-1.9722821938449104,1.195999178187766,1.0763001012366087,-5.265731706233053,1.7775769880403738,0.5732898964631578,-1.799178260312219,3.6889988331643124,-3.0838708418682717,-0.06588306929848957,-0.02832133311290305,-0.06080632586121936,-0.06488923924000019,0.03894054903986525,-0.024526046477024555,-0.008670958364763864,0.0614983920977573,-0.01801270397650419,-0.07755111428656421,0.1459183751219812,-0.0161343892680757
-1.301773318325361,-1.410423277723592,-1.3973396472781487,-0.8036578735126964,-0.9595764745926495,0.8328956449590912,-0.21664790434134967,-1.5440570979129637,0.4288826400996383,-0.6054623987425007,-1.0191460514198776,1.0850179208453223,-1.9991300358445752,-0.49419154224790524,1.2786500890729293,-1.8386810810101566,-1.1515718686242171,-0.36169297326322325,2.5356045920427768,0.9972173911584429,-0.17546135374980687,-1.055874978912862,-2.586624301230102,3.765167909132335,-1.2562739192987016,0.45326294798813827,-1.208491637345824,-2.0634351205630086,1.1906492970807883,1.077090170508088,-5.434126276442589,1.7620231239120263,0.5164905558577494,-1.8950842317082233,3.674153060601609,-3.2460609620323746,-0.06326383111602228,-0.02714088450309769,-0.057271891651250816,-0.06742107088564639,0.041668689079898694,-0.028892635580740605,-0.022235118510596157,0.0656166125186653,-0.021176630409098687,-0.08604111792553899,0.15045963583679658,-0.012073569114378672
-1.3318665033770862,-1.4218693331794394,-1.446318774087283,-0.8174326287879713,-0.9503807384894187,0.8234877054332274,-0.22816650357386317,-1.5400363677879159,0.4146125714091751,-0.641946586371355,-1.0168167168333384,1.098335275342241,-2.0251864711346856,-0.48427635922897244,1.2932815159015862,-1.8842279859645483,-1.1701009139222123,-0.4177131504689905,2.554991144055541,1.0498427500143546,-0.22672471641763248,-1.1238154001548741,-2.557526717959553,3.7254289308609785,-1.2719052541075038,0.44276156107685594,-1.231859094216544,-2.107771975147679,1.1850842189075668,1.0732619394024459,-5.528622196487865,1.7559731376187762,0.4697235794080453,-1.9705725968798145,3.666169126187358,-3.3812953245224535,-0.07220221861230947,-0.024961220295409082,-0.057727444202377666,-0.07571657077245267,0.03439417390827195,-0.03143392367357274,-0.02888365514240366,0.0654519933214029,-0.019657766854565793,-0.09126138219653954,0.14413058960699685,-0.006804718029318463
-1.3164861374537598,-1.40898219550173,-1.4220404507546702,-0.8123804049113654,-0.9470687770046217,0.8214897075628598,-0.23022992906638703,-1.5300451801006183,0.41684783940220993,-0.6421494826918875,-1.008364378603008,1.094273040630613,-2.01514575856623,-0.48704412649608136,1.2772458188590445,-1.8844234096390182,-1.1667062190428323,-0.41904927988968294,2.5326493782721387,1.0446564368418922,-0.2247626007019705,-1.1322974601142972,-2.5503181520826583,3.7112234959211383,-1.2679467708567946,0.44699215110277773,-1.2361710624122446,-2.0995537856903987,1.1811851395825603,1.0645508178253533,-5.515776443698251,1.7531222092782464,0.4602294948184201,-1.9742554754659556,3.6576558285553666,-3.3754522781451692,-0.0679341983914452,-0.025312421692617534,-0.05506526071475135,-0.07394762280069074,0.03462873045279477,-0.024253315329260568,-0.022854268076008606,0.06140610424152601,-0.019340553828469328,-0.09260939251697907,0.15237323728341878,-0.013577323926372733
-1.3054500802594247,-1.4184870413518869,-1.4152928130484246,-0.8047739718759629,-0.9531952030900215,0.8283053322657096,-0.2249358749803138,-1.529874811951756,0.42798290082293505,-0.6269715050775937,-0.9910210556028377,1.0802915058030063,-2.008733579217017,-0.49320588544461674,1.2670030235787055,-1.869910757269073,-1.150622559960338,-0.39345727079475873,2.5113187781602018,1.0371387812179027,-0.2110260680300906,-1.1346135998822429,-2.4992487246904025,3.669332817200352,-1.2755024251669669,0.43910693654145627,-1.214795755644314,-2.095861778797242,1.1785989629456164,1.0582289298979453,-5.521609374763158,1.7542057497945018,0.4708954175581529,-1.9542814357725278,3.6933913721172438,-3.39557952417715,-0.06448552135342288,-0.029777209599329186,-0.057490648238812794,-0.07094733415244608,0.03282462181564145,-0.03584973210846633,-0.02822920728314091,0.06110763929635031,-0.015560394145636142,-0.09427631595303367,0.15242540955775835,-0.01342754955025503
-1.3052428311990627,-1.4509442666292094,-1.4405399392886946,-0.8203153779400332,-0.9594149704234946,0.839721471382796,-0.22344151569777548,-1.5343818034699461,0.43069895601919167,-0.6174386072441733,-0.977101451687303,1.0734841385296692,-2.0392599424412357,-0.4934497910840645,1.278507653479907,-1.947680707031963,-1.1973824130517785,-0.484830065721893,2.6071965431527886,1.116101498807696,-0.27182540377739023,-1.1769143527858745,-2.5037140057475664,3.6894614686685703,-1.3190348240149357,0.41018327315375036,-1.2632506252133906,-2.181814876005689,1.1652630513930722,1.055984265599529,-5.723316704555998,1.7718464318601546,0.4447446283295648,-2.0283867492944214,3.760676890578809,-3.641277146725898,-0.06559638719090283,-0.03378608157409585,-0.05739818083318109,-0.0841736869275937,0.030002899194139804,-0.03327149614115421,-0.03459619488104732,0.06502737185042119,-0.01376772817621985,-0.10106119235648237,0.15849087371435716,-0.010426488680882601
-1.3052428311990627,-1.4509442666292094,-1.4405399392886946,-0.8203153779400332,-0.9594149704234946,0.839721471382796,-0.22344151569777548,-1.5343818034699461,0.43069895601919167,-0.6174386072441733,-0.977101451687303,1.0734841385296692,-2.0392599424412357,-0.4934497910840645,1.278507653479907,-1.947680707031963,-1.1973824130517785,-0.484830065721893,2.6071965431527886,1.116101498807696,-0.27182540377739023,-1.1769143527858745,-2.5037140057475664,3.6894614686685703,-1.3190348240149357,0.41018327315375036,-1.2632506252133906,-2.181814876005689,1.1652630513930722,1.055984265599529,-5.723316704555998,1.7718464318601546,0.4447446283295648,-2.0283867492944214,3.760676890578809,-3.641277146725898,-0.06559638719090283,-0.03378608157409585,-0.05739818083318109,-0.0841736869275937,0.030002899194139804,-0.03327149614115421,-0.03459619488104732,0.06502737185042119,-0.01376772817621985,-0.10106119235648237,0.15849087371435716,-0.010426488680882601
-1.3354512752028327,-1.4623365108194506,-1.492197848273993,-0.8410494824329068,-0.9630924674923275,0.8404831622698913,-0.23396122850596482,-1.5447652108041576,0.41486336189315237,-0.6481896680306827,-0.962434874217435,1.083532539140193,-2.0841196253883365,-0.4839643891915878,1.2920632342500846,-2.0236616681724975,-1.2495252944457018,-0.5883257122167294,2.775203863231629,1.2458915735010352,-0.3559175404812059,-1.2525434801461095,-2.5074943926317594,3.6992403382740044,-1.3626001519527755,0.3804631956475739,-1.3080648503785426,-2.2577810909542118,1.172407400914832,1.0662423334225608,-5.996598002460634,1.7898559882442635,0.39947387850197386,-2.129403286179023,3.8206844713940877,-3.927169769096977,-0.07321195071334823,-0.026317251155247835,-0.06351618008610746,-0.07954711680071319,0.03275295168864795,-0.0375108085336028,-0.043359140475396296,0.06860133834166665,-0.02871811551096644,-0.11116837607152885,0.16922122590710606,-0.007419931466579163
-1.3311544858010527,-1.4734673456784186,-1.495157500069469,-0.8309015135386435,-0.9710765468373486,0.843824799388877,-0.23579681938097719,-1.5436267988924972,0.4083940065133735,-0.6445973402279829,-0.9691176794638408,1.0856745113337687,-2.0860639998777684,-0.4852290547404676,1.2798377297953352,-2.037983549865596,-1.2538406694160737,-0.5935381372462474,2.82091883428231,1.2850637785929229,-0.3757604499975925,-1.2618671060207736,-2.528938949731537,3.7313422526602644,-1.3589859294476738,0.3822092177587068,-1.2906036736166564,-2.2435038139050985,1.1757733929245182,1.0690719019777517,-6.036701256078126,1.7923696451771116,0.39896968649110764,-2.1289439106628953,3.8545691114502167,-3.983923549975529,-0.07380638307442915,-0.024786009282126004,-0.055490152433966995,-0.08151431283525831,0.0372986882552673,-0.03020184105475272,-0.04687697172795996,0.06779156884732604,-0.016190129374528277,-0.11628426931862187,0.16914907280974426,-0.004579227106057976
-1.3165380697752787,-1.4539026917641293,-1.4712127853748498,-0.8189887280714683,-0.982240278384518,0.8490172411311989,-0.21719614553931615,-1.5775254681175348,0.422902622597865,-0.6291501883958804,-0.9884713386426102,1.1039360619489587,-2.0561542274937477,-0.4952836197459138,1.2598441755964638,-2.007020221133583,-1.2417346176247654,-0.5584986727118861,2.9026897986783027,1.3040449205541291,-0.371108557448321,-1.1835129709166727,-2.661125822175412,3.9071504793103937,-1.3204758853219418,0.4069677857569203,-1.2404901949491975,-2.1945408224163794,1.1861870579469538,1.0758383980895887,-6.064137495132404,1.8222294734954168,0.440466543699363,-2.071665501610847,3.925898946899736,-3.9946923531279723,-0.06628843722622739,-0.02684596626731834,-0.055930233393212674,-0.0776430840889792,0.03727336904378196,-0.031180099897456296,-0.04586813421999856,0.07089487749614314,-0.021634480890389978,-0.10102383464603898,0.1722399468318393,-0.011301541791031966
-1.3094280105520621,-1.439436395225978,-1.4536447705036302,-0.8266809091529916,-0.9796257568102535,0.840328378568546,-0.21801522223512595,-1.5848457731353756,0.4108637850608788,-0.6346773606695765,-0.9990445026115974,1.10389067620965,-2.056132653731597,-0.4930522722610902,1.267030986263417,-2.022434486047013,-1.2527690763652704,-0.5733324479328475,3.0679747500299457,1.3887180598859798,-0.42247336119581735,-1.1403606088626004,-2.7685133193467064,4.039012216179797,-1.3100839854854374,0.41539023331590663,-1.2541438884031662,-2.1897522447705273,1.1997921606024076,1.1056388977192926,-6.140112574373195,1.8516977686112908,0.47793823470519997,-2.052279433143629,3.976683453029519,-4.037008975713748,-0.06632895709386201,-0.025488401218229987,-0.057303380380846584,-0.0710682434387378,0.03427324664179767,-0.035463048595329394,-0.03339288619348261,0.0748329972083967,-0.016977954202639506,-0.0993436240309656,0.17678043839956994,-0.01173477490594295
-1.340828349907088,-1.4459022153409995,-1.4960805999207,-0.862976358229397,-0.9732249392598666,0.8456346470153373,-0.22382200824123435,-1.589599788848621,0.39893726702121,-0.6446926435709612,-1.0027758330280054,1.1075860297344382,-2.092529226326476,-0.4760989013245996,1.2953264652825969,-2.064621356032827,-1.286136884520042,-0.6322119767749853,3.122559531200014,1.4204934769971536,-0.4516318753374382,-1.1497328614166769,-2.7862740425586447,4.057812507200848,-1.3187472841254493,0.4126444263958684,-1.3176158980983763,-2.2305326726454404,1.2203193286314113,1.138508237134681,-6.204555612137101,1.8562047377792237,0.473062552584365,-2.0660526359666274,3.9832332640855355,-4.076470803576929,-0.06462398736123912,-0.02704246989788316,-0.05920514821372025,-0.07662085686697273,0.03880703073279322,-0.0282176139026731,-0.03550069679551716,0.07260341191108964,-0.025568785986442515,-0.09771869162949463,0.17513179066206624,-0.010988421684713161
-1.3555665823681926,-1.4661224235063668,-1.5310237394305246,-0.8643571839111125,-0.9737444053970915,0.8383549195116371,-0.22492464611778396,-1.6043558160919982,0.38555269815905524,-0.6660857381038512,-1.009955094902004,1.1236903275538974,-2.11235160432778,-0.4700570621136601,1.2975228977562818,-2.101222561550474,-1.3041636122068672,-0.6710048005337639,3.214186866260954,1.4929866609990563,-0.48647803450778154,-1.1622340369154858,-2.832624406296966,4.110900628134292,-1.3269293746697977,0.4069316433500748,-1.3444579331205515,-2.256858038987917,1.235588986577364,1.161171055366081,-6.304884070044769,1.8666410379350376,0.4680079496783295,-2.086002173563346,4.001194203668799,-4.148024311093401,-0.0716696032269733,-0.026473687032567583,-0.06470759446346551,-0.07944714201762305,0.03870395875251441,-0.03131449003988413,-0.04132571977031989,0.07617034543951075,-0.01727871634515592,-0.10776353103826546,0.17989333425769582,-0.009176740225935773
-1.352141135008051,-1.4706684889986739,-1.5349823846524833,-0.8601323170362868,-0.9863690591116285,0.8492521100746795,-0.218557344769375,-1.6059757412150788,0.4039036533898496,-0.6589693486038258,-1.009801630655656,1.1198898423369081,-2.105132618912436,-0.4749600798716416,1.3072936604533794,-2.108616950867711,-1.3086849261687292,-0.6652779217593616,3.275903087740758,1.5124042863795977,-0.49434485084763524,-1.1471796930128515,-2.8629639928558714,4.15186936787204,-1.3252521446868226,0.4059154511001053,-1.3191904202262954,-2.2450313222246097,1.2464833560422233,1.1710572049147898,-6.35206084211505,1.8832997513789826,0.48050655241886286,-2.074832339986302,4.034766878371081,-4.186916515461976,-0.06655195791420072,-0.02407189968144635,-0.05555118733761811,-0.07957498222577505,0.04302261305480318,-0.031145522266094385,-0.04349196261321258,0.07926718195091251,-0.023018784886995904,-0.10405132079700627,0.1759625501800124,-0.017605559217002645
-1.3480843846043282,-1.4610221505962877,-1.5247981680010996,-0.8642798091603476,-0.9884367498262908,0.8447636799177002,-0.2126415172264448,-1.6201767936078317,0.39063001459862867,-0.6412175034337001,-1.0165518147060155,1.104190181041904,-2.114275921891308,-0.4755035327249619,1.3224747637643601,-2.1363442142969267,-1.3489623131832333,-0.7101101893926486,3.4809134221654174,1.60274513791281,-0.5361327000146268,-1.085997814943405,-2.9830251388070392,4.315802821149887,-1.3270030040928587,0.40644443484080234,-1.381939467150751,-2.2751472457067834,1.2667840621438378,1.2228024580806534,-6.568861478269638,1.928407446135627,0.5313324260670068,-2.0474985542305495,4.1675271662228175,-4.37392739666165,-0.07315148304392988,-0.02633682803349983,-0.06455817217843142,-0.07750200745322572,0.041558459036505215,-0.03203776551598529,-0.03961869335430901,0.08088021976742199,-0.026494490872779986,-0.10234084885285981,0.19578793971167718,-0.01854623634778351
-1.3836069381646023,-1.466349375796483,-1.5732086809137114,-0.9026582202161691,-0.9875353834698413,0.8440826737427045,-0.22320252322293999,-1.6222838584424382,0.3761717145926552,-0.6610378034048343,-1.0219779493765224,1.1197768870332163,-2.146654052595768,-0.4604694057960809,1.352068862622961,-2.1939036296783283,-1.3805308570963981,-0.7808826899744863,3.596095080683316,1.6815783848648829,-0.5882799885375755,-1.0959089325611877,-3.0424501720547656,4.3815115239771245,-1.3410342474674681,0.39383799665168423,-1.4578390805363546,-2.3096085717762516,1.2798734344291196,1.2477415187694367,-6.695583566205854,1.9388097449071184,0.5147824806245621,-2.0878232675985036,4.16063917031086,-4.437649921210946,-0.0772393512432082,-0.027379414641917173,-0.06798376894785488,-0.08446783671131222,0.045595544394253944,-0.040606762394877705,-0.04260504681018008,0.08364987037159388,-0.02695016958186158,-0.10375791026686215,0.193271847642848,-0.023830647465896262
-1.4656410361919856,-1.5408911959727967,-1.7337764456720393,-0.9493418768540457,-0.9881895234038823,0.8720641578542165,-0.23224338636833883,-1.6618422461248274,0.3582212567949281,-0.7283378185250844,-1.053889294805115,1.1735974780246379,-2.2197662985514417,-0.4170455738621178,1.3938537032348717,-2.26869917156362,-1.394245027896097,-0.8391628756100412,3.714681431590292,1.7906909764824523,-0.6531998686218707,-1.143803547479923,-3.0771239127073025,4.40723727795071,-1.3596787429668313,0.3735919281489482,-1.5724169816369706,-2.3826269700971334,1.3147051379407644,1.2935615844647295,-6.823351933162874,1.9427950809225543,0.47175204978735336,-2.138764010271092,4.139873431284261,-4.502562255287422,-0.07954435249290194,-0.01895753791280795,-0.06750033351475888,-0.08265326638139305,0.049903819864972485,-0.040928779376363376,-0.045022336604220996,0.08332064775764329,-0.02181800684486528,-0.11063922009479446,0.1854316963394631,-0.018773659906249445
-1.4797845676666297,-1.6297266541960447,-1.8117590021712542,-0.9524240260022764,-1.038286570140599,0.927008111283903,-0.21124846231756353,-1.7049991104509474,0.3970375549422857,-0.726827746514043,-1.0642197052378732,1.2147791579805396,-2.2194952093096667,-0.4112174740469494,1.44758784441017,-2.2765022652462092,-1.3830711950936523,-0.799642179637301,3.647260660994577,1.7689114931959014,-0.6006664579833524,-1.1697261419623963,-3.0048731549463064,4.353626867055196,-1.3525354185010892,0.3841135829539895,-1.5341396798324476,-2.3592447606151077,1.3155568791324777,1.276662914459178,-6.754527821119789,1.9527929447748267,0.47443545540896154,-2.106138901893741,4.1153280944696915,-4.3981831368597595,-0.07688258549173883,-0.02883193625780879,-0.07185602387280257,-0.0799373045587225,0.04571249530284,-0.03700135181806386,-0.03658372182935844,0.08081031291572387,-0.02513768741813165,-0.1140876379413248,0.1792254252445618,-0.016105378055628644
-1.4739423323914773,-1.6643850846761308,-1.8218981403259424,-0.9112392381189509,-1.0595748240463694,0.9446810460461282,-0.19166371829912138,-1.7202127626878085,0.429207152969736,-0.6995203703037839,-1.055669674093332,1.2238576477639018,-2.2046387358155894,-0.4184369310018778,1.4591276224503824,-2.2424515290182527,-1.3667637553897998,-0.736340608330546,3.605681431291966,1.7326075321282566,-0.545822032428907,-1.1596698808353436,-2.956003164023362,4.330922426584401,-1.3513297123932375,0.38722898188359556,-1.471752645486349,-2.329154466126067,1.3126651138495724,1.249802527180366,-6.673330160114697,1.9580570432254276,0.4924344890531489,-2.058772104514554,4.140385029784355,-4.3564347824705925,-0.07428749254936375,-0.028988511115231957,-0.06588387984372242,-0.08944023352076094,0.04454540317246521,-0.028252577119673758,-0.04332499889601461,0.07864985479193996,-0.03524620511076695,-0.10590054591271406,0.18326455050991244,-0.013515821286194923
-1.4547817916900276,-1.7306239291834438,-1.8547712764476714,-0.880923493802852,-1.1141172791136387,0.9878731330593349,-0.15964182173249347,-1.7626636842922212,0.4880059148832342,-0.6457478605521999,-1.0565307488397813,1.2250749235699148,-2.2011679526690004,-0.42512883960026915,1.4867396974727647,-2.2350117758797627,-1.3793476792718657,-0.7015555121790102,3.653707960185681,1.7362627149058076,-0.4944952057086524,-1.123513536303472,-2.9387254271164203,4.371620279757141,-1.3543198909002276,0.3885130749512571,-1.4312022915633769,-2.3177488649874727,1.3128620267449544,1.250576815264527,-6.73656757369903,1.9994891581676186,0.5243285547012777,-1.9901969835144966,4.227292239780008,-4.384286096164238,-0.07422724524034874,-0.029008251304216665,-0.06692554668635606,-0.08227838916169074,0.04147057748322653,-0.03463443002478977,-0.03958721976254112,0.08154683782391749,-0.03721700051664506,-0.09713108116288584,0.19148794076461492,-0.023538387691296347
-1.4702991708829236,-1.7524458489272534,-1.9012961566484052,-0.8907771882081608,-1.1302199775611048,0.9989702666231887,-0.1500773085546805,-1.790442815926671,0.4916111486084831,-0.6488399067926437,-1.0679659513565458,1.2423578494190752,-2.213631100914982,-0.4211405648662348,1.4792977781411771,-2.2690982521684564,-1.401204614522732,-0.7426169838182394,3.7902594747413723,1.8226075670344448,-0.5359805287209257,-1.1097526342638773,-3.0062928903751396,4.477827182284429,-1.3695880248389851,0.3772573298274271,-1.4321933348634213,-2.3444767556345756,1.3141145455664938,1.2484365369408572,-6.819273585168922,2.011561500906656,0.5219562666076668,-1.994525089577217,4.2883041840977505,-4.5110039966660205,-0.07273882489329954,-0.027810299556622398,-0.0694589681074199,-0.08695185892266726,0.04159489079255077,-0.03058230973286154,-0.0421907250291947,0.07979981194790882,-0.031473499699169454,-0.10717588909424891,0.19624390526413815,-0.021706529551990476
-1.5603133678023111,-1.7717122261103107,-2.0468634670068226,-0.9514231827549262,-1.1243558635753133,1.0101227783232096,-0.155318532549231,-1.8289484377857717,0.4618004923653904,-0.7059962400546808,-1.097698345618462,1.2961359739675,-2.2778452791550405,-0.3871652611388799,1.4685572994955542,-2.3730359975026323,-1.4234710227442715,-0.8474731044612926,4.091634100547511,2.0392290680493046,-0.6766594764052337,-1.1267557828402655,-3.1855740982672285,4.686142094222863,-1.3946110989261888,0.36137711872696154,-1.515951077476458,-2.4114471358659126,1.3084046034251797,1.239334234230902,-7.1038000973600655,2.0301028304985542,0.4717851204207312,-2.0938088355835367,4.341971840000494,-4.817665052170887,-0.07273882489329954,-0.027810299556622398,-0.0694589681074199,-0.09201902615100509,0.036783966353348165,-0.04568100263659273,-0.05153774894705099,0.07316120392248608,-0.0367407473786851,-0.11578214331152598,0.18833593431782467,-0.01530901444945034
-1.6213154822233657,-1.8291444432320139,-2.171770617124926,-0.9908080021404551,-1.1441861404123794,1.0492796698894926,-0.1453410113503089,-1.87695362788166,0.4627065373377441,-0.763788175558101,-1.1426071419274375,1.397851405315738,-2.3161202704557535,-0.36352224426845364,1.4772235972662044,-2.4325670218577997,-1.432239843895065,-0.8844097713305671,4.246340640272529,2.167956562251086,-0.7389300502547441,-1.133649552244872,-3.3113611331405455,4.849887756064353,-1.3936141453090491,0.36431506963728316,-1.5168779532546346,-2.4371101894575165,1.3163920937875897,1.2370956571599605,-7.15721871005605,2.036550723982436,0.4434445305376245,-2.1225036031668054,4.343898076490016,-4.880928242739932,-0.07428749254936375,-0.028988511115231957,-0.06588387984372242,-0.08227343228831985,0.038600697824068296,-0.034412982843406575,-0.045291219849623574,0.07581331802858055,-0.03418111684038409,-0.11549270794668644,0.1812995522745533,-0.0216618656653883
-1.6166639270738519,-1.8378914613612904,-2.186612816060168,-0.9853888047529766,-1.1576689119104742,1.0673443331413253,-0.1343653864519512,-1.9006612558993372,0.4694204184895437,-0.7669744103242458,-1.1568121749438374,1.4298258777577455,-2.310146267832749,-0.36873794065330223,1.4856100170673456,-2.4328765096185028,-1.444834563551151,-0.8859025566682891,4.34155519176012,2.2197426953907122,-0.7547383374005396,-1.119872114928869,-3.3587866632491012,4.9321847690704725,-1.3899869987658815,0.3671048209150157,-1.5016658551229818,-2.4254630360516205,1.3228490287144041,1.2420837600676384,-7.195501139699206,2.0486960767375644,0.4544295006431261,-2.1032787484186106,4.391212443418762,-4.938515519519658,-0.07416698711382301,-0.029027994230342677,-0.06796729617395583,-0.08315312876345769,0.035613813831223626,-0.03778441608633644,-0.0451336791868824,0.07656567932560217,-0.02406828136872191,-0.11550636961396948,0.18279279556729855,-0.021353722141989898
-1.601318666726728,-1.8484793313295405,-2.1796017235715586,-0.9770825946320089,-1.1874073505943759,1.0682585901983546,-0.11389994303327593,-1.9333972076229027,0.48851551395598225,-0.7385871144111458,-1.1610094308162897,1.417873548821084,-2.32008687986619,-0.3688007366792147,1.5223433662222594,-2.487951538647164,-1.5083626026864982,-0.9586023563968398,4.668218082525808,2.379365269041101,-0.8078744144197727,-1.0256732980659524,-3.555673708560294,5.219593470830298,-1.3891159028091904,0.364463408747414,-1.538690186629808,-2.448129685250607,1.3537169948690564,1.3047033220839364,-7.5127863365992384,2.1232600503010475,0.5166196013821808,-2.048280404683168,4.596456098770957,-5.256224372655565,-0.07258734236356529,-0.031874886935731435,-0.06540549718534498,-0.08966763882052275,0.04699609807002868,-0.04176212907097623,-0.048684377224071596,0.08311203934088783,-0.040843674294660084,-0.11692182271334127,0.19853760813547913,-0.026519513696707256
-1.6277766493657657,-1.8280570673284786,-2.214449548748279,-1.0171242265267308,-1.18083352152435,1.061275231557999,-0.11447688202330418,-1.9518946317048511,0.44777839235676964,-0.7482754364508015,-1.1770378817563898,1.418458921141309,-2.3608125760854053,-0.3530064365785689,1.5232475893901543,-2.5815113980093325,-1.5892518433609413,-1.100859128445815,5.143484137661447,2.634468189267354,-0.9579316275082034,-0.9333434551869404,-3.831848777883719,5.574806839429287,-1.4068946185601672,0.34367088732211376,-1.6416179899740042,-2.5412810913563453,1.406804324499907,1.4047650784859258,-8.004784806967253,2.195471994120447,0.5415157179494403,-2.0614781405213756,4.788184127069723,-5.715425028318874,-0.0772348492159414,-0.02604447551313756,-0.0703639069202998,-0.08743628481489461,0.044075270351584615,-0.04307717097034753,-0.05242587036997141,0.09166084850528412,-0.04492775118129198,-0.11339530836766785,0.21558330862557826,-0.03056798375767141
-1.6611433963688216,-1.819476228803593,-2.2566436633441005,-1.046916486948671,-1.1709132873904529,1.0496459579581805,-0.11995183134643869,-1.9622168626446443,0.41976341241719106,-0.7790462246907826,-1.1887872523544532,1.4256829387797125,-2.398687099644354,-0.3324880612436357,1.5212768538720784,-2.6446427719309415,-1.6269117987374837,-1.1995463736708818,5.4026262406767875,2.791597716832212,-1.0655256580791628,-0.9257308723477676,-3.9568244643780837,5.722285092182884,-1.421366227979754,0.3242736902233503,-1.72504980245292,-2.59865940130045,1.4150785797176078,1.4349686315528523,-8.242257560665585,2.2129343968391537,0.524240900382713,-2.1047824014743837,4.837101511717939,-5.924520926659849,-0.08334795082444242,-0.022773906684816384,-0.07136566617553416,-0.08926201650615607,0.0495957201408199,-0.0506720949353164,-0.058547859129367705,0.09387033303708901,-0.036013620526531884,-0.1220988348803837,0.21201336142213836,-0.022045500186822477
-1.6785400744940135,-1.8084981608940705,-2.282726717985771,-1.0695171380675212,-1.1554166784731827,1.0414574517250381,-0.12519520124709774,-1.9696637286933651,0.39160438452856966,-0.8021710190924817,-1.2099995951567695,1.4436121850099473,-2.417378092643894,-0.32595234598521433,1.5084330854615664,-2.727157991514124,-1.6803869817889514,-1.3216643641912307,5.743336864733796,2.994863389275902,-1.1967243953551985,-0.8378366663349545,-4.21886843121342,6.031401459939133,-1.4247806671819756,0.3180323289036778,-1.7704990046312665,-2.6312176987074247,1.4324407223835998,1.4790851865028927,-8.530523851276715,2.235789430096947,0.5139879526881018,-2.1608664976874725,4.904337515227635,-6.206391626720973,-0.08168010753552339,-0.025636094126233896,-0.06991753818511515,-0.0876736270147875,0.04940195624596448,-0.056816080297842034,-0.05164305990633722,0.10278152028490735,-0.04551024155540308,-0.12356708518107952,0.22158459939343964,-0.026003998281882972
-1.648139658977966,-1.7808049593751591,-2.2131683143186947,-1.0456918921770606,-1.1587595606993728,1.032896535989433,-0.12017329571290658,-1.9679023742003747,0.403478615067602,-0.7776353538741889,-1.1924867647668338,1.419079680103478,-2.3827028177058387,-0.34913597983360006,1.4874442638146639,-2.6781066011410393,-1.6602979082034262,-1.269009602075987,5.746798605123159,2.974694915483164,-1.1711208615698445,-0.8378366663349545,-4.21886843121342,6.031401459939133,-1.4100390321898186,0.33363688687430315,-1.6718032866947246,-2.583753135677897,1.4430545629761558,1.4723632459849456,-8.497203487597629,2.2436234459614206,0.5461859373342476,-2.1088854805755353,4.946649420103868,-6.200327491376874,-0.07354240564079001,-0.022189891662590888,-0.0644441237506573,-0.08510740723984736,0.04832165961283707,-0.045432987340306784,-0.05915895186278299,0.09631865276024287,-0.05278866006484249,-0.12195877597485667,0.2153365969991626,-0.025018577937106348
-1.566865256912547,-1.7204285799880723,-2.0523805653433596,-0.9999102601404489,-1.1435675388225184,0.9954832906257876,-0.12866983954630376,-1.9179091199998783,0.4148804963872827,-0.7370580736032066,-1.168890147604714,1.3590722161067088,-2.321770655507682,-0.38623597966646284,1.4667405213875406,-2.596887068626159,-1.6387240454477578,-1.1829465672636172,5.706969735634371,2.890475443603849,-1.123731082005166,-0.7541876116734203,-4.215935659049094,6.039435495200771,-1.3775928909385422,0.3603797513486696,-1.6034466419563027,-2.514629496828744,1.4468221979520757,1.4847291000467444,-8.53543445927337,2.2774956763861827,0.6160814326808446,-2.005824879246548,5.037669599220112,-6.208015698710546,-0.0760478408618924,-0.02474746164661977,-0.06768644171398235,-0.08209453406499981,0.05104943108340919,-0.05025422205095582,-0.050750760688508444,0.10854032986183955,-0.048964873392610575,-0.11363510063305458,0.23797495310787792,-0.02455930090327089
-1.562627031315142,-1.7109498522173106,-2.038112776772699,-1.0110185541543726,-1.131272735360329,0.9846092199066008,-0.1381270199483493,-1.904131501128399,0.39203538559513035,-0.7499046900668527,-1.159633252243253,1.3506332054819312,-2.340452053148363,-0.37577319533651976,1.4776729892854863,-2.632083244425866,-1.6632630429559156,-1.251754718560278,5.709315666163785,2.9042190641131764,-1.157903043714835,-0.7997282228337717,-4.166670536671892,5.96661415571557,-1.3974163826310835,0.33825319381680324,-1.6913563616458853,-2.575037170314675,1.4413677954804212,1.501845200208559,-8.533054428014953,2.2567765139085036,0.5908279993337225,-2.051390768040946,4.989130155840608,-6.189490902621898,-0.08132026447307915,-0.024418346380342248,-0.07854219500376178,-0.0867636410764505,0.053602533858903914,-0.060720245044306245,-0.05584893891948127,0.10445340421837987,-0.04973997038066838,-0.11845383185087892,0.24303171429855253,-0.027951793524845687
-1.5795945982240804,-1.6984472006794247,-2.0428115356011936,-1.03178965234762,-1.1059398376345533,0.9709540017029613,-0.16189687371188624,-1.8700417333919268,0.3596620090909892,-0.7802844681877525,-1.1485453611621919,1.3258643531697378,-2.3575943268193837,-0.3635007519794823,1.4803637683711555,-2.6403234738028583,-1.6581120092769908,-1.2749238683575839,5.504877262538671,2.8225953606741454,-1.1591910199423783,-0.8855567596600025,-4.036582575129982,5.736904425746204,-1.4092880228933726,0.3245772250075087,-1.7236197348524942,-2.5898371194190797,1.4301512223632946,1.4797055934561405,-8.4649274628826,2.2188304154663183,0.5348679166125356,-2.1579189543461106,4.864260540378446,-6.107324279423942,-0.0818023962994153,-0.021592529454993924,-0.07493617061549196,-0.08927930932909336,0.05247123117855326,-0.050879125779667585,-0.05814163394623923,0.10488311926686106,-0.03447522192944137,-0.12560570282605582,0.23305038719426152,-0.017283306564584044
-1.5656961543878127,-1.7151098573294954,-2.0380635340173785,-1.005654121528235,-1.1057472553904228,0.9645831687198952,-0.17170586881378105,-1.8380821772148914,0.3715875793998827,-0.7775514741984648,-1.139373270654939,1.3337308496367084,-2.3351959692949387,-0.3706901979012284,1.4875297984876084,-2.5887929405604377,-1.6083760303134882,-1.1898902943433536,5.277994233522659,2.696113973098413,-1.09018260341987,-0.9219217090036648,-3.9047545256066654,5.552216764668819,-1.387676919504325,0.34513976278171515,-1.6924257274401593,-2.53538441883449,1.421307596432125,1.4537651447863804,-8.17863585988918,2.18894049955914,0.5370765166148297,-2.1406461200005413,4.747993025612384,-5.793469252837789,-0.07960492472539354,-0.018938447138075746,-0.06645701144602975,-0.0877215630097099,0.05394055664461125,-0.04995938934227336,-0.057198310639590084,0.09984255059569104,-0.042649625978430264,-0.12057181335578994,0.2223450332074097,-0.018765788078877636
-1.5536104139565436,-1.7200832069808891,-2.0236148299437495,-0.994138592355096,-1.1129722600454925,0.9763160592208274,-0.15631369114606045,-1.8656982901252095,0.3852109391886602,-0.7616456622343333,-1.1422617377868642,1.3284225746894511,-2.316909634006373,-0.37704789503260056,1.495366781261296,-2.560753106439239,-1.5931007040529448,-1.146792941045759,5.198879976593239,2.637484415434012,-1.0387631067265684,-0.9231599816944177,-3.838458902358366,5.478479813905821,-1.3753959695980107,0.35840659913692735,-1.65241748146476,-2.5062287231334657,1.4151397874129519,1.4415636756624368,-8.100666303274584,2.189969576470703,0.5514715571995036,-2.102798940942241,4.72317050812711,-5.656226378376318,-0.07628251317385822,-0.0233335271932907,-0.06590176000516931,-0.08368805810167042,0.0541153914174457,-0.04433067757383434,-0.055267801857301554,0.09928390441136008,-0.0338867312647853,-0.1155428473198834,0.21923600395241488,-0.01984521915510455
-1.5370077959097697,-1.7245658949038623,-1.9962476351615286,-0.976784320339269,-1.1172002368469693,0.9809648378709789,-0.15487988924799634,-1.8517451179949904,0.4003941629075872,-0.7280148283466336,-1.122910854082797,1.2974864885874684,-2.2939607244429427,-0.39122734005021,1.4919275924496034,-2.517911752360241,-1.573987837639425,-1.0894883038283547,5.083015323574135,2.5595360440909474,-0.9923014687167425,-0.9219903610786586,-3.7702574041756702,5.410957058912755,-1.3718982652178615,0.3644977608817742,-1.618458814871038,-2.4870794686712565,1.4139432569964958,1.4277967834325216,-7.977928877266924,2.1837685193080945,0.5650713175001455,-2.0572434645756195,4.721744700868036,-5.556158180266331,-0.07485749563429636,-0.023449722921160227,-0.06501806999600637,-0.08404285727140284,0.04531961222445914,-0.04930782662974563,-0.044129698945218905,0.09574235435385245,-0.043864187676602516,-0.11718038845032103,0.22238100904848868,-0.020262165094287313
-1.5320132266580055,-1.721744030984374,-1.9820738733964454,-0.9753553859373453,-1.120190890350913,0.9852721068978969,-0.15531934147521662,-1.8538656964992442,0.4051272539375008,-0.7303050293405655,-1.122833757831847,1.3018003537332556,-2.295937184954208,-0.38792481500973497,1.4926752080048649,-2.5203287983100977,-1.5708910360005535,-1.0922697357139008,5.021027176983365,2.531119370372456,-0.9700728292372726,-0.9531272536213057,-3.700860885920959,5.3246681708607815,-1.3785891727147281,0.360613259947675,-1.6062077446408451,-2.485498168808935,1.4043243655800455,1.409906179790258,-7.952430490478968,2.18039832846742,0.5526980400278958,-2.0616202031704423,4.700527779421525,-5.516689066570757,-0.08007822871850966,-0.025811090788537598,-0.07215096282286251,-0.08119735952605531,0.04829067016801078,-0.04644443171848814,-0.05007690543261663,0.09937672486970718,-0.03554600660545532,-0.11525436221943643,0.21828913672588351,-0.026175379724879794
-1.5413613294302435,-1.7449285321673644,-2.015242417416409,-0.9787580934320698,-1.1213866778039316,0.9928204256684553,-0.1588846375391948,-1.8399791168756174,0.4139597997168126,-0.7290004783439282,-1.1131099094919654,1.2860370448655298,-2.301066893773372,-0.3821295002919315,1.4943096400783291,-2.512201085318726,-1.5560656393108585,-1.0755604255474671,4.88522603706826,2.4724098892659505,-0.9517799329997332,-0.9906994438655715,-3.6174345928054574,5.206954377837555,-1.3843798633474211,0.3585074727984033,-1.6027885205551768,-2.4765422675162148,1.3903297341601775,1.3879008859893978,-7.828159858423466,2.155603149108154,0.5243755728566338,-2.0875347582259316,4.632942582385999,-5.4188281121844275,-0.07711425847993952,-0.02608357448411766,-0.07244888314097914,-0.09017808749220409,0.04827107968630098,-0.046986868600668356,-0.054691325239700016,0.09140218488698428,-0.04084822199461835,-0.10879159222903974,0.21619335711654908,-0.02227679481055021
-1.5526367614577434,-1.766706803332425,-2.049736532568512,-0.9706398077476103,-1.1294033330107405,0.9947173538139938,-0.15932956682114732,-1.8421812614677107,0.4199426971580053,-0.7390441149383576,-1.1125864167382822,1.308960816317027,-2.297871190740341,-0.3827675563964826,1.4980585795288637,-2.5066563357197933,-1.5420466586200685,-1.0528215239760113,4.809187694610542,2.436646294048483,-0.9299588781445749,-1.0158752180604926,-3.56209262353685,5.14143940015818,-1.383654924010716,0.36161804222383487,-1.5839764247951407,-2.4581036649647796,1.3810372502976276,1.35671644058493,-7.732054962393956,2.143394735980012,0.5140546264035858,-2.087890938394981,4.5828293434090535,-5.308957730847096,-0.07552470237356297,-0.02892990894606661,-0.06991148924509046,-0.0827502751609361,0.04394965468656079,-0.04714203092958951,-0.05499169703280883,0.09398470646410328,-0.03782402698458245,-0.11547996213636279,0.2117471183102184,-0.021431615690738263
-1.5466378061794877,-1.8003645266239858,-2.063200775753444,-0.9580220173805405,-1.1485501779924145,1.0240797207956809,-0.14659613124783766,-1.856382048931621,0.4478576007612974,-0.7221028602242323,-1.118133654653354,1.3200642380645387,-2.2781257996030266,-0.39176590901803054,1.5004273271930102,-2.4691657496375425,-1.502746729105133,-0.9785369293809407,4.635305946344508,2.3524791595153887,-0.8502966590117329,-1.0264842567979822,-3.4818959220052856,5.053390029057709,-1.3688270355135737,0.3777473336820534,-1.4939995586396175,-2.4094138145571935,1.3625887648276414,1.3095158295369882,-7.512660180982652,2.1184060086374634,0.507049284254607,-2.0649514158619096,4.521327606087285,-5.129001501522242,-0.07400814360592821,-0.03308956067285593,-0.0639311977836764,-0.09422644862494389,0.044459330577588115,-0.030841950642833252,-0.04527204007316033,0.08587779119762917,-0.04069525951971704,-0.11895679975542,0.20850400677271314,-0.018162603395902886
-1.5359252859210797,-1.791578738488434,-2.0362203839817354,-0.9457566417345542,-1.1468648931496028,1.0197299586308082,-0.14343140389823658,-1.862566673828785,0.45512691626560065,-0.7191038477486358,-1.122435384401711,1.3358228681743458,-2.27227463129112,-0.3940432615621571,1.4845166452032228,-2.4524623448635423,-1.4863655855529865,-0.9512808100333437,4.644262130937572,2.348988802724035,-0.848405478954442,-1.0215270493995903,-3.466692142716989,5.043462940605654,-1.3592808133750636,0.3858828090253305,-1.4774233411119935,-2.389804843190242,1.3562681830962289,1.2958452859694751,-7.419558008092575,2.1126827718004204,0.51388884777885,-2.044101810532324,4.505015180486539,-5.051171387368983,-0.06997392272426799,-0.029362482719904083,-0.06421976910898157,-0.08602501313456734,0.040046088773768015,-0.03404827019535859,-0.048383329831057795,0.0825759376074576,-0.032232595542243746,-0.12062947289897602,0.20245261454554703,-0.01807241050928861
-1.5233738365892504,-1.7430567684103555,-1.9780050249870154,-0.9545505919750811,-1.1271395807282518,0.9966811824365756,-0.150154456336566,-1.8464183222594948,0.44325406492456193,-0.7132644675597826,-1.1112089457197194,1.3106258110203066,-2.2575164643154917,-0.39980081274717144,1.467420457038426,-2.4345444279955553,-1.4815157806739583,-0.9534999226275052,4.608045656744149,2.3268615898600533,-0.8460052955045924,-1.0038322784370213,-3.4879080661515647,5.067584150608809,-1.348518343130135,0.3915633193669115,-1.4763251915699172,-2.3836007795324545,1.370475611514277,1.3198111047309697,-7.448338557502735,2.132591262418799,0.538389321370899,-2.028048920441259,4.529401782657009,-5.068782026004739,-0.06849565849703347,-0.029500628395407277,-0.06435977958556409,-0.0799373045587225,0.04571249530284,-0.03700135181806386,-0.042317713782049085,0.09046640686937327,-0.025744757540663073,-0.11025814130513015,0.20596449933996347,-0.026745902477339666
-1.5206777305504038,-1.7200408930796507,-1.9534681974469024,-0.958442934104815,-1.1130814390640624,0.984678104474635,-0.1615553549591733,-1.829974281169789,0.43334173820056204,-0.7357090613963756,-1.1157876263420334,1.310903835331594,-2.2514266206962534,-0.4021536538701427,1.4524139923259862,-2.4358354977687267,-1.4765172657722558,-0.9555209987704576,4.578606069531576,2.3053473328075778,-0.853706514904123,-1.012915479409978,-3.477578332729499,5.031989774704569,-1.3409058887842986,0.3976593647768568,-1.48965923045557,-2.3674051630896193,1.365104078475095,1.3116646524496334,-7.38212588173275,2.113145272080773,0.532356477968729,-2.0322564253599,4.477414601563552,-4.967514635173104,-0.0785989170909351,-0.027281903270229155,-0.0699237990029887,-0.08287946797572872,0.042529871342375916,-0.04652063916722461,-0.04939481283949723,0.07946855078977334,-0.026792161576175134,-0.11413824844958721,0.19736727141139235,-0.0147914527872107
-1.529047799322802,-1.7284334846620384,-1.9738423276991617,-0.9654027901649487,-1.1078821654503976,0.9893832512442031,-0.16448962700114336,-1.8229107300259004,0.4268469284948895,-0.7292422905138145,-1.1137742670195556,1.3099985998053314,-2.2538096198405952,-0.3994491462002999,1.4632743316144277,-2.429951232501312,-1.4741927077664494,-0.9516187863105553,4.534232245167344,2.2871013054871523,-0.8406255725582636,-1.0238574796321955,-3.4438005177289988,4.990023597914112,-1.335105741034102,0.4018934005282364,-1.4960756997318503,-2.36433427837215,1.3665508541690923,1.3143708420303113,-7.329802705632179,2.1037439989959044,0.5266406417612334,-2.034205785956113,4.455592401699685,-4.926190918040696,-0.06792229818116247,-0.03237170700275284,-0.06996165217053028,-0.07486159267027434,0.0486318812976903,-0.03568031577340004,-0.0434838110808127,0.0879716579495363,-0.02997195145394038,-0.11038500387447145,0.20114523535869297,-0.02407939193018828
-1.5286170637388832,-1.7367115163614146,-1.9785589066354772,-0.959149647285494,-1.1108814266866427,0.9918779867555221,-0.1651191816350717,-1.8199810517886188,0.42875770388941664,-0.7403293642440293,-1.1139481034982268,1.3185285859377978,-2.2511611151380686,-0.3987361379942766,1.46365882305811,-2.423978599635545,-1.460622937171861,-0.9317611369386835,4.485659895853186,2.259068792549912,-0.834336341592379,-1.031999145610445,-3.4337230154584386,4.966276767740635,-1.3288991546735622,0.4084296512477998,-1.4951536886549657,-2.352898859090176,1.357244475992145,1.2955598390662306,-7.278214813004894,2.0927676575865592,0.5200322452634231,-2.032029380201496,4.424514408395624,-4.8570780393205535,-0.06525535572888645,-0.031213926595468403,-0.06743204817459567,-0.07851508522802163,0.04576214746542306,-0.03545961864304336,-0.045202542235695316,0.08121948300734479,-0.03238154194626937,-0.1122061830722123,0.1993642134654598,-0.020636693565095614
-1.5166204030183659,-1.7422802398609658,-1.959178029610699,-0.9518535620245626,-1.1255277227869214,0.9949021398072171,-0.1611505776457217,-1.8187303948933415,0.43541351651232024,-0.7162222490500731,-1.1085751143087272,1.2957968561366435,-2.2464191167226764,-0.40208727930828325,1.4951809321145118,-2.424144628140264,-1.4818918925312252,-0.9439564767583561,4.492520852571414,2.253233068481131,-0.8151141447230279,-1.0128417916144878,-3.41592599079259,4.952544385160022,-1.3244023197897723,0.4087251686552001,-1.5011790065023107,-2.3472415378309526,1.3780692295324835,1.3348202951243247,-7.277286473736473,2.111223763044935,0.5547694226903496,-1.9933567879250789,4.456109009430119,-4.842551920582688,-0.07273882489329954,-0.027810299556622398,-0.0694589681074199,-0.07654018580745929,0.04408572447172317,-0.04300781664112435,-0.043951220190249704,0.0891233927703171,-0.02634860159379744,-0.11028732176008947,0.20286029577634265,-0.026171469468963145
-1.5230120758723786,-1.7413458735898928,-1.9731091133049141,-0.9574267500928642,-1.119387108971614,0.9895496868258447,-0.16177336318402533,-1.8201889528915114,0.43142225109295373,-0.7076013577769105,-1.1054091140953541,1.279655204249735,-2.257779325776639,-0.3955393583220807,1.4902046099962545,-2.433801509834762,-1.4887607267945915,-0.9547156459540561,4.522470175592353,2.266818360973095,-0.8250652848905357,-1.0085888467157667,-3.422740467230603,4.957244944185976,-1.3266495387208252,0.40548877807683703,-1.5236237081087858,-2.3690836201956946,1.3841711617738552,1.3498407253108848,-7.3213541083913665,2.118846449588988,0.5617056514283719,-1.9949749895381392,4.463212932170808,-4.859828589694306,-0.07018759662816507,-0.026610711574183994,-0.06485719281751948,-0.069818647604683,0.0458163177377251,-0.03388546295419804,-0.04667815361864422,0.08933664611719293,-0.02982052553486072,-0.10902106243106491,0.20355207304774603,-0.017588307573674376
-1.5409531502500995,-1.7328062116355059,-1.9887879498367105,-0.9676771364660337,-1.1115292246601276,0.9862626767839745,-0.16810363431836578,-1.8125479093580132,0.4172621472866627,-0.7304057220961228,-1.109423938348057,1.292764561097368,-2.258317686551372,-0.39335518351371795,1.4891321689264103,-2.4361994477042943,-1.4856337104846689,-0.9574434796946923,4.5471873674367504,2.2905218732761696,-0.8472590157479655,-1.0152517034270618,-3.441757039712485,4.976986029904219,-1.330948249395957,0.40203199794208,-1.5235289275530592,-2.368356660806283,1.395029318628638,1.3580185139787477,-7.341343012814523,2.120495632074215,0.5517928897942332,-2.006194070224174,4.441330918662278,-4.837724127046359,-0.07427070976029511,-0.026317557483816638,-0.07066236642218914,-0.08096327310304377,0.041309053266894054,-0.03973973648344332,-0.047796984236999476,0.0895431038370034,-0.033142621747487146,-0.10917720366799732,0.19563593056817472,-0.01434462021632669
-1.5371465469994805,-1.7355212332004557,-1.9873179296381849,-0.9726439370846074,-1.1114370719202296,0.989215954825341,-0.15692280769247186,-1.8362977677627859,0.4359468765757031,-0.72982379953604,-1.1207997052683254,1.3080449121687165,-2.2615571988265852,-0.3906201125709661,1.474039531156172,-2.433902897112556,-1.4759600417786602,-0.951766755917249,4.525111439186962,2.278334317344527,-0.8319764206893471,-1.0131377514231439,-3.4315832675598377,4.97189871283225,-1.3235843160387113,0.40968403864618186,-1.5200336660540028,-2.3529180705116177,1.390241242610738,1.3447891682055926,-7.311060142490695,2.1161676043430706,0.5516927816885978,-1.9957469873616955,4.443623770868815,-4.821123701690552,-0.06864473132782824,-0.026767529195064074,-0.06604916579711365,-0.0790364916383317,0.04869546966184473,-0.03364507957202964,-0.04269002037940299,0.08695304603919611,-0.03571066370739314,-0.1004926763304877,0.19457219530624856,-0.02261575089844343
-1.5300631528896083,-1.7537927960406212,-1.9925663435300103,-0.9473935664181636,-1.1345515841512734,1.0065765128001667,-0.15550076722211345,-1.8280397220372206,0.4493454519233127,-0.7063225103009714,-1.1002281882050042,1.278355557626617,-2.2393315029449417,-0.40455061006674525,1.4919233256328905,-2.4045043733676774,-1.4672244859214516,-0.904621413577579,4.50026774789416,2.25426118199075,-0.7989405906078808,-1.0023287315315181,-3.3986970703081103,4.941618458651381,-1.3148408730107644,0.4175076208293832,-1.4946547658358509,-2.3359885324022875,1.3852618944961907,1.3334415839367297,-7.269968541246891,2.123510278598611,0.5711037600863734,-1.9716925893600001,4.459168305550428,-4.803101722710251,-0.07047618032601974,-0.02517569911342944,-0.0620495103856836,-0.07450602355065851,0.04141551410371725,-0.03661700973877972,-0.04381099210387144,0.08783884390185513,-0.027858211643999112,-0.11044045655035638,0.20103631140879605,-0.022876712837366642
-1.5154813890121601,-1.757677953284133,-1.9737008869495527,-0.9378494976404861,-1.1344794046355307,1.0040561588161847,-0.1522568515198464,-1.8325851057145888,0.4461477837273061,-0.6963389386798112,-1.1014659325537308,1.277981772112511,-2.2471116602830636,-0.3998336712269279,1.5082964286954286,-2.4121713927247876,-1.485502551352581,-0.9208741401160359,4.489284534591149,2.2376048921923872,-0.778152950728763,-1.006379202393909,-3.3841297184705135,4.927353835893973,-1.313907618693428,0.4170063505839187,-1.489620299781308,-2.3392606813485344,1.3975336025802068,1.3573803705103133,-7.277255319856914,2.1315091704667917,0.5812353989730138,-1.956177739695069,4.466873852746174,-4.78624975654356,-0.0715124439812989,-0.029204738661840934,-0.0630384332475302,-0.07888127179761721,0.04558341091081671,-0.041089516811423886,-0.03781192728938702,0.08963187695284601,-0.03435349648308167,-0.10537901913060944,0.2071197649856801,-0.02447247158931939
-1.5457431956616892,-1.775602333859624,-2.0280725830420097,-0.9567900803732445,-1.1364912400353415,1.0065065918586338,-0.15647157700348321,-1.829879916091954,0.4383667142832109,-0.7016812776618985,-1.0999282613629697,1.2798688384513568,-2.2592123899949605,-0.3920908453705048,1.5130395131283707,-2.4274515942268775,-1.4768935316883807,-0.9227517536152502,4.462448944897141,2.23322821397972,-0.7885939827746927,-1.026021147931575,-3.359045247386485,4.894407058807338,-1.3229733942447242,0.4093266623784851,-1.521858090415791,-2.3455474644232632,1.3981267189549187,1.3510430886580824,-7.2552204982566115,2.123149994596259,0.5669035712955586,-1.9698643277663552,4.443331045990725,-4.7664122932775,-0.07444299452255769,-0.024922535056388046,-0.06992569500815393,-0.07848842733445024,0.04410019762895216,-0.04250783336393793,-0.0447869132297742,0.0867590935638885,-0.032689453619857464,-0.10904721548193205,0.2065461970268872,-0.016959579054889026
-1.55476323317312,-1.7765869866428645,-2.040037531929209,-0.978442345206988,-1.1201350122072826,1.0091906697986623,-0.16308780004860904,-1.8294161122661283,0.431756153702455,-0.7205912493087087,-1.1022516660773605,1.2876908513029761,-2.2766566065194587,-0.37880399513812274,1.501284848999342,-2.4439928384910425,-1.471186989807907,-0.9439362168461451,4.462176736927789,2.2604441028257614,-0.8196017533814824,-1.0518796174002143,-3.343460542868683,4.8683401997655755,-1.3297901203207785,0.4053948194510883,-1.5348944582419541,-2.3676412283494295,1.392057736480744,1.3405300325920535,-7.251115509696069,2.1124793389254575,0.5449269042769247,-1.997069879255709,4.416816951838154,-4.769246425108323,-0.07622905441274547,-0.024689067041283465,-0.06455941933840623,-0.08109540720687934,0.04276026381015198,-0.03934122627243721,-0.04444221372826241,0.08892427523196304,-0.023179046884678277,-0.10927267556451246,0.20001446955726265,-0.01220577852087455
-1.5638241084460345,-1.7879457249804906,-2.059736991860011,-0.9751652550009852,-1.124571041399757,1.0157624851887723,-0.16058894924139303,-1.8428143071765624,0.4345612571775677,-0.7477601442014333,-1.1085540942317031,1.3313363687250952,-2.276248902815818,-0.3826042552857765,1.4817168202852662,-2.457333384308589,-1.4584911729576167,-0.9422896908700048,4.427515035744764,2.269955094673597,-0.8274751270563954,-1.0933077973440568,-3.3166884296035275,4.832792993938126,-1.3418695169446468,0.3992250012701698,-1.501061350372313,-2.3641594856849624,1.3642527858134623,1.2908039645424445,-7.197687434377827,2.0887409452105676,0.5018713693791769,-2.03955099213009,4.373640938866437,-4.77148263573754,-0.06879831415599276,-0.029401676403538194,-0.05915268603501424,-0.08263706068395454,0.03841967036836942,-0.04004505602478179,-0.051602577159935256,0.08122518299408105,-0.03298622657033151,-0.10723150128054491,0.19613537068936374,-0.02050395404517976
-1.521316021776106,-1.795415167807105,-2.002332073370723,-0.9391501266629405,-1.1539025590970382,1.0341688726429263,-0.150441081698175,-1.8389678771797235,0.4617801031641085,-0.7177013626599423,-1.1039312444385652,1.3240674995108563,-2.2315414836982534,-0.40550654884973625,1.4839347966741787,-2.4013454921784043,-1.4356407951382026,-0.8706321394483438,4.310889801524064,2.181439224890293,-0.7522295493042157,-1.0679320870173503,-3.2788410699200905,4.810998882885676,-1.3231038497647416,0.4137796410597333,-1.4111257763093719,-2.307802090279662,1.3580108711622156,1.2697078748797022,-7.105305119859867,2.096160662874556,0.5353933049277472,-1.9817390352639677,4.394057430585497,-4.69363626160121,-0.07162142740375056,-0.027829604831705657,-0.06335187065223184,-0.07335230337641727,0.04149851961069802,-0.034050493135064426,-0.04064954068687424,0.08512828799453695,-0.02846182023774245,-0.10730052818813424,0.19752318312008443,-0.018989389036645963
-1.4946261564132999,-1.773792461674748,-1.9549242644002833,-0.9142125402376241,-1.1490092076576572,1.0234372195531107,-0.1445196157413492,-1.8356964708701986,0.4736109390052508,-0.6930210562082295,-1.0949084521736054,1.305503019347424,-2.2059049306051772,-0.42121320771119874,1.4716229640973595,-2.373558980653768,-1.4324486151418987,-0.8484268567001264,4.338093480102403,2.179918056532277,-0.7363178691801877,-1.0455083669108403,-3.2865813692598644,4.831144418465726,-1.3044399139474292,0.4266818075761299,-1.3721092401644719,-2.2831073149720322,1.3530773558998834,1.2739303956337569,-7.078690973839285,2.1017386991504634,0.5528872517384975,-1.9441929545174248,4.434966330356046,-4.697417715906859,-0.06804318603670123,-0.03233174300272025,-0.06787863889884242,-0.07853011039026575,0.037156760485506674,-0.034770350126084364,-0.03848048267606082,0.08202659028435297,-0.022723853599231746,-0.10734043307770888,0.20201326435215175,-0.018050628786388672
-1.439484515749372,-1.6994351980295879,-1.8255341061110448,-0.9089513484345776,-1.1326501207675495,0.9956313621946604,-0.14921804141030615,-1.8150588769772655,0.4711480864279375,-0.6712558683823547,-1.086598326872918,1.2741979324234574,-2.1754971455577246,-0.4408174851816259,1.4175196307320892,-2.3448935781260514,-1.4317437892064009,-0.8428281017993611,4.365877616388126,2.1797832922714466,-0.7519717036345077,-0.9998317334685177,-3.331989454736336,4.887355446720441,-1.2980919552592456,0.4302733641399967,-1.3304480037860495,-2.2587648915939296,1.3455453128444048,1.2568077201417487,-7.08552971128919,2.1092270125155923,0.5808259518411706,-1.9204467151793518,4.463001516689592,-4.702161729252582,-0.07009484848521863,-0.029322925659280352,-0.06213676630001672,-0.07400889145435391,0.03561730206392459,-0.038179914619060715,-0.040976489113247964,0.08499550660652136,-0.02634819434276356,-0.10180580479314359,0.21208297901436185,-0.02984159893674119
-1.4493141709501602,-1.683216401855033,-1.8331995960209653,-0.9281803780879248,-1.1142535109553116,0.9807041217849893,-0.15669865122343377,-1.8112449011510032,0.446962068174346,-0.6873599904214296,-1.089101742887509,1.2747201335824232,-2.186124706038589,-0.4381684356697652,1.3947233388498064,-2.376698079089415,-1.4370888922038907,-0.8913204052881684,4.410936898798218,2.217536776940298,-0.8000889198962873,-0.9964756426106273,-3.3981143372875016,4.956038410566374,-1.3113965245795627,0.42113223093158986,-1.3545561877599959,-2.3003410542579936,1.3422719770945433,1.2617473211107908,-7.128025972964172,2.098764252292693,0.5597276012281588,-1.9597766091925242,4.467072697416449,-4.7934968191067675,-0.0720932410882549,-0.026336594548353635,-0.05741509644994921,-0.07387087240263526,0.03703448296718477,-0.038809796091495444,-0.04076033505966438,0.08776006663542606,-0.02650050286642557,-0.10888063920507586,0.20687426947275686,-0.02056631138921245
-1.4930054076256178,-1.651172268450731,-1.8668838669765908,-0.969584833495588,-1.070994451190363,0.9450550596031755,-0.19036770300354605,-1.774103436937426,0.3890110218157667,-0.7358522461772276,-1.0937157895404703,1.263049443848643,-2.2438157021842136,-0.40776342012992617,1.3961882664415803,-2.449948955204762,-1.4771345977340602,-1.0070109244474075,4.54480761480606,2.328778260604428,-0.9169156360506551,-1.043606577650072,-3.4585472639062105,4.975865481101281,-1.3382816005770388,0.400864061084428,-1.4782905333639504,-2.3694954713422565,1.3475678896914949,1.2882620449713726,-7.321469344175876,2.084556676447311,0.5118384993356317,-2.0648268500381253,4.430163663702331,-4.934508507853008,-0.07098088043109281,-0.03071849938246463,-0.07001563291517789,-0.08149113238924705,0.0442437971294026,-0.037920756179807655,-0.05058344192038631,0.08637500126804942,-0.02680123180016033,-0.11060688883121247,0.20070961167533852,-0.01926937873454688
-1.5005581700995978,-1.6352535623654876,-1.860858444576972,-0.9832810573844826,-1.0695718270447494,0.9459606449602329,-0.19468897328668958,-1.7782829040025743,0.37230342409688577,-0.7574038763957753,-1.0941980033852674,1.275513730752733,-2.2393575896831135,-0.4096876503645081,1.4122380153018075,-2.4667488101218558,-1.4833356597830247,-1.0369788996521245,4.54862055963273,2.3326780635127546,-0.9289564047788873,-1.0565159869820553,-3.4557187076241602,4.955250633863614,-1.3323462899692566,0.4027465872191027,-1.4947445172193548,-2.372433148383563,1.3592466616299672,1.3030189903662892,-7.334563218963261,2.0822414087122567,0.5048037266370161,-2.086107302491093,4.419464205182374,-4.9563241780316245,-0.07388125667346623,-0.03179599234661444,-0.06839934904442357,-0.08201994610190443,0.047178644661280404,-0.03609986077961833,-0.05132609999990876,0.09077925120570678,-0.030877587358985062,-0.11417752528019016,0.20185318017630888,-0.013852782898887639
-1.4718508664070953,-1.612512302781392,-1.8043692333673305,-0.9650963745804754,-1.0521344512472677,0.9254656225146318,-0.1968615997722345,-1.7564700443707084,0.3716697573003862,-0.7528569277926632,-1.0926663281044051,1.266019065395301,-2.2031322318895197,-0.4238570785161381,1.3918059104342997,-2.415338475920651,-1.460000682431161,-0.9744869968938208,4.476529803551388,2.272552570689605,-0.8847143942692524,-1.025357283037874,-3.4598160074030693,4.952373152397147,-1.2910217012512546,0.4340432324766755,-1.449466475187636,-2.3033213007440207,1.375477917081775,1.3232296088505335,-7.214692432895586,2.087634763746396,0.5512336446584087,-2.03046422921227,4.407121938263536,-4.815947611274046,-0.0706728523045137,-0.021083380750764998,-0.06509193826667002,-0.07785913445397855,0.0442471143309073,-0.03789858779194848,-0.0504033613443804,0.0877962040102484,-0.027405439200656242,-0.10740924768469041,0.20340121881924447,-0.016534742742707
-1.4463353215531642,-1.5943436962211601,-1.7599966604307966,-0.9491760307687829,-1.057066011230087,0.921995877607794,-0.19328568526110243,-1.7531675232373891,0.37683812068096345,-0.7362770689783767,-1.0890464879806252,1.2515583245337434,-2.1772696160321057,-0.43599637108567435,1.3855379237178143,-2.386151320659614,-1.4470924340817406,-0.9347875189841248,4.425924199926365,2.2208899217253424,-0.8493986067958951,-0.9893496436915318,-3.468950261208437,4.957860739957373,-1.2739550726172617,0.4472470758971272,-1.3993793620767623,-2.2676014880339195,1.3742276619847225,1.3126595042507503,-7.134510459324403,2.0847117549874157,0.5747493718345561,-1.9867419511701716,4.400440154023732,-4.710563429569994,-0.06805977743780871,-0.02123833786561762,-0.05917304592000967,-0.07133452548999633,0.050081731922485724,-0.035283534985820875,-0.040512329725417004,0.0911955964115024,-0.03737257738107728,-0.10385215573010236,0.2037535498241777,-0.021642552374963694
-1.4510330152463142,-1.596025662399752,-1.7652101200569108,-0.9425509733383528,-1.0549821723091646,0.9254727068796801,-0.18947224331556706,-1.7545718221852318,0.39318937945603744,-0.7217741043411353,-1.0954652802113793,1.2469983070659043,-2.171343359933714,-0.43337742972137794,1.3958001046802755,-2.3550223006771613,-1.4330198147907403,-0.899051427849715,4.381031307612846,2.180624109460759,-0.814654265208489,-0.9568865199624746,-3.4552041507042937,4.951899519049101,-1.261888150285462,0.4573932791415833,-1.3851159572543403,-2.225612812465093,1.3688756615617041,1.3095095851142988,-6.970390429627966,2.0831162958364304,0.5952666485826194,-1.9300964962914093,4.357977675229289,-4.5058415056688235,-0.06915773903407742,-0.02391586915405983,-0.06148507163768035,-0.06917279399144935,0.04430327177571868,-0.036314556702672786,-0.03076848346544051,0.0825453120797804,-0.03058002646574899,-0.09369880796991326,0.1992158886898388,-0.02589185602277235
-1.4549534193342348,-1.604477507150569,-1.769385919728142,-0.9567479589929306,-1.0643709334928009,0.9395536076859426,-0.18846579947350084,-1.7653461405454542,0.3922861362470894,-0.7234607028103894,-1.102237758085872,1.2521394610279544,-2.1761736588175236,-0.4312786236016185,1.3931687811326814,-2.348804297621454,-1.4197593192627593,-0.881325002281315,4.354896544820699,2.173743072938764,-0.8150763068486833,-0.9616143854369245,-3.4483400181919506,4.939799776498865,-1.264582937433016,0.45580048446030064,-1.3766161286695127,-2.231056956135145,1.3620069239324641,1.2950240621566373,-6.933856324480404,2.0707792932826483,0.5850232655395013,-1.9414760754888893,4.329039166270879,-4.471767149398039,-0.06547801715752018,-0.029797246931405185,-0.06568207793695065,-0.06659545599553421,0.044435105398496814,-0.03221001834061969,-0.032920324292777144,0.08563940385732761,-0.036320037527437045,-0.1003535615529413,0.1917942725217051,-0.025644184014689025
-1.4700261792912477,-1.645668361765568,-1.823447764226515,-0.9490667897715531,-1.0797387205682962,0.9564474070166719,-0.17440853733575898,-1.7912244560908444,0.4132997077634404,-0.7285184307944013,-1.114899833228347,1.2841066735371334,-2.1739071913552532,-0.4274513317958855,1.3949960025016306,-2.339172942846916,-1.4025274602377757,-0.8486843208299919,4.289188977837769,2.146554867894563,-0.786200045197817,-0.9732322226731055,-3.4113226670105687,4.903269479123783,-1.2606429053908945,0.4603077539354867,-1.3412576890870276,-2.1972603869139467,1.3460689636481389,1.2504596658255975,-6.818154067603779,2.0610960551781696,0.5728603265253546,-1.9281630122434121,4.2840028859806,-4.357402689748822,-0.06434197014461242,-0.028479183771300407,-0.06199330726593039,-0.07076224073653936,0.03997126909390586,-0.03697573149179086,-0.03321921084044821,0.08019297427623695,-0.03706792228132583,-0.10368908134031,0.18579029888181958,-0.025381371744520712
-1.4631238571372869,-1.6755509607590386,-1.829316733191997,-0.926282203320902,-1.1029396503356546,0.9747376029692345,-0.16330334832987636,-1.8061426983853355,0.4425197103037067,-0.720915620817284,-1.121762956508079,1.3147680964134056,-2.160492292483218,-0.4335287509423302,1.408379561614843,-2.318136109590677,-1.3779831948745977,-0.8022226636225198,4.224463422008641,2.1079010620519774,-0.7452585655635393,-0.9734072476962887,-3.371590583288244,4.882187008735272,-1.2584133456429423,0.46061860731729526,-1.3032892215629526,-2.1945553233901616,1.3343055400239312,1.2361467730626723,-6.700643767319604,2.0534526688341534,0.5749602828739607,-1.8864158358988146,4.2802422948836005,-4.2656514078100845,-0.06432479322942766,-0.03117375527520463,-0.05819559573726961,-0.07159191301782654,0.03433789122278544,-0.033424267495493265,-0.032052142266283,0.07602652539868641,-0.036152464626061406,-0.09706104665897992,0.18400268478161452,-0.025086474947070267
-1.4751771827558582,-1.6808782801012085,-1.8520855224062247,-0.9414509898564314,-1.1024968409318587,0.9858840438692751,-0.1630335950316734,-1.80969367426319,0.4373785226072085,-0.7180858477662789,-1.1169585000331748,1.3033314832066873,-2.1716270214873723,-0.42735956251708274,1.4074431152340525,-2.333106453155205,-1.3873245380252595,-0.8177611284328603,4.240348563002218,2.126240959888897,-0.7523276231857442,-0.9947331859436531,-3.336566415314819,4.840153213676815,-1.26229720311316,0.45777347709969957,-1.314458154217032,-2.2006042755818984,1.3332101642697072,1.2297481139047737,-6.730646017503934,2.051791812079292,0.5630759727420557,-1.903343441033269,4.283724100625505,-4.309421378582844,-0.06312896043348679,-0.02987622715022513,-0.055548815569731375,-0.06910143291539847,0.04165040359277465,-0.029416221278152556,-0.03313466919299106,0.07227836838892206,-0.019986330759367205,-0.09232682604833474,0.18182780422221442,-0.01983105977209744
-1.4642475392796959,-1.659861621320148,-1.8163864149903206,-0.9413524047669363,-1.0950642090383877,0.9732720699032467,-0.16771103012694516,-1.807637998460814,0.4276508730891547,-0.7307274323168123,-1.1143671552193173,1.2984846491921893,-2.170808281411576,-0.4281886964087153,1.3967236516755266,-2.3312224851831287,-1.3800273398500105,-0.8164272632871289,4.221526405091719,2.1202383103605187,-0.7491848356024086,-0.9914670971320837,-3.380620721157837,4.883568815410635,-1.2682468394070914,0.45329981932261265,-1.3211105302685684,-2.200449564117223,1.3315285062310267,1.2297696786202108,-6.755326623813302,2.054012601246553,0.5578253873480801,-1.9213905374266793,4.290615713658933,-4.358450474569089,-0.06689596054662325,-0.0296785715177437,-0.06658346461230277,-0.07114537669547977,0.04145238401214632,-0.03556769528803722,-0.032833504402320024,0.07703869198455134,-0.030415831916855502,-0.09899391732480059,0.18201554471493597,-0.01922951972554783
-1.4721634668496628,-1.645427976584639,-1.8181339422481049,-0.9494485772781144,-1.0888129546226575,0.9699376249215903,-0.17536779343411227,-1.7986454030105925,0.41394608989843995,-0.7349052636512111,-1.1126356596904552,1.303249638989071,-2.1669330192606853,-0.42984967722775125,1.3866826018504708,-2.3387171336488866,-1.3882489716477544,-0.836216550467656,4.261275243982445,2.149874138868276,-0.7786516296193786,-0.9788803177179131,-3.4243553995073133,4.933754493134332,-1.2678324701484422,0.4539917342033764,-1.326644674202585,-2.2034474819948735,1.3388027068218162,1.239133089758845,-6.794440171301819,2.0599212086358496,0.5654739694174965,-1.9258047128659561,4.304235460662865,-4.393995737035366,-0.0634579625518973,-0.034147165861233036,-0.06897383543067527,-0.06676381470361493,0.038496192430941246,-0.03834757676623287,-0.02805883707327696,0.08234036889673237,-0.027110479292428057,-0.09687949922148464,0.1889251989194722,-0.02897268935128101
-1.466881819643287,-1.630530857750544,-1.8061124511076914,-0.9495889410640351,-1.0887309092525084,0.9710899647011162,-0.1721630929094719,-1.800001048378331,0.4195764180002157,-0.7312889104265117,-1.127610503193372,1.3118540622115213,-2.1634435148916,-0.4315189160280799,1.370666671994594,-2.341956160671084,-1.396472591940601,-0.843846330440685,4.324206090211695,2.17989219252662,-0.7867880197863883,-0.9593946685016119,-3.449076632377999,4.9682654300839415,-1.2487753679204736,0.4694638343333697,-1.316351257168779,-2.196764796257047,1.346322514537911,1.24835546849035,-6.804037002603449,2.064960499237493,0.5806947494229923,-1.9050152353543757,4.324327770257145,-4.388366313858818,-0.06572088241041292,-0.029717941124870847,-0.0615155770421002,-0.06311588657108765,0.04302311298459214,-0.03154944229709031,-0.033582610285285246,0.07939573309796663,-0.024231739804317042,-0.10025613731350941,0.18741129728003178,-0.027778030298960966
-1.4751613212210335,-1.6493579760703336,-1.8323975470374383,-0.9525495960470258,-1.0919641840743377,0.9736982364073468,-0.17091616753486077,-1.8060299660000185,0.4182592837205494,-0.7317716572755713,-1.1258211190511058,1.3137767990921114,-2.175612130224988,-0.43173417910029255,1.3998927819556164,-2.361299159273361,-1.418570079136323,-0.8736630888241904,4.390766816094554,2.216501144398764,-0.805234573540192,-0.9540956475966793,-3.4783641794307694,5.010498527569836,-1.2589619875618028,0.46006140108922855,-1.3214370470262435,-2.227492127722159,1.353404561835257,1.2682363153581098,-6.8859678533356705,2.0792147566007593,0.5767105732665503,-1.9127498538656038,4.343931258370986,-4.44312481838568,-0.06446367515651258,-0.028439686416415953,-0.05990993823063648,-0.06807816325112645,0.038657606351501644,-0.03324595208637503,-0.034625633652857,0.08228647029128443,-0.02665086387315654,-0.09536619167782169,0.19315714254889077,-0.025784862526912006
-1.4855620520857244,-1.6677901093876843,-1.8682534411809568,-0.9556472706955811,-1.1004668823260852,0.9731402271123469,-0.16520641950823844,-1.8195226424998374,0.42251524784653194,-0.7282358958118381,-1.1228572545395874,1.298925893129414,-2.2013401741364564,-0.4220145415379758,1.4202990455279858,-2.4048980568186646,-1.452067909330964,-0.9212813231125075,4.533075961048114,2.2950656085744376,-0.8464025083932184,-0.958317678722146,-3.5127951624913605,5.068803090793029,-1.285883148851023,0.43981343501825554,-1.380438036753854,-2.2781705654803903,1.3683768813847081,1.3028057582340267,-7.074684162647117,2.100814733756291,0.5730290604471082,-1.9360732726798862,4.414026472585821,-4.63387914944199,-0.06718108442465681,-0.02824256054988633,-0.06378642418248628,-0.07100175193733137,0.04286899041913141,-0.03620128382581354,-0.0401858979491124,0.08397856019948234,-0.032084711468125963,-0.09529574395232594,0.1978698531244143,-0.027256585896434
-1.4884482012587432,-1.6606887204276115,-1.8646793155139436,-0.9606062370682417,-1.1021586192776462,0.9746418881831264,-0.16753760495854042,-1.819671508014769,0.4069454414068221,-0.7381423837874755,-1.1228454918055724,1.3104141703918195,-2.2044882941508694,-0.4232541463962574,1.4127570622593004,-2.418474635197814,-1.4592401753683024,-0.9459022026516827,4.5956812570125205,2.330529175567605,-0.8659706901447353,-0.9540426632916388,-3.543443885289483,5.105345174136015,-1.2900592331433003,0.4369593836641349,-1.391729778249106,-2.2813176723284894,1.369463968427965,1.3072667548301997,-7.140237298073338,2.108690222104114,0.5761483741336467,-1.951720637994714,4.4378577919815125,-4.714652782685407,-0.07075138206266933,-0.03213338937983417,-0.07178401866169253,-0.07011682167398046,0.03845787160158919,-0.03940364505980863,-0.03681625338769703,0.08403733112543064,-0.03284170080117793,-0.09843476195318147,0.19528709188401808,-0.031189810093392726
-1.4989661503497826,-1.648372417780402,-1.8753540914706364,-0.9765038220652569,-1.0915969209246381,0.9641528872566358,-0.17812716984294436,-1.8089229176120545,0.3946001303536555,-0.7513241143128797,-1.1268239560182962,1.3137678152627283,-2.2210023563399135,-0.412579101465988,1.407135473107306,-2.4430262138493797,-1.4750439201767396,-0.9811470978843179,4.709823082682582,2.4028621868290445,-0.9161994831805617,-0.9397469314447737,-3.6253004741738666,5.198539135107047,-1.2936999934605002,0.43378814353863704,-1.4328365269768313,-2.299332691049186,1.379976523784021,1.3288366816819706,-7.294341949826401,2.12579293417543,0.580996341030586,-1.949385222338497,4.48196244935995,-4.8010573412286215,-0.06728400866474246,-0.026865616511715158,-0.06411476054805632,-0.07522858922893093,0.04845413225527201,-0.04130894343223792,-0.04572345876967141,0.0890639534743669,-0.025442736089332074,-0.09687817933350888,0.20112972758162406,-0.02888692532556893
-1.5027360440416733,-1.6559210631030155,-1.8848574698693128,-0.9851367299585438,-1.0961159016365247,0.9740505921750794,-0.16380838737535508,-1.8474042409506093,0.3890777930799779,-0.7525691009144806,-1.1298660495702344,1.3243511804545924,-2.2249176604252976,-0.4118238388552111,1.4127547822817184,-2.4655245971116018,-1.494559529586187,-1.0057403289259281,4.785288668316523,2.4379221936380118,-0.9271021370803537,-0.916882391311165,-3.6854699077543303,5.278273844923465,-1.2935353242445138,0.43361202706547297,-1.440105920471432,-2.302861681796615,1.3940627859387478,1.3374031785535414,-7.324602670772706,2.1324422121875153,0.5863169524978329,-1.9531058455448165,4.507895206479568,-4.86330712465085,-0.0670172674879473,-0.029638939613459134,-0.06449996613116653,-0.0773316036816154,0.04418256210750247,-0.03994206340537459,-0.04455522204411967,0.09088054621042153,-0.03238712502182259,-0.10219834644702264,0.20520953711630177,-0.02147806744006883
-1.5174823849337384,-1.704986024631847,-1.9488294095053171,-0.9784819259562911,-1.1233393415559856,0.9890870100119924,-0.1525036885179941,-1.8621414341131346,0.4158620803670414,-0.7453796805890077,-1.1442530254655467,1.3417305034744604,-2.246208893468264,-0.4036326478310366,1.445087888182698,-2.501935040468008,-1.5200009562910175,-1.0351783912580272,5.023239679726562,2.5739377648605486,-0.9759912690219404,-0.8779279618612106,-3.7978113910733233,5.466159119055288,-1.309720819615617,0.4208637566809682,-1.4680106423264232,-2.349994964069237,1.4115397487655388,1.379258472986975,-7.580191399249755,2.1837346677726757,0.6123390315673717,-1.9289283464934677,4.6447233931756315,-5.106780269950741,-0.07048989996611327,-0.021141189001092072,-0.06822160158607232,-0.0784816109183847,0.04696984813490226,-0.04273795476910538,-0.042073632921035796,0.09390532927513637,-0.03661411361823447,-0.10001103925307439,0.21687418655326451,-0.03265244996909986
-1.5049292224086672,-1.7391983742042738,-1.9648278297520783,-0.9648901651679429,-1.1466761140441921,1.007590930603228,-0.1430750246077016,-1.8795516041889937,0.42019847676002803,-0.7313503817775006,-1.1304556265728862,1.3252708684019618,-2.2689043416595767,-0.4050238705197268,1.4664434889893458,-2.560286177482924,-1.5766004656173036,-1.1197179757666298,5.221282934281055,2.6925464122826486,-1.0334326514573244,-0.9016246058200503,-3.8145247034245338,5.5154127071191,-1.364436678592744,0.37984162226670526,-1.4868632140853728,-2.441905490160802,1.4148122947392425,1.4025348805754765,-7.966968479820112,2.216866741386533,0.5843525644841531,-1.9865184444432065,4.773154008654007,-5.522360759753325,-0.07687808404126126,-0.027497224774105593,-0.07423710187535702,-0.08146200266353523,0.04545162066418786,-0.045197592307780615,-0.050529639794880815,0.10121088739379444,-0.04264278817356455,-0.11046073332387596,0.22995133835550777,-0.021658858989501133
-1.4854846632309926,-1.720059574709169,-1.9293988173797418,-0.9614708245894021,-1.1454891348107825,1.0000221523291035,-0.14246756997432672,-1.8765665973916077,0.41625796192097575,-0.7194536175597857,-1.1149569204168377,1.3110124729630372,-2.2600912117851997,-0.41532841046601465,1.4171313178953158,-2.5621899935920474,-1.576557576110868,-1.1308505948138643,5.263015466612676,2.716510487267965,-1.053740157943445,-0.9180068377556282,-3.7907294373151403,5.489760975891745,-1.3658124508814076,0.3806222172055549,-1.4522578734820235,-2.440876000745031,1.393625262437985,1.36817682094391,-8.073231367655469,2.2185806256924705,0.5697403052033233,-2.0125409629724507,4.822872026511295,-5.695155003418431,-0.07563890035241749,-0.027555609747149035,-0.07021214242034683,-0.084951001248379,0.04112374803591053,-0.045404632918287,-0.052670670114965776,0.09763229277755024,-0.051723729903535215,-0.12170824062296079,0.23259537042431871,-0.029920298245491885
-1.435945676564831,-1.6503651620882152,-1.8063454314510017,-0.9409309535716684,-1.1205808060064049,0.9679406650466048,-0.15509432301348514,-1.8383121512841656,0.41566445608723795,-0.7126127146828872,-1.0867492006284698,1.2780585532125175,-2.220497901989152,-0.44032451385297466,1.363735889571257,-2.5328997304544734,-1.5529080024711108,-1.1245859189171257,5.218275880268775,2.6994845493448665,-1.0792061271022688,-0.9277933368508036,-3.7928809431256534,5.483958759204638,-1.3714056946006703,0.3780860368783447,-1.4129741081149192,-2.4382165523177863,1.3618028802117383,1.3241960431212003,-8.07508519391055,2.2023740692745175,0.5476405080431241,-2.049161819548996,4.838621562314367,-5.814060547823036,-0.0656399106449339,-0.028400285824706755,-0.06497355999922921,-0.08533912607292649,0.039736045149668116,-0.043764784218649974,-0.06432673121335843,0.10371903621415553,-0.03765768335337524,-0.11878353707930558,0.24235851038419629,-0.02073787384797205
-1.4380113084171726,-1.6605439064944592,-1.8212120681040254,-0.9519109394634317,-1.1158738925887262,0.9675813716170649,-0.157417419453504,-1.8296119443825778,0.4106409057983643,-0.715234716935187,-1.0853824728579509,1.2727560857571516,-2.213543993170278,-0.4419096232510668,1.3770906736985304,-2.52652543527377,-1.5569156461492013,-1.1274133863544475,5.185354507907456,2.684052491664187,-1.0822815033910076,-0.9310282471708043,-3.7950249511876093,5.464561365966271,-1.3631519089278192,0.384143216044439,-1.407902390242124,-2.4343985366288643,1.3575136208962464,1.3185400146603241,-8.04812866034573,2.186607708016278,0.5277214212764018,-2.0722951517479764,4.812230610107256,-5.801544294716775,-0.07030885905982154,-0.02657149665972568,-0.06277312618553076,-0.0835255545929542,0.03830320929578315,-0.04363756023617292,-0.06385727425009924,0.10051148884649233,-0.031021235607953224,-0.12367792519037812,0.24268373107263624,-0.022699625922774302
-1.4751846567725677,-1.6495447038497493,-1.859049423363293,-0.981775195976828,-1.111374572577715,0.9709341711566244,-0.15618548015763095,-1.8541539720297686,0.38486049577681225,-0.7358522840881216,-1.1267490161450981,1.2979425089731111,-2.2332731285689986,-0.42626272669214144,1.3958504589856933,-2.544813021128468,-1.5690818234367763,-1.1499571702464049,5.352353729859853,2.770293558764282,-1.1267275927499627,-0.8531318671796014,-3.9498478382725537,5.636462776027204,-1.3346755082377546,0.40263879736873215,-1.4566640924804848,-2.4043725797616915,1.384660016932938,1.3665133059243495,-7.978864293536466,2.1924756264647405,0.5656088888141653,-2.034346416876669,4.772550108471522,-5.628422433448043,-0.0687661843496714,-0.026728276858775345,-0.06396485132903923,-0.08069873170191955,0.04701731733995824,-0.04121140429091624,-0.047607184454418736,0.10037177151614568,-0.05141370442987611,-0.11207883486396536,0.22398829614792146,-0.022791594167571556
-1.4871909314515206,-1.6337706039422677,-1.8672796483459704,-0.9959996335654722,-1.1057672140709083,0.9610026685590561,-0.1595602749343857,-1.8638533694150456,0.37200413066749816,-0.7652364882591189,-1.1473712022531786,1.3343227668307627,-2.243557194963896,-0.41791345124394597,1.3922715551116505,-2.5601253178396557,-1.5753779146766331,-1.1686024819461613,5.44418479231835,2.8196521775847203,-1.1660202899556265,-0.8185327955587027,-4.0592652422428515,5.768430797103365,-1.321884191312858,0.4109371405079197,-1.4595602956006128,-2.407059986656931,1.3982447457685305,1.3793304897989402,-8.006238847781978,2.1951909705562946,0.5653162666231806,-2.0420124090794776,4.764622226335214,-5.626484405469817,-0.0686705802638815,-0.024071509914553074,-0.06982658480207363,-0.07902014857793835,0.04129534631601029,-0.04023518060970353,-0.052871034681700985,0.09553174866617635,-0.04038946834379529,-0.12191039353213022,0.22304571064078224,-0.025831592664690328
-1.5254683117208883,-1.660068976861437,-1.9352741682735473,-1.0189959719764379,-1.1028002894693179,0.9635465257988044,-0.1552744484673472,-1.893369646873155,0.3619175617396903,-0.7944391253347229,-1.1752608587604692,1.3641566784046968,-2.26492739309859,-0.40109419026250526,1.4096966466907768,-2.5769330847151304,-1.5744996916112743,-1.1751335761395783,5.515685064691967,2.8614976507293677,-1.179215079831176,-0.7727860879896578,-4.178982663939846,5.90711491900439,-1.3022818917078323,0.4249031951156107,-1.4825336164001055,-2.3830997970542613,1.4078802192921123,1.3886446716629475,-7.914925004342262,2.193254335465854,0.5788245436845335,-2.026605968405369,4.723084684039296,-5.497417291704688,-0.07107682615944373,-0.02800680886589786,-0.07273075255781464,-0.0762641430801509,0.04692236253926243,-0.04426485191678187,-0.05039767059343509,0.08711307925279764,-0.0385808065064793,-0.11037368559112426,0.2194514458492897,-0.023897251341074236
-1.5801678087587256,-1.731473744206818,-2.0607411852184216,-1.0453867292443977,-1.1384839848969368,1.0125123099373314,-0.1341412727389562,-1.9437141727990925,0.37366665973527297,-0.801930132211535,-1.219449950127007,1.427363479370331,-2.2991920238487875,-0.37430509041295157,1.5174166429041605,-2.6290013041521645,-1.627638192678321,-1.214326930598233,5.673814550110643,2.932011000909093,-1.1693048931868353,-0.7097841664280747,-4.259739937553319,6.03017374382518,-1.2833851333973434,0.4330345873218367,-1.5726604458020017,-2.388335281948051,1.4555393278621722,1.468567124713585,-7.951193106067708,2.232771816977137,0.6321448931402075,-1.9497658521089585,4.747420213657843,-5.38634265305753,-0.07048989996611327,-0.021141189001092072,-0.06822160158607232,-0.0733947950849181,0.049888378776613604,-0.041424988301787515,-0.039855083517001316,0.09146074551024169,-0.04160345172588314,-0.1054346034913014,0.20701036024396102,-0.02326962381655609
-1.621284462881388,-1.7788579421345811,-2.1604793008376615,-1.0544556460872947,-1.1593499871815358,1.0285451039290716,-0.12507001302779625,-1.9659728884385577,0.37904032475683186,-0.794928162030626,-1.2275303480616853,1.4307967348699246,-2.3240513716276214,-0.35615214640235865,1.5770124961571654,-2.6565409920545653,-1.6589206261067997,-1.236978546300919,5.820098463026442,2.997807754494631,-1.1753322587929655,-0.6681485110979452,-4.318035517987422,6.122155284799272,-1.2756593171010258,0.4299295028775649,-1.6534270854776012,-2.4091460815810843,1.507315489675982,1.5387759851211795,-8.056700136454301,2.2676038292191816,0.6656136255569136,-1.9051086144151228,4.786601497220526,-5.378368350722307,-0.07272790646770107,-0.026473942821220276,-0.0718544308837505,-0.07435503345225998,0.055304823125698094,-0.05214356316337631,-0.03801655769868842,0.09353904793830943,-0.05279041286306856,-0.10177946080211762,0.2090831171205972,-0.030473431183430596
-1.684024636490719,-1.8527308630361667,-2.3108540829564665,-1.0861217510328172,-1.196639188694081,1.0788258029685103,-0.09746888646501704,-2.0322786960189645,0.3876915452542819,-0.7988289327320599,-1.2602976396012402,1.4725188454263514,-2.3708001272003068,-0.3191083820903401,1.6472390828720544,-2.720334424608291,-1.710748772812207,-1.2935401950778729,6.125343169814481,3.1461455892134,-1.2095602565319201,-0.6185659736493829,-4.425225924412117,6.294871868259392,-1.2560780376181209,0.43411894025833425,-1.729346416873519,-2.4411559723184633,1.55875715237257,1.6224139253905063,-8.237235242927085,2.3211755296309726,0.7073347218337601,-1.8567170304444087,4.857615831310092,-5.436381084357276,-0.07532999465352147,-0.026317939842023248,-0.0778122006075564,-0.07408865832768731,0.055272612751058915,-0.053168551533001936,-0.037617463641708586,0.10439944786820171,-0.05019356304492873,-0.0980395294704661,0.2143808157011019,-0.03945936949746049
-1.7554166159001585,-1.9901021317119048,-2.534695999974746,-1.1052490356472566,-1.2434484996301598,1.1296304126719856,-0.07448901125145731,-2.0869053346300075,0.41807273704581294,-0.7987482696678706,-1.295700842269052,1.556248847016013,-2.419267341689614,-0.2770436788401026,1.7215083502350734,-2.768928131260547,-1.7338270091294892,-1.3222715736240371,6.205972347602929,3.2089793956496737,-1.2164291121484936,-0.6321918264703434,-4.383884865550352,6.304553205022583,-1.275927853440441,0.4132240704465482,-1.7895744350931084,-2.4704494346569015,1.5764397503132241,1.637887886983924,-8.309506452826367,2.3469772087615763,0.7016682855180508,-1.8419201188966552,4.875165163503235,-5.4408524960786,-0.0737765446491258,-0.025137095297789763,-0.08140007957408972,-0.07304050086438892,0.056802352980095304,-0.05022003399018003,-0.03952126548119164,0.09894972331094633,-0.05111648755269602,-0.1012926202731489,0.21157079043311652,-0.04099443114858243
-1.7966508387938696,-2.0803479731402152,-2.6766676456890712,-1.1102364958564652,-1.2878660978898149,1.1808336927042866,-0.04765486424582094,-2.1372276492875795,0.44792829135089823,-0.7772390543281336,-1.2988394455622227,1.5670957552752751,-2.440845126123019,-0.25330271666383386,1.7832879166509046,-2.7866848404757794,-1.734721649828825,-1.297599891341389,6.22838880868311,3.214412108970374,-1.1739404182614244,-0.6451514701512044,-4.319050450195428,6.2622108663739535,-1.2762175233980875,0.4142475547656008,-1.8018773324770174,-2.4767455862372385,1.5901125633670579,1.6495850245125623,-8.321066256370727,2.3553925915282674,0.7097024168124721,-1.8210031243905902,4.887234670827801,-5.4194698491995,-0.07184283302566993,-0.029442619171731133,-0.08270069190669914,-0.0725572100279752,0.051000225903634504,-0.051783359721848415,-0.03661020671709777,0.0987901383270903,-0.048698926654864264,-0.09504212148854181,0.20752342852110103,-0.03259689475426651
-1.841130428354626,-2.1916200770901586,-2.847868153743038,-1.1024115448805651,-1.3377891953034762,1.236677245939716,-0.017330027275102,-2.1883113320692704,0.4877994123114482,-0.7543866459179371,-1.299575819439575,1.5880234103501039,-2.4472652943613658,-0.23777451750838452,1.837254841631383,-2.780179945861144,-1.732692175748917,-1.2532322024014972,6.238322679607683,3.2116450012461204,-1.1234379774789354,-0.6536792037852106,-4.2308424558651865,6.193560978482261,-1.277538457356524,0.41593239644454255,-1.7825219556562895,-2.471684197158512,1.5951914868471968,1.6509632718582508,-8.283171232936546,2.379650745616012,0.7257990967337405,-1.7345247069471783,4.923243169966924,-5.295976494975802,-0.07066608622474993,-0.029481682693220043,-0.07762697429388964,-0.07455311781220926,0.045278083706104144,-0.05079441215030187,-0.03905330290451043,0.09779806936404101,-0.05474945185795613,-0.09481671120640596,0.21407767790973328,-0.03735419312583269
-1.8678813414424489,-2.3306212445045102,-3.0124891515927374,-1.0823224152804474,-1.4411089824817123,1.3495687329664305,0.033584698706596555,-2.275163837313105,0.5941235335801596,-0.7210601014386682,-1.30204602421537,1.6252307874578864,-2.4620096245600185,-0.21913170865552845,1.8862245429542552,-2.7960590750100107,-1.7186651479927093,-1.1903332836211071,6.270863852418818,3.234008839445949,-1.0438589687825703,-0.6471496223625008,-4.23951268874463,6.283170433482638,-1.302820282133477,0.4090642122424951,-1.7336611772934687,-2.4851849683509237,1.605824073622976,1.6454303558619254,-8.41499902317948,2.442625274855779,0.7445689144162178,-1.6890979759902578,5.041456426560363,-5.4636839312623335,-0.07107682615944373,-0.02800680886589786,-0.07273075255781464,-0.06788638442074264,0.04966289755160299,-0.04858324802243583,-0.03538369844874483,0.09594915840483839,-0.04734476843335018,-0.09984425314918928,0.21720487267549726,-0.03626443736911202
-1.896273919287285,-2.3535270134936463,-3.093017233459536,-1.0940859020211566,-1.4417858274892879,1.3482892871027314,0.04416311563646119,-2.298986354229583,0.597485007469975,-0.7342907013963589,-1.3131599779085974,1.6582950629661835,-2.466479436493317,-0.22329721021403753,1.85596690062724,-2.830435179689066,-1.7305999957413045,-1.2348224480657355,6.4163865669393205,3.3399995104003812,-1.101409907338028,-0.6421189949991254,-4.307194148889501,6.384386091987265,-1.3214802052109598,0.4022787090948443,-1.7025983384135606,-2.5319538415572174,1.5843068818417492,1.6042405088623533,-8.54606105329601,2.4460169797392064,0.7203042130475033,-1.7045156950578841,5.108105898885419,-5.660205385545595,-0.0687491663570458,-0.025390515058450552,-0.06637340514208126,-0.07337305372349828,0.04369826232054123,-0.055277307371450375,-0.03776007250283198,0.09697773921771317,-0.06368010410569214,-0.10109377072752702,0.22113269117953482,-0.04511294428337504
-1.9721672618446309,-2.420121979956627,-3.2843781065611197,-1.1553058876232347,-1.4526451031582512,1.386711622954328,0.049163235758062744,-2.3258657031990544,0.574706333756878,-0.777453285695591,-1.3194306572448802,1.6941730138811213,-2.5577973792818294,-0.16463911063557513,1.8503722218756358,-2.948879028254592,-1.784195464711246,-1.3944070512907274,6.68405930147819,3.558464527662304,-1.2481221514796266,-0.6937105085652346,-4.396697553472752,6.495880298931377,-1.397265382211784,0.3431558528792002,-1.8151876031725935,-2.6479766133539697,1.5785009606706066,1.61117837821834,-8.873298912932624,2.4528951067156526,0.6397343917626355,-1.828654806992164,5.156381060820197,-6.073780111914853,-0.07221623492248641,-0.030659538168054782,-0.07404819574049275,-0.08438998315096435,0.039393406879596304,-0.054510182929280546,-0.05448147439222015,0.09486080520201341,-0.05172924788585557,-0.11635449838750837,0.22404119039355144,-0.03830620791416019
-1.991874741242575,-2.4529552297177286,-3.354082044915381,-1.1471576454694885,-1.463829131685697,1.3869639578854223,0.056007141708129184,-2.343491405238927,0.5613208147670975,-0.7938990501906613,-1.3297150667436797,1.7157503910390148,-2.570597207672674,-0.15270043410699713,1.8637436540820596,-2.9732943363946,-1.8001614624802118,-1.42095680512435,6.733681593698494,3.590722429218384,-1.2624889337506955,-0.7129698525232829,-4.41395607988399,6.522121304278591,-1.403254298580916,0.3354983416340582,-1.8504163610374464,-2.660389930386273,1.5858560659074477,1.6177018967824834,-8.991483254951714,2.4628497603861566,0.6194948293508228,-1.85385288758292,5.1796489986311,-6.1884981422208245,-0.07911963368202707,-0.031461471644965884,-0.07933935196494357,-0.07948338339460567,0.04377375535360733,-0.052754298406968055,-0.05237352293439663,0.09505050128846143,-0.05475322761043669,-0.12115484246472522,0.22609597331749118,-0.042357100275303865
-1.9808837319111217,-2.4548135077367608,-3.336184452101988,-1.1354116893774961,-1.4775026282078243,1.3937594099680015,0.06189614990951572,-2.347771886207164,0.5802219817318243,-0.7848206226880221,-1.3272317981410646,1.7176514464905936,-2.544377794398394,-0.16873668541499587,1.8828614600796136,-2.964068204464423,-1.8082831765055447,-1.417499321742598,6.774683387218392,3.6013065859811233,-1.247973558373859,-0.6823264996884868,-4.433597193297792,6.55440898816119,-1.375623518747712,0.3586899138456277,-1.8160377617328831,-2.640813822748494,1.5931616049667856,1.631455809882167,-9.002460883647945,2.479829203600307,0.6447324136222184,-1.8214390831433835,5.2027316478999825,-6.169601079599166,-0.0763499079017132,-0.031678296805635255,-0.07647274449263736,-0.0847779068866081,0.038005319147047,-0.05286916651347429,-0.042013968536975685,0.09525257431877857,-0.05808126535962235,-0.11785285043922579,0.23052487248182968,-0.04169084156839591
-1.9395603009992899,-2.3808484897517506,-3.211983170781367,-1.1413345925749476,-1.4625000521167337,1.3632193793420104,0.0626002710349825,-2.353657766123472,0.5528355005306237,-0.7691475532454852,-1.3381431555540166,1.6864367621991052,-2.5482081204387557,-0.1725516540101037,1.8594220738368543,-2.9872728186898296,-1.8505942404754634,-1.4790691455928273,7.114405319584323,3.7644924586365756,-1.3294709588778173,-0.5683130176125228,-4.647814765350918,6.839892154794861,-1.3612540542899207,0.35689735792395194,-1.867866495792123,-2.6496701472914586,1.6304011574393094,1.697789872311351,-9.250891399241429,2.5320982271915007,0.7060555690141546,-1.7627651178185793,5.339654298073321,-6.387316909078501,-0.07214519509685521,-0.02934366044375339,-0.07748677940534943,-0.08530419747166611,0.045025773561918794,-0.0585366514761879,-0.04282584697892203,0.10364487513740579,-0.059725012401048015,-0.1177553151677133,0.23224892866676733,-0.04377739667798317
-1.9497655278862729,-2.3300431663037267,-3.1828973804441905,-1.1687022796275026,-1.4394364422768382,1.3398875301932114,0.06296501545829702,-2.3634597145553773,0.5166397153555273,-0.7915401654094144,-1.3539615459671661,1.7095923532410122,-2.5579307598629613,-0.17198122135233407,1.835938366416988,-3.037058115583867,-1.883703652689454,-1.5596211969008313,7.489480446363554,3.975978652208191,-1.4595067340921957,-0.4734451979449365,-4.9012483838371,7.1602451585683555,-1.3534379828473606,0.3539063613370447,-1.9163414877662457,-2.691576163962827,1.652891514958159,1.7515743299802125,-9.517743200174023,2.557492736014884,0.7117107612630456,-1.763824582596202,5.434338139739698,-6.654222674923988,-0.076285590199095,-0.03036411015967631,-0.0798968015436301,-0.0841583602484937,0.0508559319483457,-0.05640388323552027,-0.05223302329655048,0.10726833724038735,-0.05063448955309435,-0.11267539620108885,0.23687132669019034,-0.045666352768444496
-1.959482820112595,-2.26841731144121,-3.152812951496796,-1.2085143771030564,-1.4162998797513302,1.3216255906594931,0.054997926005508645,-2.3659175163651995,0.4540759613410763,-0.8494780269993751,-1.390466984635463,1.7504982048138946,-2.570697443709533,-0.172397168719485,1.7990399493610343,-3.114263903288166,-1.9322912796081637,-1.694009824119223,8.021482371649213,4.283917649735102,-1.6555351262523856,-0.34659001940871387,-5.28548478601611,7.645264774393975,-1.349075367242045,0.3402917803707059,-1.990290616203713,-2.7301255409088423,1.6868066970510465,1.810116381868667,-9.933122539744465,2.5989556837148062,0.711333965795902,-1.786813690848574,5.57116324504202,-7.103711633714939,-0.0796570030770719,-0.02594779977408429,-0.07945040508859871,-0.08110319063512235,0.05479638294056233,-0.06852745403274917,-0.054324783737334924,0.10912912220582204,-0.057888392920336436,-0.1196053852928738,0.24107154914871923,-0.03928154101251423
-1.9273894924095822,-2.229952594035038,-3.0662398022114132,-1.1947050068430756,-1.4079045225201958,1.2973870596389523,0.06071952504489238,-2.3757009926145867,0.4514134754063227,-0.8601016700519857,-1.405693782572344,1.770219498851934,-2.5587538042422815,-0.18970640320967727,1.7539847854404989,-3.0948450698105043,-1.9290153891583666,-1.6823725002533843,8.146470373426569,4.349603899227223,-1.6978807169746448,-0.2916590736270062,-5.406979136187681,7.800801340636908,-1.3381588389797374,0.35812631498708697,-1.9381703772254892,-2.7090050922855964,1.6800902385128995,1.8007022260793,-9.936389423676756,2.6058262641922285,0.7199755209038686,-1.7665752564863006,5.601143680798219,-7.142003551904957,-0.07231545887793053,-0.027948108900077918,-0.0767562576962614,-0.08044001696487516,0.05327841696530805,-0.07097977398359011,-0.0497148240633068,0.11097693547412243,-0.06559727577471787,-0.11765485509030722,0.24772388007799542,-0.045353401002998714
-1.8268694122587064,-2.159758308163976,-2.8400654072115206,-1.1175248300438039,-1.395948622352529,1.2635349107331741,0.051657590679592684,-2.339927515963549,0.49118276352915263,-0.8267578135752861,-1.3959944365570305,1.7440673249381347,-2.4669933676262126,-0.25942661957198687,1.7139285925371992,-2.987463058858423,-1.8731292875757275,-1.5415828069959103,7.988813803016213,4.214002543468418,-1.6022411283905773,-0.21083019165818248,-5.445617222128868,7.881215272248465,-1.3105291605715028,0.40211829040866276,-1.7682429188643345,-2.6002219298673626,1.658417155363875,1.7421497984469836,-9.758106448729306,2.609002532104593,0.7764514972242688,-1.670240486173318,5.659826975535834,-7.081039120353761,-0.06734695143545484,-0.022810076548771478,-0.06927360396894638,-0.06848503325311286,0.052384975970566114,-0.05344432691083672,-0.03702511033718659,0.10797460144974379,-0.06319162656246453,-0.09906732503429759,0.25242974169492266,-0.05206020523111452
-1.7902203407111195,-2.128813550522528,-2.7530588158909723,-1.1107209821612398,-1.397208674418785,1.264704739965179,0.04488006432639242,-2.319492441305247,0.49562959469421064,-0.8013948585405098,-1.3754748736944098,1.7074538907481172,-2.4576611225572305,-0.26558244363517386,1.7255323314061781,-2.95770004719531,-1.8696551591547712,-1.5177306602843919,7.936426410703929,4.164609024547024,-1.574508590209882,-0.21147528781395228,-5.4001968069241455,7.823066357606802,-1.3158911973903187,0.39661960028367504,-1.7667839346726737,-2.5897120612639712,1.6554017697749972,1.7411598267896118,-9.771990107428367,2.6197240790490115,0.7969553262305082,-1.634690693448019,5.683291707007171,-7.0626135197687745,-0.07111027816013303,-0.025312475145489538,-0.07649255100667302,-0.06863481111376961,0.05096747116260793,-0.05280615405514708,-0.04215337728932956,0.1133124451390419,-0.059681094263509,-0.1023391735285389,0.25875676338431564,-0.05285252421612676
-1.8190587609306366,-2.1363416266985022,-2.8085765667323566,-1.133092830538582,-1.3755298925789257,1.2387721392377686,0.03046448760401561,-2.2997057021434855,0.46155290710643676,-0.8074723762932505,-1.36739518370463,1.6759713443291342,-2.489484137465417,-0.24356554002861727,1.7407435021081932,-3.005866036848972,-1.9104556983857521,-1.6128296414583894,8.025938395799367,4.23484204661367,-1.6384130022641368,-0.22263839557654264,-5.4233417422811385,7.8136055420799355,-1.3351220976426121,0.36635531900689683,-1.869485442614863,-2.659242129743462,1.662327188327808,1.7773170459583099,-9.881446315817632,2.6085588281145835,0.7671229040787204,-1.6967575931482648,5.660910176931868,-7.159875293653119,-0.0725462113866564,-0.02653274735879144,-0.07498263857480764,-0.07982168940157804,0.05795735045519058,-0.0595303316833928,-0.0487708219967853,0.11945060067046422,-0.06812001013022721,-0.11096399501482083,0.25986028806639994,-0.045739533951754646
-1.8722064257811892,-2.1329479559113937,-2.8836783046911925,-1.1716661727764257,-1.3621094056647685,1.2387303864145909,0.028475540258472633,-2.315279358402307,0.42592394867476696,-0.8574038873137956,-1.3896468681147867,1.71521679584199,-2.522590888560068,-0.22482868778119788,1.7141650552053358,-3.0702079809402973,-1.926884664430116,-1.6966036076401512,8.27264015956344,4.405735385317709,-1.776492549034514,-0.21542321644177834,-5.557711348423697,7.961915191650379,-1.3410627159145512,0.35522292362684893,-1.9251682699762782,-2.69881744655529,1.6601544955148475,1.7851325063400765,-10.020137303337298,2.597023458159289,0.726994336397344,-1.7789895675004577,5.6329418126599515,-7.284395700070173,-0.07799721716308744,-0.027478203238456234,-0.08034891361670309,-0.07464112421625901,0.062083964823896325,-0.06554997151482134,-0.057889912629279616,0.11311895310069779,-0.05469283516650152,-0.11588825323796091,0.24942007905288124,-0.04758539518672687
-1.8397553914979938,-2.0816616269690416,-2.7916537608438836,-1.175040671577305,-1.3504681882979108,1.239575178140755,0.038089955640033236,-2.3404866870976875,0.4086205936185658,-0.8895990517926012,-1.4149722604152304,1.7690595153342015,-2.4993815675417053,-0.2478201126941686,1.6614064393983854,-3.0572636083967284,-1.8965892628827825,-1.6675922934701715,8.357601424153422,4.463900990788024,-1.8080156328162655,-0.15170986403592593,-5.714853572683627,8.162689910127604,-1.3281366153002587,0.3769873584105687,-1.857868396148027,-2.6611641585711983,1.6566103253406528,1.7557734309326214,-9.974213853439993,2.591702102879513,0.7258977166253777,-1.7709572909153857,5.646682945360071,-7.302076745925007,-0.07396830701313378,-0.02641548517756571,-0.0758758395419007,-0.07786201100958276,0.055067014102338975,-0.059819245296392605,-0.05951988566145845,0.11246430297854984,-0.06604891951972422,-0.11598612335784568,0.247690356710704,-0.0455028075454028
-1.8219521559731071,-2.063304033755973,-2.746938606596063,-1.1514126960810194,-1.351160265991118,1.2209346769463465,0.03929915698369207,-2.333690884662272,0.4342973704547742,-0.88157190297925,-1.4126934236082114,1.7677840267190723,-2.4751098855931644,-0.26650655563308445,1.6389517222524956,-3.0276947252948543,-1.8865214083909954,-1.6351003108660134,8.329857252153392,4.43003819768392,-1.7807644309625084,-0.11866888262979612,-5.750542822332665,8.226204748561186,-1.316232813616926,0.39296404717726835,-1.7975939399546852,-2.6293631865568976,1.6456434866391696,1.729081201017877,-9.920029890004574,2.597411585295587,0.7404259257322511,-1.7444193641647439,5.660304280761204,-7.280100998226001,-0.07107682615944373,-0.02800680886589786,-0.07273075255781464,-0.06976830896948542,0.0537552486369867,-0.055616688208582746,-0.05298604535295517,0.1110188184517832,-0.06590093379213155,-0.11564598777362964,0.24686179686987467,-0.053057679927890185
-1.7996859623971122,-2.054431611779502,-2.7001723667462074,-1.1451356524286587,-1.3373426272946307,1.204103046317899,0.01275730605081736,-2.274800256296756,0.42505422906707135,-0.8445368106121481,-1.3750577544369011,1.6810403714177977,-2.467839627027381,-0.2592762337331791,1.6987886537553676,-2.9933733356568526,-1.8916772335837817,-1.6112108948622972,8.07937564802477,4.2668292409245625,-1.702438845614584,-0.20100476045896487,-5.519810028161835,7.907599056613571,-1.311165633814343,0.3828107852924891,-1.882965870196603,-2.6397692288820163,1.6644762825130088,1.7781146790080968,-9.936596374360052,2.605830663110068,0.7623259349553886,-1.7240648717475215,5.626565175556559,-7.136612869472133,-0.06991341961327235,-0.024013033703172773,-0.07383945630927803,-0.07970700602203105,0.050759050552023746,-0.059473147619940776,-0.0498690829984335,0.1129414263184276,-0.05287451872550718,-0.11569256621715356,0.2528816161036699,-0.05175030424502079
-1.80774301333341,-2.06028063001441,-2.7108146621503026,-1.1481930539583998,-1.3369701375579437,1.2097434437391257,0.009592908659869876,-2.27088513143312,0.4183966408143565,-0.8413644582689743,-1.3737540288526837,1.669341867619569,-2.475905886646116,-0.25009202970559247,1.711793229952943,-2.986198295324059,-1.8780244996072244,-1.590367073838393,7.947078954713111,4.186861786434483,-1.6664619483976308,-0.24220359959897014,-5.432820617094786,7.77751937322262,-1.3042226851215788,0.3847496651017147,-1.8958928135046331,-2.6338111991372983,1.6646434841601923,1.7780939168275494,-9.822659851100521,2.5938804350327795,0.7541903160017297,-1.7435961445266246,5.569449662230168,-7.0152234835987946,-0.07300783024941322,-0.023701953097324265,-0.07143395972581584,-0.07929739744203444,0.05501986156853109,-0.06135355399551338,-0.054601507911884034,0.11443407673650906,-0.05392673083464403,-0.11411004788652408,0.2496122177934667,-0.05014486833228583
-1.8374989638321753,-2.1290198720650855,-2.813317164637657,-1.1398481945380863,-1.3486609569304226,1.2250333174492978,0.019075836903948793,-2.288558162877437,0.4336734942796288,-0.8618272260353252,-1.3769503249772477,1.7007345999329178,-2.482358886788512,-0.23681345240778184,1.7441015107601723,-2.963292608863901,-1.842684915728218,-1.5203715557422597,7.739841521240712,4.077494943151542,-1.5948517098331776,-0.2914372806949574,-5.308298989818255,7.60675576855212,-1.2939058803750936,0.39795854562967287,-1.8695913331533538,-2.5975917689757884,1.665701756779957,1.7523208511631856,-9.56428437480035,2.5695299399233766,0.7367173719522886,-1.7532139639337618,5.4465906873209295,-6.687679700896582,-0.0723522303132527,-0.0252540314030508,-0.08051128776503942,-0.07958833011341146,0.05671255095194112,-0.05326903865048153,-0.05102497061687714,0.11180473349561286,-0.05666319962073208,-0.10452475401337066,0.23936257015475199,-0.042158502403481735
-1.8554524663972374,-2.1759488904661213,-2.872859353105312,-1.1450447931291228,-1.3706368182494821,1.2617435322231134,0.027915437015558632,-2.301933292745015,0.4661722192883331,-0.8379704004466708,-1.3919399319726802,1.7396954214182685,-2.4806213918223126,-0.23369831654196105,1.7539382949824456,-2.942872283397982,-1.8169091290980797,-1.4666179122105558,7.639202624012912,4.026450926253753,-1.5490963903670418,-0.3466108295814232,-5.145949479561965,7.422156038704285,-1.2980912159362221,0.40413830540641743,-1.8150995756864443,-2.576276866315879,1.6472909962717217,1.7148695468344544,-9.403921410018148,2.5532939663557364,0.7373542201545573,-1.7264313676015381,5.3753106521344565,-6.411099460102403,-0.07078712428581421,-0.02944208641447025,-0.07554190526195913,-0.07580731113312655,0.052387410101506396,-0.05343986452806703,-0.042586061422048044,0.10776925135244977,-0.05940626063189048,-0.10449313358277887,0.22872497059321276,-0.043210742968966716
-1.872480511592302,-2.255835547080859,-2.9686639847092366,-1.1293776262362631,-1.4093719972765368,1.3042706332920575,0.05665044074048358,-2.3480111739227465,0.5306911990548919,-0.8116393941190054,-1.3797356357381434,1.736811270524633,-2.4851213948682873,-0.22169703156180484,1.7964496534274637,-2.9246108734948257,-1.7995973951974777,-1.4021679253162902,7.453322407502645,3.9238088232377564,-1.458175549099401,-0.4056996434989821,-4.983663165671158,7.240817972244993,-1.3005580973400461,0.4081564585728586,-1.8088201229451324,-2.5607284473073797,1.6490933520898192,1.6918003572900422,-9.214383999393412,2.5482492986500236,0.7340588025420319,-1.703042262816079,5.363077808051381,-6.312009192673102,-0.0725574472203486,-0.0278693442809698,-0.07258588206141241,-0.06863517699888272,0.0447789697721209,-0.06664833162517235,-0.047811670984099386,0.09759579109038513,-0.05126903968597868,-0.10632676863668858,0.22842960244504096,-0.039446653678666926
-1.8857990813875896,-2.2826235019411922,-3.016830834745744,-1.1315177020560634,-1.4242033382570212,1.3245412183769611,0.05676629594308056,-2.3497660002003093,0.5240278860761429,-0.8156424588319373,-1.3698984226316473,1.733487120061187,-2.491285620887332,-0.21602658939629565,1.8060515273477633,-2.929347671568903,-1.7969059950265451,-1.4070141380229197,7.411149802073642,3.922614683481831,-1.459903593971892,-0.43386929050973444,-4.954534734776528,7.204505792533679,-1.3123938751368243,0.3990043452626709,-1.8170333553924305,-2.5749875709574725,1.6386913801000953,1.6896533738940114,-9.330795384283102,2.561205640403266,0.7241800764073647,-1.7238258756395073,5.3847540465379105,-6.419446866837357,-0.0682973416632736,-0.028223046175087398,-0.0698937363459958,-0.06925233675467903,0.04916274712166939,-0.06446441636228166,-0.0449942003716817,0.1007553009220143,-0.05761502446339654,-0.11311530232229847,0.235977277414426,-0.03603341553487979
-1.9289096247454434,-2.3286917995044933,-3.1313156457703384,-1.1486203450769734,-1.4246922321773938,1.3276779899977003,0.043375256976636724,-2.3277259501625647,0.5051196072285887,-0.8290940334064723,-1.3591726947528397,1.7275936927151552,-2.5342269610922,-0.18669741703250264,1.8194886665894845,-3.0036847154842476,-1.8387408392350484,-1.5115691959298918,7.444215662782469,3.970001949982779,-1.5001208758572533,-0.5059308118788876,-4.895186432164535,7.116307578401886,-1.365059420191983,0.35454296367354193,-1.888015874469951,-2.6821617065023315,1.63455862602184,1.69840486935745,-9.507225384358316,2.558569497310771,0.6732773088703597,-1.797985869405695,5.397789253280887,-6.630489687509049,-0.07363277932185511,-0.030541099209445925,-0.07495524476005498,-0.07994513438682184,0.04912867711806399,-0.0655107819063006,-0.054022180533734726,0.10654344504492858,-0.06092622254968474,-0.12488573167452795,0.24061296426828005,-0.032821337567456865
-1.9367129362803637,-2.3694264621164947,-3.185013287437462,-1.156452415751121,-1.4481874970376096,1.3643391275799217,0.06352848541675193,-2.3658226160486278,0.5348884446895198,-0.8352749015801811,-1.3727027378055339,1.7702712362393285,-2.5382291096127876,-0.19053589512164099,1.8015356572348435,-3.0238568850310616,-1.8307956518971464,-1.5173801344958437,7.507830837584348,4.032687618431602,-1.5292415501620729,-0.5147600605439724,-4.929051489616856,7.172669920768864,-1.3937440136825663,0.3474290884935106,-1.8140785872704606,-2.6806944479810086,1.604266709606912,1.6426986423928736,-9.503718388438807,2.5373977959777263,0.6271615804045058,-1.8379323637420284,5.411649640136246,-6.756990437060383,-0.06825333925467299,-0.029579839257446,-0.06852694203539413,-0.08513149625158259,0.041906338193722185,-0.0660096520856056,-0.05282876011216177,0.09688541657501822,-0.06186219340830328,-0.12329115517953482,0.23585359955057683,-0.03153360635239405
-1.9262852121005862,-2.354898958060047,-3.15797648671168,-1.1473249918804183,-1.4636990687410496,1.3710651203925837,0.07607928055058616,-2.3904173005376257,0.5436000178942576,-0.8394396295460788,-1.3868068665239461,1.7999565212850086,-2.527383748643718,-0.20244063362835982,1.7808009635631934,-3.0171539690045215,-1.8229881021626697,-1.500702925746646,7.628585432898898,4.10329947997302,-1.5581793224553726,-0.47524464485757306,-5.018608058686672,7.306583080228709,-1.383025585829916,0.35832180448175155,-1.8002673661375466,-2.6694254583758292,1.5966394685774028,1.6249587038884434,-9.558072490518471,2.5555866879899796,0.6344530805454159,-1.82332716903277,5.452655017649132,-6.830462133382016,-0.07257801270880303,-0.0305404140694398,-0.06779731136668109,-0.07879721099698847,0.04059277591955622,-0.062255885053829056,-0.054004477524346214,0.09370246429385946,-0.05536068243792504,-0.12121520118504141,0.2335985924781436,-0.040750250198094126
-1.9055711276002447,-2.2797930391004426,-3.0601822299752772,-1.161002975024958,-1.4431207297599733,1.3499201999190225,0.08038593709408481,-2.403192065250212,0.5201723066898882,-0.8417428538637919,-1.406986685022957,1.8116883778835458,-2.517538388741897,-0.21615296399222692,1.7489305139874929,-3.036182709460875,-1.8576786444157611,-1.5566267152873652,7.936894928078677,4.263051953360144,-1.636549338076713,-0.3374420988243056,-5.2938107873549365,7.685838536869875,-1.3543015213578056,0.3735462499587415,-1.8183217431511756,-2.6588532038785178,1.6248324689488147,1.673318417627677,-9.7125560639311,2.582944847785272,0.6774697393808539,-1.7743789872938296,5.565240385104474,-7.0320410191514675,-0.0706788954232521,-0.03081786986207308,-0.07522552942931718,-0.07644327380177844,0.04483790923478697,-0.0646379369341228,-0.05425659538316046,0.09968149483501101,-0.06215953054186819,-0.11914406083703877,0.2389630373739346,-0.04956375434706095
-1.892881041539733,-2.2277261600365996,-2.9961244690414404,-1.1675002056943495,-1.4220469282251353,1.3116467707193975,0.07250735632603418,-2.3955542406242025,0.48478414680859044,-0.8562890287918814,-1.4054182777654025,1.7992015818850582,-2.528194158356275,-0.20951104141346952,1.7461362348814549,-3.0616202766480125,-1.8780603524188786,-1.6093376427881334,8.09793654038329,4.34590746590252,-1.6958623083394009,-0.2897147953840175,-5.403719747272439,7.827035461785419,-1.3434439172201118,0.37100723395612095,-1.8829180073271359,-2.680335408788634,1.648252045213246,1.724690412507559,-9.862943453764498,2.6090707029893396,0.6971380146326897,-1.7657711982616033,5.603224091690681,-7.131935865305241,-0.07078712428581421,-0.02944208641447025,-0.07554190526195913,-0.07629293646668506,0.04912939609578577,-0.065502707179679,-0.04756158481803358,0.1024050420315858,-0.061696131174785195,-0.12280269980064502,0.24448030730603948,-0.041946633945071456
-1.898018272855839,-2.137567913421174,-2.929088837193745,-1.2110623658553297,-1.3590535892711513,1.2535905689337417,0.03810662103426102,-2.347794402531893,0.4071091699792182,-0.9040431832165087,-1.4099285195809115,1.7851005016808705,-2.556407051749129,-0.19729122807039953,1.7164178424856453,-3.12221865528097,-1.9266016820809877,-1.7411627003878598,8.373317599288438,4.506359914645431,-1.8393045040211422,-0.23185121435880088,-5.61557423196117,8.045950188885415,-1.335608899264979,0.34876983373254267,-2.012081392202589,-2.74003058599856,1.6828806220804093,1.8115777036183136,-10.185923223820492,2.6257343345990027,0.6987824876828269,-1.8098970086854096,5.659299302229514,-7.417073148318626,-0.08156100219607101,-0.021669564015997046,-0.0791104721483239,-0.0833093271400174,0.0560591513520983,-0.07427631396464156,-0.06215472001962377,0.11072297901855682,-0.06030792615147281,-0.11940144325546795,0.2506517772059553,-0.04334682885484469
-1.8999333909591372,-2.117935869400317,-2.910182189065171,-1.2188386384500172,-1.3458483092929268,1.235902298898704,0.03217597805545281,-2.340794416238,0.3898891464105221,-0.9216208878720096,-1.4090728177440606,1.792699752056704,-2.5480481093752267,-0.20491435122040974,1.7098409639495835,-3.1346657642434868,-1.9439059028568022,-1.7739710371534887,8.476302371775049,4.5636365204776395,-1.8782834060603122,-0.2046336015768446,-5.698095226956219,8.139207556950362,-1.3239993815242956,0.3527256750755456,-2.020532787701824,-2.7488602896543464,1.6908153803107315,1.8271360758821462,-10.259653473670403,2.6316218841869587,0.7006290283757568,-1.812734000146661,5.675844522193341,-7.47961614195023,-0.07482691772644602,-0.019436136090309454,-0.07219510298732612,-0.07686911264421355,0.060476291520318554,-0.07105611452876139,-0.052955859206758694,0.11373691855312187,-0.06497783416888614,-0.11913653829055795,0.24508775984475514,-0.04946960486802971
-1.8630302161822523,-2.113547637449125,-2.8494258636079883,-1.175840095750898,-1.3627050579046769,1.2339530931441247,0.04317020737113288,-2.3516276793254134,0.4097058355405135,-0.9024452590842784,-1.4159880494970682,1.7685659618589844,-2.525403091515041,-0.2126005971271679,1.7509704532540122,-3.111440905402295,-1.9530066097318723,-1.7447710077196905,8.585328905450334,4.591356526337958,-1.8592662392718207,-0.13141346419341693,-5.768617697359099,8.247853804981078,-1.2951688555475096,0.37419630739136983,-2.0083583441891473,-2.711122066577224,1.7104842318578404,1.8668907220758297,-10.34980371318409,2.668167611526692,0.752978976054325,-1.7326515191189833,5.742819805012372,-7.484022371092424,-0.07894770431088016,-0.021823314433808538,-0.07317637573842366,-0.07832463023654994,0.057556398733173246,-0.07235427280017287,-0.05239514303040804,0.11937172541323539,-0.06630451269366033,-0.11420190975003983,0.2616577930374997,-0.047517872131030016
-1.8807205694933908,-2.1680267752819953,-2.935359754382841,-1.1912722914352127,-1.3919771186868035,1.2689389402581162,0.06019583238025718,-2.380729778844371,0.4281505867065146,-0.8677335042165643,-1.4126073237642525,1.7509498606612817,-2.5691792202065633,-0.1701698917012211,1.826483273432876,-3.2098046222483294,-2.0462030824812327,-1.884908690851597,9.090612054580077,4.852583714535548,-1.9538854269358763,-0.04247346471109539,-5.926025808222406,8.510126733158852,-1.3089067211000656,0.32185393952981317,-2.207356302723991,-2.8132489432985923,1.7862545559427438,2.006671116964114,-10.92316602775031,2.760225452656593,0.8113225381482609,-1.6357942587287948,5.999921196360116,-8.024357010072354,-0.0842987808159727,-0.020141676893267672,-0.0853236074212651,-0.07879887945942833,0.06458505691334632,-0.07805896475048642,-0.05138860082649564,0.13262644437000207,-0.07815949487002506,-0.11757204395250603,0.273887982513824,-0.04576872451483401
-1.8982716176415153,-2.175213269991188,-2.976362794313753,-1.2110439928396404,-1.4088731478200092,1.2763649077635943,0.058364826132993736,-2.3792264441664024,0.42274822264666195,-0.8637563853715916,-1.400462775123671,1.7461027603860466,-2.6015573217881616,-0.14785058623529773,1.8296002603752441,-3.2783346287237705,-2.0933826690128354,-1.9809796898037713,9.449384030020617,5.066034934821167,-2.0453493690639863,-0.013064371501239173,-6.038171063600273,8.690221215839912,-1.3293189039641549,0.2800219157197546,-2.3339670761487574,-2.912169945243751,1.8240682015626306,2.084902295473252,-11.526366866188352,2.838845605189114,0.8248514105045144,-1.6174596528787446,6.21583539178409,-8.670491520041567,-0.0819179769171716,-0.016205326845980746,-0.08233983721328464,-0.08154889842597766,0.07620756786967806,-0.07534116955128085,-0.06480821555055563,0.14377754581504446,-0.07456058215010718,-0.11882738143807899,0.3023611382406642,-0.052798834022865566
-1.8956597044051762,-2.1736112537179433,-2.9752398593366016,-1.2075778438514282,-1.4021921017642878,1.2746337318524676,0.069763056005072,-2.4052915241051283,0.41463715891171216,-0.8609391315069189,-1.3819952520527332,1.7324816759219064,-2.624686279763535,-0.1363055818936146,1.8203541229706077,-3.3484680872423507,-2.142111507162497,-2.095491078402485,9.890405083615576,5.327547159217971,-2.1894641529512935,0.015233616971828366,-6.1627666963898,8.893497305842727,-1.3528669940052909,0.24449847443847272,-2.408121483817211,-3.014686411705168,1.8585570323459737,2.1606811346955754,-12.221806369635384,2.9101747896148,0.8160351753798578,-1.6012317882985945,6.478322777883122,-9.518680608497764,-0.08908670092371862,-0.016974606831478625,-0.08429894297883485,-0.08875216028383937,0.0762021805666626,-0.07624200637645842,-0.0713425737835364,0.15360781990968847,-0.07292240151857138,-0.12225992055585033,0.3267298471369875,-0.048191937730215746
-1.8950005390013795,-2.170805322183068,-2.974917062658485,-1.2219017434553314,-1.4102154876545268,1.2851880921313905,0.06474132521177275,-2.3965413902867123,0.41713249791917284,-0.8595951225690736,-1.3663711836516577,1.7315524385000336,-2.653456949501007,-0.11834417442744906,1.8092539805046828,-3.406302296931517,-2.176819584736172,-2.1768048791226113,10.196430097255242,5.525865255671015,-2.299865343481943,0.011042368618551832,-6.245408413642489,9.031135074971523,-1.3881228293112555,0.19650267135412,-2.5366906048158198,-3.124601508944187,1.8873111987470537,2.2260792371857523,-12.991102605617556,2.984223693114907,0.7923898924683626,-1.5768011592034517,6.754306972960875,-10.418646032017017,-0.09634897236073568,-0.013720476776306587,-0.09225281610070243,-0.09100535438257774,0.07747934663460251,-0.08195283030868906,-0.07626529876592689,0.16552109735598797,-0.08138245916473653,-0.14038439406570732,0.3550125946626384,-0.04864874939487482
-1.9286346302417865,-2.3363498786483254,-3.18124887664394,-1.2065152233491956,-1.459847400791122,1.354015426044166,0.06580298003215954,-2.393596301756987,0.4723417744323702,-0.841157361153184,-1.2319945780694819,1.6676882246245457,-2.7566472285986987,-0.04307609339880683,1.8168505296688389,-3.6319255434101834,-2.2310212328896433,-2.440865052039813,10.680860194463456,5.958285723548837,-2.582021455333155,-0.39178356176612916,-5.87218219375181,8.59752957056209,-1.61658875700566,0.055271552525971226,-2.6659637141381354,-3.5391311254355715,1.8673822370454334,2.2351548572263584,-15.125491766036742,3.113665113349352,0.5335856179382839,-1.7837708749763106,7.434310563926788,-13.436720514266982,-0.1054480372287504,-0.021173440843941214,-0.09807157351906602,-0.1329954779179283,0.08328458267821537,-0.08611442501738961,-0.12891090819293996,0.20421853182974228,-0.08213347779437395,-0.18735781340098429,0.44787018190654027,-0.024545795472815792
-1.9280121488557618,-2.445714567676866,-3.2827034997117677,-1.177030115945266,-1.5133049914527867,1.4048244540169266,0.07849847093724042,-2.408822715510075,0.5175927487150017,-0.8085537159395383,-1.1677864942498464,1.6377432597066361,-2.792321066295416,-0.003993034093580976,1.863552773659996,-3.709878521870507,-2.253541735648025,-2.5236665334630026,10.795150348983844,6.082852282350461,-2.6517025111305434,-0.614840023579864,-5.6221358308289195,8.295933050084784,-1.7305421498084113,0.02081665219461472,-2.6419118083708866,-3.6900806989055552,1.8378165068574135,2.1871239125720474,-16.014744265665616,3.1617111553194595,0.4001451676574306,-1.8822684712885118,7.71737707198447,-14.724292810404698,-0.1093144536410684,-0.02491336198415049,-0.09911511163396217,-0.1465993407183753,0.08195020263847419,-0.08375252835472279,-0.16263026055213822,0.20830967867456637,-0.08103791068094063,-0.21911207027190305,0.4826709845806372,-0.01424318573337926
-1.7913483157548011,-2.768026398019667,-3.30133538003967,-0.95475012215117,-1.6811715811117383,1.4837755500614493,0.06375873869439375,-2.320685359252921,0.7199513526837511,-0.5791011009187768,-0.8608581260905931,1.3859423763020975,-2.79992807537961,0.07243507381011334,2.1104954292858125,-3.80669321646505,-2.4154679332143667,-2.7366902153067825,10.63160644568593,6.047593860274757,-2.591529180778284,-1.4094307732573963,-4.303882779100955,6.6786633123802295,-1.9552400581138911,-0.001733664918308427,-2.3472938472906013,-4.11793222744706,1.745761548096854,2.0833491009780762,-18.945964425552628,3.3044039544461157,0.011515087465336755,-2.125256715091102,8.608789320367999,-18.839599948860144,-0.11461822071918605,-0.02850920011530425,-0.10012080912106767,-0.18345288636870874,0.07123091145491302,-0.10369942268583246,-0.24188849536395243,0.27059719884295513,-0.07772602591072908,-0.2867571298347274,0.6340314919959927,0.013940944678204174
-1.6627454528494008,-2.9006224753589507,-3.1421065073907686,-0.7950807462601881,-1.76079059011397,1.4853817732448509,0.030079860073158486,-2.2068246488005383,0.8123630418787022,-0.3591788176426575,-0.6097229282225336,1.1666879939180914,-2.7394264131191886,0.0639339155062861,2.287985105227864,-3.7790011086527824,-2.535852709176571,-2.8053578455388055,10.339738763591447,5.797917623025753,-2.423996666953777,-1.7311886695787448,-3.549405570957081,5.771210181508585,-2.017769373739497,0.019766207892804602,-2.0790499799053905,-4.322549574420913,1.6733602131160215,2.029172931758784,-20.980478277705156,3.359887753253027,-0.21058009372112899,-2.2815104821298657,9.058467954967973,-21.28868315131902,-0.11031347548908589,-0.028873791165425725,-0.0984140117876188,-0.19975959869698792,0.07555957463014036,-0.10664043626211465,-0.3046745839676523,0.3238377198122749,-0.0746834926404944,-0.3328698655105938,0.7684751788438478,0.05750169443207952
-1.6004041415373522,-2.94913145654545,-3.0549969116928435,-0.6934629106521706,-1.8170656052059144,1.4752095141059733,0.02005760020150035,-2.1636696916524487,0.866243259089562,-0.23364870380215597,-0.4745346429528686,1.0845269139019245,-2.6939711599028002,0.013648299017309407,2.319728672034926,-3.7723385575986748,-2.6250596744108816,-2.887633725747345,10.428213222360267,5.793924824778192,-2.4007367382125655,-1.8210038455246644,-3.323363763576867,5.523480658612116,-1.9759773773540361,0.06791419799028241,-1.8733481463779904,-4.392518182423295,1.6243044163814069,1.9611349314369173,-22.573792191119974,3.3836554010203588,-0.40035708736934056,-2.4140373516510394,9.457634009346286,-23.615516031199526,-0.10581475272083461,-0.031929987805754796,-0.09422396659410809,-0.22158124914148333,0.0770006293565079,-0.10898723840772423,-0.3394704132844526,0.3608443829186856,-0.08736828789840027,-0.38340261330735104,0.8954857285274946,0.09722921260340926
-1.5834957837644796,-2.9423740264687983,-3.022054980901988,-0.6646653399769543,-1.825966443709677,1.462351490970282,0.006806466623882667,-2.119871695893669,0.8698559855965619,-0.17528273574334385,-0.4139858547604774,1.0379112627656126,-2.678899942460926,-0.0035764502601256937,2.321880034781706,-3.767766104441176,-2.652442518319466,-2.9109036064439975,10.423035715068295,5.743204264844466,-2.385769928575002,-1.8285640001031176,-3.2156404004803147,5.382993348656479,-1.9521874697153205,0.08047999899788646,-1.849539710727134,-4.419708748360432,1.6187137102120874,1.9674122394357973,-23.125269974473326,3.3843036181573005,-0.45778319322346084,-2.531593192575379,9.58475515961408,-24.677082762801234,-0.10661110589746853,-0.026411010784934928,-0.09189381566218546,-0.22450060181433246,0.08293313101038821,-0.10726466043440297,-0.3534455496683965,0.37379432571545734,-0.10196034653623232,-0.4256441912616577,1.026588457098124,0.15897451790549236
-1.5629096212411424,-2.914759150791991,-2.9527089921006633,-0.6000712213390267,-1.8071820109821337,1.403439637102108,-0.016917999740124354,-2.041745507575986,0.8527884464736766,-0.13568134024926964,-0.35711585372064536,0.9828546939712238,-2.6537510537300597,-0.02574032789949509,2.336764812392075,-3.690898960727818,-2.6706623549494477,-2.869138376106884,9.944441863225414,5.430450619679677,-2.235230678830502,-1.8967808198551674,-2.917614721266249,4.993397613460651,-1.917452645496037,0.09324341750585961,-1.853292784686139,-4.434651578100721,1.6332593753728113,2.043094415370589,-23.584167186920794,3.3355300037782305,-0.5277666875602912,-2.6769919472327808,9.399398737206498,-24.182609873265317,-0.10867525267072876,-0.022141291269314564,-0.09025500367115477,-0.21799011089487197,0.08570591464225365,-0.11194014658158682,-0.37619816953157387,0.4125558787720089,-0.08034693446823073,-0.451406166494441,1.101039951326914,0.1940124402841763
-1.5094762425466481,-2.8512803337414874,-2.799252388161226,-0.5739986020963864,-1.7804364760778837,1.3555233674820333,-0.03077391282352924,-1.9928776956544316,0.835363596989824,-0.10531320948230405,-0.323652849702152,0.9403818664309167,-2.6342072230777673,-0.041724269324153955,2.347067126132749,-3.6494463487724715,-2.6621249595758143,-2.8237390213026665,9.618418241665063,5.217580497594991,-2.1427690495312506,-1.9305673082727517,-2.7443546667004046,4.7560416089902615,-1.9014194256856165,0.095209120404873,-1.8821774948984684,-4.431132026833383,1.636973389834429,2.078558392388877,-23.48276494745786,3.3050117679649995,-0.5178478966153295,-2.7093951350533207,9.293567243578972,-23.791119397008845,-0.10622412147160089,-0.01828492891364768,-0.09012786018916179,-0.22763106411360712,0.09904985848119702,-0.10887636650667105,-0.38136388136817223,0.4308948716838837,-0.07182682362925293,-0.45808354483624714,1.137802679942756,0.22902961265295776
-1.4680630482234673,-2.797963921402404,-2.6887846472889154,-0.5489327267149815,-1.7693266708497601,1.3248447775011032,-0.04231266814296753,-1.9454821895129373,0.8384069958959619,-0.07746930739554929,-0.29680313757336907,0.9049508933025076,-2.5733845231100814,-0.11676565008374593,2.32372039391743,-3.573443879716819,-2.6414127716113014,-2.732905875817733,9.344063206749059,5.022974656954574,-2.045649924554169,-1.918066652234824,-2.6228272786060587,4.605418794745883,-1.8573581775909547,0.10942171047456617,-1.876961525211177,-4.389089169379933,1.654851760333472,2.112053669455911,-23.491935901023933,3.2926779820771452,-0.49076455431765276,-2.692183845054182,9.224023615350871,-23.489458113474974,-0.10789015212595963,-0.01809675524496843,-0.08682937890267496,-0.22101073260712295,0.10035896301936265,-0.1131421196196345,-0.3868570417995438,0.43878574893570316,-0.06731600364690088,-0.45890061169012764,1.1858078857213135,0.24818042187447237
-1.3929551222432865,-2.672430953474426,-2.4651897431086973,-0.5321869838591999,-1.7370825904062073,1.274034140080458,-0.0549593787676548,-1.8953824916765238,0.8099086250714672,-0.045411066854036626,-0.2801652953268415,0.8551695506898129,-2.523951051068644,-0.19525985538210874,2.253285753589834,-3.4924730379275455,-2.613426048748244,-2.636675922136082,9.179025916268985,4.881947078037758,-1.9782797306043456,-1.8472060250145628,-2.6240435913482036,4.603640240772757,-1.8285082858046418,0.1200586814770056,-1.8723386986735528,-4.340917132477252,1.661826602819693,2.1501381517207427,-23.577403714821067,3.2807638398875087,-0.44818240872420545,-2.641945464620758,9.196932663641734,-23.38893935546336,-0.10410502340586486,-0.01430831387599554,-0.08379102862225296,-0.21497523648634786,0.11232352414235794,-0.10436313643000526,-0.3918819066916824,0.4614447164788807,-0.07358433572388744,-0.46452824743218013,1.242639292663112,0.27276679210837473
-1.2969736085059191,-2.445699663294368,-2.1715907179841123,-0.5223810978890605,-1.6481734403678114,1.1708062107086499,-0.07702805983596256,-1.8116635431449912,0.7365457175230865,-0.03782621121862414,-0.26911211320920325,0.7704910753612865,-2.455213912061289,-0.3016739379482014,2.13710602836474,-3.391597965808284,-2.597858698941878,-2.5650626247725676,9.000198724440736,4.701292459173196,-1.9531095651822084,-1.6772959100808884,-2.769507773753386,4.724339758193047,-1.7762734802871085,0.13441160158608034,-1.9029234394154335,-4.27378332187947,1.67136206743586,2.2114351691191754,-23.67414097804037,3.214575973854793,-0.38537495900337987,-2.649142744902245,9.135699015583402,-23.510199146456948,-0.10174890418901832,-0.009065484004111193,-0.08400302636467842,-0.212642338039752,0.12242379509819035,-0.1094908860154616,-0.38343739296764107,0.4894131014869401,-0.06705161542131273,-0.4703371487023742,1.375114677961263,0.3378385256924112
-1.2178895233692069,-2.3053231503884257,-1.9482047489330299,-0.4954853353518351,-1.575792433627399,1.0917204799132703,-0.09724760008533516,-1.7189009000772755,0.687364004642176,-0.00854883491121681,-0.2389517020994871,0.6885601676367306,-2.4064609550122293,-0.3769415272971508,2.0495284844451285,-3.30377969185663,-2.5817960196324936,-2.4951185343966893,8.727926546142546,4.5014643851898555,-1.8973710712362706,-1.621901567078216,-2.714398455257915,4.6120934826731155,-1.772860062939961,0.13211677617047854,-1.8964511693153496,-4.270315090943647,1.658951431371303,2.2377006596052245,-23.759467190235824,3.1417381792888817,-0.388296840409503,-2.7392550752895803,8.993699399671272,-23.320406378748913,-0.10150882012393757,-0.00913904929663475,-0.08818666750049171,-0.21439593725492054,0.13695108341362555,-0.1149426900005995,-0.39421907741179696,0.524501109950068,-0.04686127872001312,-0.5006308637640952,1.5094006644765814,0.4115976363909664
-1.227380478337563,-2.277521165332187,-1.9523265078208905,-0.5098153448234616,-1.563417446727436,1.0784701814437248,-0.10378062404076367,-1.69582799284625,0.6722086921857244,-0.005795450211436819,-0.23060921835488307,0.6617763743484044,-2.4234127878433425,-0.3599525846009729,2.05425026314894,-3.3255976609208897,-2.607913095041031,-2.5578324503321777,8.61818098032946,4.4406891224004905,-1.8947131651870823,-1.6435441119135774,-2.643227532964141,4.49105422486951,-1.8057826700844395,0.11174217605658107,-1.9414979739427565,-4.31743435830869,1.63900851427569,2.2297256661073566,-23.751887980489084,3.0926801650836313,-0.4393886458871037,-2.8663379769461854,8.903976633586941,-23.21610821965342,-0.11473081656662232,-0.008078370077082139,-0.09161759260833119,-0.2199785914461755,0.13386615324772136,-0.12192756474220134,-0.404253039725424,0.5394070573919721,-0.04446982670486507,-0.5244519808164672,1.555472948825741,0.4415098384695509
-1.2761195518008206,-2.281045741807927,-2.043315400991099,-0.5407588184282497,-1.5404889380862197,1.0661713734458873,-0.12038099650823034,-1.6723652081081886,0.6219648595617409,-0.038870035011078885,-0.2396802515816933,0.6287757685570714,-2.4850151732641033,-0.2971577159416903,2.0662459996205906,-3.4206695929003863,-2.657313616638015,-2.737958768808109,8.624907742886194,4.489201824628717,-1.9943542188300487,-1.7638302822715661,-2.482310912973737,4.21102866895844,-1.8648904081069497,0.0674716086519192,-2.055649105073618,-4.418630155167368,1.5980456409389043,2.1831707982955937,-23.481982862867103,2.9793279704730757,-0.5889984694678038,-3.2228477008781633,8.613963668237945,-22.508813689912852,-0.12054982312266907,-0.00631237140603102,-0.09726408585668242,-0.234505280299118,0.12641274706752395,-0.12966815639090948,-0.444545005208699,0.5440314509623214,-0.042673909571097846,-0.5780438175885095,1.557980959128173,0.4710482437986784
-1.2983498167872654,-2.2719607115399665,-2.079509532939508,-0.5438977733150067,-1.5216881751193294,1.0446601181238422,-0.1283985462534462,-1.6543845521656766,0.609457178294048,-0.054895956599122823,-0.24167426582014234,0.6085410016107488,-2.504799739810468,-0.2813778325974241,2.0512190299164414,-3.4536192489556385,-2.66493129298154,-2.7919601647541983,8.501370771045787,4.448255562047659,-2.017490625570804,-1.8073911167620378,-2.4162578237571943,4.087083547337712,-1.8800185718092706,0.05484393150270289,-2.1061707827460485,-4.431281514904795,1.5716994137433995,2.1343946378777146,-23.05314610098578,2.9159682595842487,-0.6367432526012444,-3.391250589456579,8.418966406621506,-21.905171236588227,-0.12199453776269745,-0.0062042848559474215,-0.09810720100942602,-0.24637431711904748,0.1311195999289242,-0.12281664261871907,-0.44569726098379836,0.5413261029366462,-0.04612251462430755,-0.5838399039731068,1.5342458712738734,0.466311796373257
-1.2835054289388388,-2.2695532668808833,-2.0524235589943167,-0.5412499072804211,-1.5082857749176817,1.0307761826528328,-0.13170709843302172,-1.6308838438301674,0.5951024193812912,-0.07524699496052889,-0.253931271904098,0.5954754036237834,-2.487373729170142,-0.30555377526815775,2.0403239453541415,-3.466100554176158,-2.6794965618779747,-2.8429153564372505,8.302447484387542,4.352379665106507,-2.012799257584015,-1.8412036075613971,-2.320018243973532,3.9108990580736167,-1.8949201002312526,0.05876485620458705,-2.0489013139434333,-4.389194612124972,1.530444557808187,2.038192060834222,-22.24116135628671,2.822518791520819,-0.6746854938859969,-3.615873748534363,8.081404056033806,-20.772994922500693,-0.11850365711951767,-0.011870450775509115,-0.09469891239668458,-0.24072528006986726,0.11944685747418364,-0.11772532448378835,-0.4611214053489514,0.5255539926957262,-0.04239552530573697,-0.5920737478347989,1.4927028927769062,0.46533211820688686
-1.2524524031218476,-2.2433453419350666,-1.9790143834439209,-0.5249995680726226,-1.5069208667390193,1.0191703438917703,-0.13411026998689782,-1.6196343666179025,0.5911397229656006,-0.06672023207078324,-0.25730901102483644,0.5930165125511649,-2.461475747564409,-0.3395150899671013,2.010641495174232,-3.42730132159733,-2.6589686358787126,-2.7877734633232714,8.26320001676788,4.322015991673107,-1.9911522102165202,-1.81160778386656,-2.3299451366969977,3.913579300067102,-1.8704715908587173,0.07693099179462448,-1.9974298245512603,-4.332963447621229,1.517932485909073,1.9984344693170224,-21.937188571606168,2.7962438450031355,-0.6608193866719567,-3.6361154572850762,8.012765579863396,-20.530116974151362,-0.11502467266780735,-0.016227359971474384,-0.09453443257639378,-0.24075659918769252,0.12090492484419331,-0.1181975292589717,-0.4554521366590446,0.5183321667596481,-0.057704396093150645,-0.5906177850720565,1.4864494465594251,0.46372890157111596
-1.2227397304140337,-2.118945831479808,-1.8606006968559043,-0.5446401129790852,-1.4606115265255368,0.9867989604492945,-0.13824890998640404,-1.6081169681890397,0.565464701517755,-0.07725016121777019,-0.2866332821439208,0.5808093100910492,-2.4311339298837966,-0.40094849691330053,1.8487235540911862,-3.3710331351476444,-2.5885320039380204,-2.7077314039669487,8.13077517866901,4.250196738728145,-1.987299454170249,-1.7229223986391722,-2.4513753872134787,4.030907276342293,-1.8240968305631364,0.11174846264548917,-1.9180002937562486,-4.208318494091153,1.488369729470851,1.9050254363653965,-21.453077559615615,2.748252478524161,-0.6270740706718069,-3.687911464413162,7.894998871137394,-20.230445880536365,-0.11293259529217797,-0.012255323234823942,-0.08811951700493256,-0.23409660213026992,0.11805797291022516,-0.11336647905320837,-0.44482548955614387,0.5096900820175267,-0.04310976198178333,-0.5860192660367867,1.482145835059639,0.47249114653121455
-1.3217298525507934,-2.1061064383446095,-2.0103915491669735,-0.6239036388605639,-1.4136254632128393,0.9887093232301957,-0.15743615416536497,-1.625948688224482,0.5015899521069564,-0.1778130195631322,-0.36287521644499354,0.6019802604002192,-2.5072391322892362,-0.3276761518148984,1.8174535848610922,-3.501670728593616,-2.5913655134300346,-2.8859663513489964,8.347509130271082,4.45507910714511,-2.1750843314006003,-1.7179148144282161,-2.6739967561449802,4.1933159225231424,-1.8182461261563616,0.10086768355889379,-2.0598205051949763,-4.203665361333353,1.4659198905971154,1.8198602529806798,-20.62029877839898,2.667037046640799,-0.6866952271868769,-4.000744612345541,7.5588332964899605,-19.366856053000408,-0.10994037798986878,-0.01251342143587079,-0.08848920514271284,-0.23375632074449973,0.10058492586174518,-0.10765218387414237,-0.44615861737179374,0.4757475494208236,-0.047721314333021944,-0.5823056066802778,1.3642259226276585,0.4128465380128907
-1.4499444821305523,-2.197256682107727,-2.2657384161415015,-0.6741361050449451,-1.423217837986097,1.0347979449807336,-0.16492887086906408,-1.6593372997381328,0.4978307466675284,-0.2647973658649119,-0.441973484872993,0.6636005238380444,-2.587484189621383,-0.2394878285763647,1.8224179843018244,-3.578542101782557,-2.5381901573942325,-2.928129377585138,8.06326098039225,4.412828688000914,-2.1893038203042026,-1.8480347342619987,-2.5176167905357496,3.9489810716579714,-1.796858687502473,0.10708098073427166,-2.087804644852657,-4.121226418202322,1.4531429398856042,1.7248350783517683,-19.213310579448798,2.611573965000942,-0.6817868160931962,-4.114770486049833,7.084805798157919,-17.424680380459538,-0.10479437634174711,-0.01839754333143966,-0.08924949583104735,-0.22779347770895397,0.09326451137248468,-0.10592082369247084,-0.41533738274825943,0.42459596706236535,-0.031306702518864506,-0.5433696626289806,1.1740472292396507,0.33397771191171693
-1.4796105516647193,-2.261345671388897,-2.3545927267973545,-0.6548659120895878,-1.4672556992389196,1.0959562034645547,-0.15317390460132885,-1.697519922492402,0.5718474278196055,-0.2628453085045197,-0.4544678449999613,0.7359839317513656,-2.5617111625047415,-0.27340193922460054,1.7335642304943262,-3.497836546241985,-2.3879985685341527,-2.675217670021384,7.556658530838392,4.209695006102261,-2.0346084143178325,-1.9444813283634579,-2.2861093643064097,3.73073142774901,-1.7591629880265918,0.16029045207581774,-1.8906441584629676,-3.9328402200089605,1.4502720871779595,1.6119117332891524,-18.32218514424238,2.6343295687932637,-0.5811901166411256,-3.9217280142690054,6.987036253970543,-16.56598009381209,-0.09579931834513417,-0.02318703737891,-0.08327188592206787,-0.21396826394400975,0.0846490005770247,-0.09810337804277919,-0.3877563760116997,0.39793776854702884,-0.03888637229111999,-0.5140615372082042,1.115980209359229,0.2961328565709098
-1.4552224596803542,-2.2336318261357997,-2.2915255662945775,-0.6735248784961515,-1.4721867843345504,1.1226239369899271,-0.1415049089201162,-1.7213613468131783,0.6084694422180302,-0.2528685841657601,-0.46897119642804974,0.7785120131111053,-2.532573052130996,-0.3154616125838099,1.6173468772918527,-3.4480563103914115,-2.2903116782892847,-2.538677289815212,7.488518598111358,4.19950574303752,-2.00467310069263,-1.9375673980796138,-2.340905043774375,3.8490997294446117,-1.717615678269318,0.19538487382320502,-1.7298738222461925,-3.811896194273887,1.4255309247263939,1.5108674141397387,-18.23012850748672,2.666711194061073,-0.545740438153923,-3.8456211063639003,7.1073143684008295,-16.921003256640297,-0.09091816826977171,-0.019397635369721205,-0.07317009631978813,-0.20495199926433602,0.07452186033020006,-0.09320652415389812,-0.3812560153396456,0.3937526451858559,-0.05172324567011398,-0.5057974597715301,1.1205391492060115,0.30321041740147203
-1.505576831540868,-2.261363901520593,-2.3893765667258475,-0.6832384433160164,-1.4761095847459238,1.1379392154045214,-0.1390662643883089,-1.7485612198711495,0.6095493294113343,-0.2820353647610297,-0.49601806455421116,0.8157497369830876,-2.557520716600557,-0.2930914608465327,1.6010800699261618,-3.462671524948067,-2.263665734456997,-2.534376484669221,7.540280897865857,4.265708697533521,-2.045007918616143,-1.9602534116798565,-2.373311036096315,3.89192861635344,-1.6934673653448804,0.20857115814712138,-1.7083251307240275,-3.7757124000488314,1.4295089485942727,1.490921631419735,-17.958403546111878,2.649741736732048,-0.5487218124387575,-3.8757128135822,7.062880191791588,-16.80377160195805,-0.09367208344372048,-0.017874597332997563,-0.0793432551829114,-0.20150227757233016,0.07454576835749065,-0.09220648052155979,-0.37413777291967865,0.38152738291902377,-0.04108923169472966,-0.5062491239353728,1.0888954108372706,0.28671747612169246
-1.5775140984061191,-2.2808407155762414,-2.517582921214582,-0.7246323333337241,-1.471077993423165,1.1613371693943044,-0.1398219244246261,-1.7783876650511659,0.6055517188947301,-0.3648817466949507,-0.564159830831116,0.8872096177825541,-2.5920837992894197,-0.2617240007870288,1.5691941583286921,-3.50493233219609,-2.2245189700608177,-2.5412409956770015,7.455708545077332,4.279342372609433,-2.069607918032682,-1.987767859139617,-2.4279428679950517,3.9111371898909826,-1.6479490881884362,0.2325480522940522,-1.7503507799926163,-3.693329550021472,1.4409370886711763,1.466607548030008,-17.279102979660138,2.6431502201933816,-0.5018710222619595,-3.8725342254031023,6.879802156658918,-16.026830112499123,-0.08751215654611982,-0.021132595483070487,-0.07845787438361945,-0.19210363200245245,0.0735078223404255,-0.07788448783017658,-0.3543871443743198,0.3521715834736259,-0.039595282154313335,-0.48251075375534075,0.9998813817264994,0.24670928276179988
-1.5026203943763505,-2.093166988711718,-2.2692422532455767,-0.7269219120814417,-1.4056502294224902,1.092521786940995,-0.18129287085560788,-1.675386061768066,0.5509302974749513,-0.34930998276339803,-0.49878777961471277,0.8093872955435594,-2.5390914406701643,-0.31369055225037135,1.4448580186761475,-3.4217374138679304,-2.1568049747629314,-2.4268046338087843,7.289363685849625,4.185848510248919,-2.0625531455332675,-1.9796523064215263,-2.391993182861414,3.8794590235454436,-1.5947606244722718,0.2578363131294452,-1.7606145345713216,-3.635847892866822,1.481361782657577,1.5417161200988,-17.37361367456922,2.648391905654452,-0.4396944499007996,-3.7167145416085963,7.033778828502496,-16.437969208604358,-0.09082086489649455,-0.016766618120545782,-0.07994340214672324,-0.18665277470204564,0.08630574264042766,-0.0887652689873456,-0.34455077071053125,0.3713916805525611,-0.0400328175060383,-0.4541744294568208,1.0861403712347297,0.27005660534220827
-1.4447482110781238,-2.00138655506724,-2.1113019966773194,-0.7048490834507752,-1.3775000691682047,1.066690757399659,-0.18014122340305658,-1.6737929541913092,0.562996049933641,-0.32497305985159736,-0.47970823860797585,0.8048204511940162,-2.4893383228559514,-0.35038516699159117,1.3583147711565124,-3.351944334220027,-2.094970454951487,-2.319461107413418,7.202533972626364,4.130387557640837,-2.034776347383346,-1.9691481960316102,-2.3910788653243378,3.9180678520159677,-1.5580674728417918,0.28142738676749235,-1.6775039567991685,-3.5724768649898992,1.4938865050702013,1.5558916345376335,-17.897195912448648,2.6979280252799893,-0.3737195314215957,-3.614760371212888,7.168674779886022,-16.8296799016584,-0.08192100416990782,-0.0091713444798884,-0.06829447358315964,-0.18749351747049872,0.09530489393900816,-0.0810537290715471,-0.34916120514307414,0.4046260730103936,-0.029220607734545666,-0.4632822457467122,1.1406181906649644,0.2932855328118821
-1.4700826600729568,-2.1345771729062415,-2.230506999756608,-0.7349099974467077,-1.4247833595179058,1.1377896665146578,-0.1619410319293094,-1.7481067030785993,0.6005406726825618,-0.3561941886537665,-0.5008136263748962,0.8832460053258375,-2.489731398765167,-0.3564771061588735,1.3200749701803847,-3.44764510746368,-2.0874550842608133,-2.3987713491628018,7.479898934857403,4.392869757615776,-2.191290327548301,-2.119250221820587,-2.3902469387596788,3.918006383701767,-1.5893707614527317,0.2666364627306304,-1.570932673533485,-3.6537416152656697,1.4158688340354184,1.3797473604130526,-17.943901562830195,2.6809636453362033,-0.5426840730525817,-3.8355879248177036,7.248175276271497,-17.494381240769176,-0.08502220529639755,-0.019911917327937057,-0.07279651842835229,-0.19659437144058875,0.07172060002427758,-0.08866395733647213,-0.37451262485077125,0.3862260672577268,-0.04158095140798746,-0.5006660928116918,1.1229470377156447,0.3011955795168022
-1.5273467620200025,-2.231285450930237,-2.39733837501979,-0.754065002116443,-1.453343465138675,1.1743741366576568,-0.15365736096207228,-1.7899937540561042,0.6097137492425627,-0.3905364481318182,-0.5239699028584734,0.9414054078037437,-2.5780435136465916,-0.30652534186051217,1.365396154581757,-3.5597895663554326,-2.1352436329788667,-2.550110893402734,7.646557109498046,4.560760138480009,-2.301088830879417,-2.2339253898541496,-2.393617918415585,3.892295614471272,-1.6418792320134301,0.24218189679547464,-1.5763575929908553,-3.6982793139875145,1.382693230486314,1.303775780536226,-17.860164085501964,2.651510159495429,-0.6560496494760186,-4.025266970233656,7.230782035291723,-17.69340397787749,-0.08551114942593911,-0.028089269843036658,-0.07519078540670274,-0.19778008208264325,0.07019605789803306,-0.0907261358161,-0.3817898077403838,0.37175625784287847,-0.046792630903368056,-0.51806722590156,1.0831440362077942,0.28563717017043294
-1.5532403272837545,-2.297852012823246,-2.48727750831683,-0.7905529942566425,-1.4686010548747401,1.204875699821783,-0.15376049627588323,-1.825744249388061,0.604798296650241,-0.4447387549501629,-0.5253923242251156,0.9825607403764637,-2.624660504905065,-0.27992269466829556,1.3611481453956942,-3.7092738513030614,-2.1934268582278205,-2.766429688585422,7.889246312834597,4.799168907499294,-2.4960184438487394,-2.481566076932304,-2.22400905711378,3.629408424133792,-1.642373144005404,0.2417261460233403,-1.5703454425571441,-3.7483661213551853,1.3698576034367274,1.2677774217942201,-17.915185344021378,2.632333547172718,-0.7648427768151224,-4.246079822706112,7.2178271429988525,-17.92130869211036,-0.08416373571169294,-0.025520490205396817,-0.07796107681225986,-0.2071250514876589,0.0658820926410174,-0.08867757167927298,-0.39493431010841107,0.36405515682202655,-0.05460196719253614,-0.538565150186544,1.0598951835983659,0.2776774791415114
-1.5587878519912408,-2.3129382083908014,-2.5092510321479287,-0.7853374842599364,-1.4703378378670273,1.2010678554504615,-0.16067697651256113,-1.8172155025946957,0.6066923508006633,-0.4493682622084866,-0.5118604707727027,0.9755517561263268,-2.6281497094476394,-0.27740057930732986,1.3588062589523806,-3.7366944064597796,-2.1901113003042894,-2.801220401942041,7.9364377629408125,4.861822805973237,-2.546885780880208,-2.551280459430242,-2.199408655050744,3.5740820775381676,-1.6252912782984148,0.2500165874683748,-1.551471041324454,-3.727702119482114,1.3722713933218096,1.2546424098342739,-18.019050682247606,2.635746707334437,-0.8009636093561704,-4.320984525274535,7.239577778713192,-18.143946804208294,-0.08501780283218825,-0.03091033487291965,-0.07882241499042494,-0.20657939880504914,0.06436833707218285,-0.09024546245345051,-0.39110926749572683,0.35956771451441516,-0.040381283406710475,-0.5385569707815228,1.0641364829670628,0.28166215148124074
-1.6807990540091058,-2.585104366007007,-2.9053531578404512,-0.8107637682148437,-1.5587050812492242,1.3596572305363321,-0.11958778562518367,-1.9217835554570981,0.7363059309356976,-0.48633671866882705,-0.5248342769323013,1.1657575783785548,-2.6602566718243232,-0.25407000584538403,1.352132014070135,-3.7713094946141976,-2.1090823230773736,-2.7106277054645442,7.57013059975981,4.80841827669192,-2.468776207804126,-2.89092042740719,-1.7805549971763341,3.10495796698845,-1.5303004673593625,0.2813860495273377,-1.329896081889041,-3.545165982609903,1.3774797342604639,1.1422731847990333,-17.332119979444172,2.681484884472511,-0.7938351889939534,-4.199818493301532,7.212279912364471,-17.69079048116012,-0.07459528071691904,-0.03724880085291366,-0.0722748215866494,-0.1938601641060622,0.04391931287938394,-0.08937898748063393,-0.3724489584614108,0.33148391980962666,-0.05490573921360996,-0.5279450105402415,0.995420385396836,0.2525248986664875
-1.750368603183309,-2.720832209087976,-3.1355090106187817,-0.8094513778754877,-1.59196147590252,1.413782016146441,-0.09676538407388384,-1.9761737160014317,0.7796033430351624,-0.5257751052042072,-0.5451452146674937,1.2529139631511996,-2.6855221281915997,-0.22998580565000595,1.384596505101711,-3.830950453075302,-2.107199260849355,-2.738773383116829,7.556520385573493,4.86546324021372,-2.482975298351788,-3.00391118977145,-1.719596229475719,3.0287399831515187,-1.4990130016376342,0.2923878490888171,-1.2927254279696578,-3.5061085141787194,1.3890604348840536,1.1290028873639053,-17.15171112055624,2.6957493100604615,-0.7957810585929168,-4.170308625733069,7.231502299706606,-17.656490157260645,-0.07227655826398265,-0.030639677308765698,-0.0730061750657755,-0.18325828957313342,0.03820009126510396,-0.08615726517517208,-0.36469127580762944,0.31738927920047394,-0.05905305445924749,-0.519868595758667,0.9678574030065745,0.23734582710621877
-1.8022551576274122,-2.7675323304445896,-3.2683619358810354,-0.8467121279500229,-1.6104003469590948,1.4599931137128643,-0.07851487189373466,-2.036776073942397,0.802529231456921,-0.5739475099738595,-0.5652752210928325,1.342846886108897,-2.7090372983234134,-0.21368686124090988,1.3724016977730957,-3.8889053284510324,-2.106580440242379,-2.784399937325714,7.594728146206779,4.9508713508588835,-2.5322268240206025,-3.129685081355274,-1.6587120145005938,2.9430021068875942,-1.4660186091977232,0.30797694831328565,-1.277504745657846,-3.4828729178455164,1.4152970961947469,1.1455303458564265,-17.072945890377714,2.7212772808350936,-0.7936903519248446,-4.1670540276762305,7.2745788880156566,-17.78741412021675,-0.07210573186330725,-0.03203438146241849,-0.0737372208779838,-0.1829993310368889,0.03672434594308196,-0.08666945589983048,-0.36028071900332465,0.3125753992833735,-0.060248098607011774,-0.5149043727352115,0.9423726894477311,0.21715502677927304
-1.914267918200359,-2.8158686674856304,-3.5347037964459354,-0.9348338058484554,-1.611320257512963,1.5172865174105354,-0.06378765808337461,-2.1057142076179036,0.7956450704050358,-0.7096146858874178,-0.6468875151844606,1.5119717793324885,-2.752026669207122,-0.19315322583991631,1.3059668309043366,-3.995414413364789,-2.0935618697943057,-2.877929444999119,7.826988448943704,5.196313402251045,-2.7123179856443933,-3.2384297561290967,-1.8259169986146395,3.074233920538247,-1.4199688490476863,0.3273091743247323,-1.2440432120080265,-3.389544522072859,1.4211879789060786,1.0962765016344898,-16.80672248846336,2.7442561134203416,-0.7865346634944358,-4.179956235261157,7.280078029999318,-17.812342050096365,-0.06680677361178045,-0.04078347221215054,-0.07634221728806515,-0.1719715062930555,0.0324007874148913,-0.08592670175809483,-0.3380085172207875,0.29280179091442443,-0.06024252458409273,-0.4953809397638757,0.884093736683401,0.18859082303533017
-2.022846444208249,-2.8868425179954462,-3.7999297481091245,-0.9956594771696682,-1.6162945190982285,1.5512119173013874,-0.047579741467440616,-2.1685058077290513,0.7690002643763073,-0.8504520137136252,-0.7327389604692293,1.6582835324142258,-2.8079535532943845,-0.15437378701961899,1.3014134195995561,-4.1274941204009234,-2.138929329819453,-3.0603422750581917,8.219358966301751,5.502517686980053,-2.933220595501075,-3.2629835740697066,-2.0879653232604602,3.3001234084811646,-1.4034087411070322,0.3371665977469514,-1.2413086312583754,-3.359038083926296,1.4195810154820108,1.0617238663383401,-16.554319850135048,2.729500181928892,-0.8132069553145254,-4.272096473699425,7.243698927283143,-17.816396638393204,-0.06507403075328293,-0.04369507862833327,-0.07682479372076621,-0.16918926230380354,0.029631803499472486,-0.0817290918607091,-0.3316096415260416,0.27134747599289827,-0.06491100812325991,-0.49972398650117056,0.8283258581184185,0.1778768980488969
-2.1130951954773822,-2.9324148712035147,-4.0177390524034315,-1.0794954131452312,-1.6356426311058085,1.616429165392489,0.001798053354676957,-2.2947780001007803,0.7625401017432142,-1.0653010608025695,-0.8552251302213362,1.9162312290238188,-2.841957624271029,-0.12619466359424944,1.2871620765653196,-4.248598319038676,-2.144544136032218,-3.1636418970247435,8.762156033711966,5.9174340590974674,-3.196503612108874,-3.327134530100827,-2.362081967728205,3.5432250724833043,-1.3618450194921858,0.3688643605266296,-1.2595122299539998,-3.2803594103484968,1.4848753941045694,1.099356306694821,-16.587936668363824,2.8001731494274975,-0.7741796059840663,-4.198058576834913,7.3086839372320345,-17.906402949468017,-0.06255449056523735,-0.04250386360738982,-0.07214692288799007,-0.15891773237336004,0.023735328230329825,-0.08500289490487696,-0.323391444257912,0.2554235015850324,-0.061858192175011505,-0.4731259205662599,0.7609414117680512,0.1398068650887738
-2.0367154214278362,-2.784497804359308,-3.7458044162369895,-1.08726863147859,-1.613107165735155,1.5873975622320542,0.013523794015959748,-2.3202667525826692,0.743275355850084,-1.1368239135571767,-0.9260128609466587,2.0399109021370285,-2.7656853768602456,-0.18519030708253342,1.1984313764438812,-4.166064756919881,-2.0750743496006034,-3.0236443297039792,9.183831932193431,6.148476138789412,-3.3189900752219597,-3.1192559703838767,-2.846644578706414,4.15550763143037,-1.307434506052406,0.3891236218065321,-1.1850558646371536,-3.1686476562466206,1.5061993421960236,1.1105342811069503,-16.714497071777874,2.852426901668649,-0.7049351058150533,-4.085691227817383,7.477934706630512,-18.41792552413015,-0.05456509022966709,-0.0404041637340764,-0.06306304666925903,-0.14729901223227332,0.025342256654512518,-0.0816446549786978,-0.3085787412906603,0.2533055398772937,-0.0630560620888425,-0.4509944276536201,0.7587635155090124,0.1289600465837653
-1.8426291300133408,-2.3019531704534604,-2.9960988916308784,-1.1134187474476451,-1.5035959983622642,1.4366682625002087,0.03571575898845854,-2.3888814457798673,0.6155225486110489,-1.3470911825533332,-1.1614433794172296,2.3781804767540913,-2.5771463981335785,-0.2799521727500775,0.9723847891877591,-3.8973077815176875,-1.9036013775643434,-2.65437908576604,10.708019822930957,6.951613188189794,-3.771609029091485,-2.1275532070921543,-4.84092618413118,6.764479219676176,-1.1623361465785347,0.4624982163020925,-1.058243124215918,-2.8910460512932925,1.5295159504785298,1.1038605581127847,-17.28193785493352,2.99530800025339,-0.5327092894636792,-3.827532805579742,8.04666258190617,-20.63066181526919,-0.045889699145442525,-0.04122425516337799,-0.06163067166209214,-0.12166608630715899,0.02560151642178153,-0.0764020944199868,-0.2853654098932224,0.2529203606739133,-0.07256897714467726,-0.41844244079508885,0.7759277027592346,0.11838279528724031
-1.7975978233662642,-2.102710155738337,-2.7422917915769243,-1.156463309365248,-1.4336742080803722,1.3598356914712717,0.02959998302329481,-2.4072477161554664,0.525168023607208,-1.4780832202074248,-1.2981917146322492,2.577638970423688,-2.535720520508698,-0.27916063036839345,0.8963486162083711,-3.8177835602902,-1.838405078170555,-2.5434865600082084,11.572781173495581,7.42531451431606,-4.06922258819464,-1.495121015138329,-6.057297443003486,8.36967308465405,-1.0977937567530325,0.5186735765726135,-1.03818211156352,-2.7898184400229744,1.5596655274604125,1.1358745938431467,-17.582549212750294,3.0633344700567684,-0.4459209166656522,-3.6776051250376383,8.314071684048946,-21.737845839687587,-0.04073495609326599,-0.036127242296446475,-0.05643511793304306,-0.1157428907018053,0.03153710729305119,-0.07244879404626385,-0.26975767796462086,0.2511520937422204,-0.07908114596541163,-0.39464643736663846,0.7767968313161656,0.10819513010125494
-1.8286161146907134,-1.8223477700801622,-2.5037112581200716,-1.3575055206101587,-1.303565981679709,1.3191308833552362,0.05789851633644574,-2.56239533700078,0.3450888102485331,-1.9223629577498456,-1.6506761665637262,3.4054793348138452,-2.4969177234358977,-0.22852589343942412,0.7687076510353845,-3.751238706547927,-1.6446421920921854,-2.3167723061562895,13.476160548136814,8.59666492745785,-4.817607126309641,-0.08111083165516872,-8.914612499516988,12.181375586658698,-0.9927008878102438,0.6406957085672409,-1.0455422369060485,-2.6015567022784456,1.6556469734378618,1.2019366574433232,-18.092478192266327,3.218724352537483,-0.29021329669239637,-3.314094653979035,8.763006807923633,-23.46802577493848,-0.04155103612031034,-0.04163639604418249,-0.06091661360003617,-0.09598674618944494,0.03424535081317054,-0.07947976953531335,-0.23118112311321193,0.24653828087077864,-0.08178407032559266,-0.3456176566600802,0.71970218611635,0.06224474303176944
-1.9050352889158388,-1.8952405515120303,-2.6696485755186647,-1.421461857092928,-1.3230519262620897,1.3744738396699343,0.1020117919842105,-2.6442636546115224,0.3528559599639891,-2.021185686967995,-1.716799260104341,3.6525277239104676,-2.5432014495088513,-0.20232777285606404,0.8112144462734825,-3.7693679968263814,-1.607003500839993,-2.253416891446107,13.549991296603663,8.678354341191907,-4.840587837288129,0.03619647627799229,-9.167713770743275,12.550887089592035,-0.9871826813420997,0.6651047431002818,-1.0843880914232353,-2.596039916667517,1.7189669435528208,1.2671271426958828,-17.942406797661402,3.2745587818206228,-0.21536081251763664,-3.0760782825795983,8.759505670741053,-22.88316981309384,-0.03734003545312954,-0.040646071336132635,-0.05958660437957709,-0.08984879412191751,0.0372713698139322,-0.07548891655635055,-0.2229367076378642,0.2375729635091907,-0.08622609914399988,-0.33082034900866847,0.6895242687739046,0.05452029571097325
-1.9993620017029103,-1.9755730623489005,-2.8799278420261576,-1.4849787516010835,-1.3449535784209277,1.4405980959101738,0.15343805740911914,-2.731410151440809,0.3638643197034531,-2.0831270239568784,-1.768446537699408,3.85866106022899,-2.595805487060849,-0.17764207857310915,0.8224015460857953,-3.7934810475975915,-1.575540041069234,-2.194578536715693,13.497302943582666,8.68433270315632,-4.807984631604653,0.013708029767905153,-9.1333530621363,12.536073923328093,-0.9813713634466615,0.6845669334748787,-1.1082058814459306,-2.584859530452657,1.7763455796663215,1.3131442253432226,-17.774565714225336,3.324507911000321,-0.1468068899755051,-2.8784714436545653,8.703671840385221,-22.07697367690003,-0.03989065269655881,-0.04320452469630427,-0.0626925023037549,-0.08412724033412697,0.030060631058421706,-0.07590424182267612,-0.21399399687277176,0.23035750148669268,-0.07345937574286376,-0.3174579273524031,0.6659344619629918,0.04407335685755893
-2.353966494832428,-2.0721368836014573,-3.4624218425695705,-1.8712845389947184,-1.3348784378220235,1.624093028909842,0.39735006473880785,-3.182535165514655,0.18925224333226867,-2.7866363216635457,-2.210927842030277,5.657807730725922,-2.7630674760349097,-0.10094077157965707,0.7350849574818624,-3.9930372816141535,-1.4288694888890479,-2.1501765086927755,14.580807901773913,9.610598514464604,-5.433421737217156,0.8619108815852222,-11.248361172044815,15.281820385407048,-0.9656762119323101,0.7324841234832004,-1.19928485901263,-2.563785906197263,1.8271583569658525,1.3073329904976208,-16.525784315434,3.3407919939030646,-0.0899496134991795,-2.689864018163919,8.40349896440333,-19.957364560714332,-0.03980034873561767,-0.04730665034179293,-0.05937357959364109,-0.08329539347164415,0.021337504461206466,-0.07831355152321008,-0.18059875075597187,0.17210627777570536,-0.07575285481295284,-0.3081338485628612,0.5004299568474327,0.0024176240639399824
-2.8159489204216297,-2.3014336247448397,-4.369592274742879,-2.294451164188289,-1.3196209235921097,1.8305250634869614,0.7387816755195264,-3.7039242832598704,-0.05870159312302377,-3.6795684345680058,-2.651969132241973,8.022090811368557,-2.996834173749576,-0.03744193407108082,0.6713179320593455,-4.2425928876668895,-1.301570713228535,-2.121610411240174,15.145348192097149,10.269606918635503,-5.971512788745963,1.4290772919750792,-12.945960631230003,17.328433855012115,-0.9737832452261366,0.7718658332450636,-1.3717267095931747,-2.6050399306925156,1.890974492739319,1.32635939231796,-15.024794066754364,3.2688558591472026,-0.1149040708995178,-2.7127640107924034,7.650328673443172,-16.463155729183505,-0.045597639626886725,-0.05384777752751242,-0.07568230354170216,-0.07476879830488478,0.015683069118545598,-0.0760962104329282,-0.14577919689053617,0.11517359138375619,-0.07815310013759032,-0.29210323621871137,0.3157098327081469,-0.021423142932128218
-3.0712100232787547,-2.4733188958289443,-4.952176161005337,-2.4744544985480945,-1.3181677837847479,1.9351423492634665,0.9192470250864332,-3.947141397354641,-0.16539397671696637,-4.537480999759068,-2.9902346814055356,10.512824521781763,-3.1018456136929924,-0.017885092281087214,0.6396848589707669,-4.32821225558498,-1.2261187168710845,-2.0543644045821,14.706118993836833,10.171707085744652,-5.9865580326717005,1.2146274708731872,-13.072883833102209,17.25894264922951,-0.9717942363680449,0.7818907996738202,-1.403971742456531,-2.61224083234218,1.910177354048181,1.3155450427012128,-13.958990917024094,3.1838533662324626,-0.10666949381308438,-2.6887252751762776,7.1101418555816664,-14.157219908276616,-0.045960781767982226,-0.04966995069914283,-0.07477852399638153,-0.0755093985149147,0.014107923798794421,-0.08010478846693071,-0.13286179304588513,0.08992145232053551,-0.06543536230164493,-0.27385014090486115,0.23278421833821905,-0.02679420736992997
-3.4745799712412024,-2.7711296357244164,-5.971091652403489,-2.768800179959309,-1.3365964756643418,2.1323952344285986,1.4004201775423972,-4.506121200701448,-0.40923686562371464,-5.316067078617193,-3.3291126740950565,13.092844986239198,-3.256432349406641,0.0011013053345514875,0.5742969288118532,-4.545691744466544,-1.1746875529100889,-2.099548170426615,14.09678157858471,10.124101553358571,-6.098567343863489,1.4850161344003299,-14.000793050699572,18.350894449199394,-0.9942166560084086,0.7690043904557529,-1.4790326454684966,-2.627987024078663,1.8985293938392653,1.2437262298649507,-12.123546556537583,3.0075886564096814,-0.13720155818376292,-2.4957096247693604,5.910877572951286,-9.511657301021417,-0.05094852597027313,-0.05475997256642572,-0.08128547989997127,-0.07286753124090106,-0.004409346307710647,-0.07486864412371595,-0.11189685948197597,0.04269667169130577,-0.0578391693694986,-0.21387943059301204,0.06913862597091916,-0.02171816920672698
-3.5947181903961467,-2.8006282083354535,-6.185690572882349,-2.881550550082652,-1.3346783233410324,2.1762825281520417,1.8686776473793956,-5.012752061874218,-0.7182578599077172,-5.631987122933661,-3.5199532553560235,14.337858552683498,-3.297379403743989,0.003273881244735974,0.5415452795154394,-4.586860921385763,-1.1319911988734461,-2.056842270714164,15.06883443936493,10.918676438137538,-6.660491049038139,2.061682660152973,-15.088538276527807,19.862396208264855,-0.9804056486056758,0.7919995903884822,-1.5024661557973047,-2.604313095580887,1.9155286593098357,1.241626862620413,-11.620852450262213,2.972790493414974,-0.11968441630213317,-2.361231368187932,5.751948483757584,-8.745965149991633,-0.04688181573052762,-0.056453579882675665,-0.07484433242325261,-0.06490119413000182,-0.010213302497263325,-0.07810341062692562,-0.09412678638482815,0.026574628842799757,-0.063472197022719,-0.19223033140675547,0.045697586484570514,-0.017891908456084862
-3.698327020328984,-2.744656297709011,-6.227690727267635,-3.006880606977022,-1.30811147870523,2.182197464503481,2.0886782850898205,-5.27850996905307,-0.9785442572198191,-5.966748887177915,-3.7506839920517354,15.769874954064129,-3.3265449606874697,0.0034415535348486376,0.5189543551716956,-4.619279196852938,-1.0929246309331262,-2.0113302495645047,16.091803458913297,11.644669343182535,-7.171146875765777,3.1262163996867094,-16.976874718595116,22.532240809368403,-0.9430262585219209,0.8546281760805778,-1.5634346819800862,-2.5667070691478098,1.9692540051735519,1.2863299453177266,-11.247596157084645,3.0514927440832205,0.012332965880235093,-2.221048181942384,5.671841343430949,-8.20770821041385,-0.04130662407285009,-0.054272336539704445,-0.07483903883232258,-0.07163247376912597,-0.0028955854042356,-0.07288343338512608,-0.08670162908809934,0.02452634770458969,-0.07219780335763033,-0.18341741417628274,0.03271019965170562,-0.026969997900555102
-3.7592478955465913,-2.2776420571420597,-5.452138820377029,-3.3454842676273593,-1.1277334302206512,1.9891439984765125,2.4423235131854053,-5.713580134351959,-1.455516947127781,-6.589909230016034,-4.2071996554934685,18.586168157530516,-3.4128824346791107,-0.006802393708166418,0.38875297607477677,-4.665450898190649,-0.9067626868653846,-1.7860138039808011,18.756819489369455,13.410805579725785,-8.361411586490412,5.843631931683375,-21.56053978636977,29.158999200967358,-0.8050444921501829,1.0817569985475852,-1.7370264647644564,-2.458055926910842,2.256921202458002,1.558342788165008,-11.352641283962567,3.2186319717198897,0.18659168983187138,-1.9184317666684905,5.5766042474466735,-7.25488374783563,-0.05493353070690136,-0.05444426518565629,-0.08734333383076869,-0.049385973694537726,-0.011728925832065173,-0.08387865390971126,-0.05173048025578157,0.004367858562187489,-0.06330176684548476,-0.16286527282834876,0.0027594909562903536,-0.03502730811380687
-3.6426938017053456,-2.125189549158705,-5.04315602845411,-3.3632996505252577,-1.0618045470618696,1.8778099699710837,2.4930738884373995,-5.823621284981318,-1.6590310121425949,-6.7406747857600156,-4.408228828534217,19.602821715076196,-3.4543231621031576,-0.009701643274038448,0.3613019969613019,-4.704398584464707,-0.8791111928579097,-1.7879717385919986,20.849614109869293,14.751790584138131,-9.261052132394456,7.923429187235924,-24.906024692868904,34.11375665868942,-0.7537418944143938,1.162350242050836,-1.8630670529739737,-2.4241575269606495,2.3870676088302494,1.6891089767327148,-11.747676099917946,3.380552364452595,0.32064368418060485,-1.6735685327578358,5.666629651876899,-6.873619049613746,-0.048785087905673645,-0.057855920260175164,-0.08994135720279044,-0.04871189482006692,-0.003215495621350432,-0.08679302167871565,-0.04897075265055158,0.006321008233660131,-0.07120922770401862,-0.15279218060192856,-0.011108017655770557,-0.03454008275325683
-3.522682877198296,-2.1747514477682235,-5.0339134648089505,-3.3262041731767846,-1.1162348318067823,1.9249405430425806,2.624937191152351,-5.88381914545074,-1.5950702111774537,-6.482605113320898,-4.3839617386108065,19.11892944437094,-3.4391800087871713,-0.00431502826333828,0.3995729293188123,-4.749380838955245,-0.9383743944146063,-1.8853066076784695,22.501112785834724,15.740543014472232,-9.814261735532428,8.650918605937981,-25.9389669936856,35.78337225905481,-0.7606483576124331,1.1471631116141214,-1.9044590315874823,-2.444366896889483,2.4245054557242725,1.750501317823735,-12.277095136442925,3.522528828911573,0.3986988546110259,-1.4501202144089074,6.011493641418721,-7.176923177027233,-0.053950011687127715,-0.0628426094513519,-0.09245375180143482,-0.05545011405923122,-0.0033036382184753036,-0.08810268711534848,-0.04416094946397682,0.003193626015588789,-0.08493067356026889,-0.13922720155809767,-0.0099643209107492,-0.03899662067790034
-3.5108460364290948,-2.1757389750869534,-5.026366230528923,-3.325332691672112,-1.1232895467042703,1.928373736533337,2.5824964745313217,-5.840910545683444,-1.5697602203528982,-6.328696627497771,-4.325269444269479,18.556686516638024,-3.463141883635063,-0.002781637366799261,0.41320865073475344,-4.797788762852027,-0.9804521990615659,-1.9785449643040773,23.135024305277252,16.113299388887274,-10.023058957365214,8.688854619037617,-25.972938178089574,35.857695739174474,-0.7566057300613565,1.1446478594335858,-2.0099131135420922,-2.4843237876070634,2.4686760076109286,1.81383194079665,-12.728393857520539,3.5981240002494292,0.41495965593342254,-1.3862265116462886,6.1876576821549865,-7.476803215588111,-0.05607078604663672,-0.05708835678949787,-0.0886517203826896,-0.053767532051503274,-0.0075827768204245714,-0.08760270380701903,-0.04540844010715468,0.009965247213602535,-0.08400204364678455,-0.1424178042240925,-0.005052232197061849,-0.04277064590377148
-3.483346384052186,-2.11163780580959,-4.882258344867868,-3.3375291131849334,-1.095195861121101,1.8927516831370659,2.4387588730493324,-5.750093950757091,-1.602516365004479,-6.197169094161423,-4.330713566528246,18.128883907624957,-3.513578106957102,-0.004161901200313532,0.4216232571870968,-4.83089591306124,-0.9713482250755788,-1.9784434220351368,23.970326339098204,16.58282933792567,-10.295104467166396,9.081075192949957,-26.499229954176172,36.71051187544739,-0.7011970215360146,1.2024176100152177,-2.1814332692026466,-2.4906690847722017,2.560172637797495,1.9402464154529164,-13.18685469705215,3.6861811018565187,0.4769694261259502,-1.3239556309435943,6.221020171356686,-7.40187029911598,-0.05798784142976145,-0.05275292845048667,-0.08653577211649502,-0.05358969726755268,0.01103984812170732,-0.08894267789949431,-0.05014374634486904,0.00840214530253408,-0.08382388666082982,-0.14059423842304486,-0.003383261567010527,-0.046267599729391824
-3.4380849670470797,-2.0516161517021048,-4.724385251753091,-3.320524797073913,-1.0776646929671314,1.8556848573484457,2.33959797320765,-5.684760173966673,-1.6138308142969227,-6.1441949307058445,-4.3441594093375855,18.016752721936438,-3.4892565268791516,-0.0063108836426639114,0.4150515596037922,-4.784693008394722,-0.9379925699096406,-1.9048741387515427,23.89592011512148,16.513881263319405,-10.247545267338458,9.242396197781948,-26.664047025989507,37.0213786752851,-0.681567720875372,1.2341031163610017,-2.142554793456624,-2.434964841653565,2.5779177969339515,1.9501733031818456,-12.990399191328557,3.684655556304591,0.5089742611353333,-1.3071514283789216,6.094717029403523,-7.003256351499048,-0.059576104242424224,-0.049878087465917056,-0.08820415271670232,-0.05272501948145786,0.00399235307680501,-0.0851156335835819,-0.04937428598834021,0.008746187050663174,-0.08913561750469544,-0.13358755134854555,-0.009177602316900816,-0.052674582021845634
-3.1572699450834176,-1.81297388897281,-4.007753132138628,-3.1540674686265326,-1.0194164011106095,1.7225171517131828,2.1325182906522593,-5.497341700605224,-1.5375643678495823,-6.0429909801740695,-4.348567237243694,17.78440717094123,-3.330242306180549,-0.00536244401347416,0.4043768934875114,-4.563472032366494,-0.8610205450573618,-1.7012468647258157,23.596666160766617,16.279375269666836,-10.088928212727177,9.788837742730399,-27.302727815194267,38.1571598666879,-0.6624182456992356,1.2922969559249757,-1.8788372376212004,-2.2747105337677267,2.516430011757229,1.8466308560229885,-12.471373771339833,3.6423217665406606,0.5846187958594601,-1.201915788516546,6.004526776890024,-6.456516550642226,-0.05085588648347634,-0.05344779078976116,-0.08477797712982414,-0.0464573195602574,0.00413761805328769,-0.08181215575442255,-0.04000009544426826,0.006472514864766966,-0.0912111297909569,-0.12698431990283526,-0.01865016059781224,-0.04993869992244573
-2.934621425986445,-1.67910174676157,-3.562163250457067,-3.0320393376712516,-1.02126538157781,1.6757667715541342,2.167353727140667,-5.484484120100192,-1.4652606015764162,-5.952317816485781,-4.358077128706536,17.729629165188413,-3.204304947481176,-0.0007505090398420358,0.395481325504589,-4.445234093773134,-0.8569822230139628,-1.6639252558999158,24.0104600999594,16.53785441443085,-10.249590902570443,10.583670947339085,-28.452904559656933,39.99514295458184,-0.6866356134262255,1.2601978432159278,-1.7394150929182692,-2.2185607690961286,2.438435070407149,1.7554062077927768,-12.533701173849526,3.6580939872775815,0.6042078177309249,-1.0486190568377356,6.2326183873098175,-6.596166502789189,-0.05789032988368833,-0.05412731037943405,-0.08618528179289504,-0.04630017790847385,-0.005915676642177593,-0.08228320324675509,-0.04008397521788246,0.0024290750849961275,-0.09249486652663837,-0.121286711355844,-0.017787775633321866,-0.06484854222238749
-2.841298475025259,-1.6427325658924083,-3.420811755746431,-2.970767688523785,-1.028904873892963,1.6593708300620105,2.116157281736961,-5.413185897874327,-1.3965250398798226,-5.8154017830741624,-4.305270343814234,17.29079372317199,-3.1615236718468074,-0.00043825943217581584,0.4117678920363249,-4.425363793934868,-0.8867785716466715,-1.6991919435092444,24.344779175789785,16.700030602928937,-10.310743649165143,10.698456222415574,-28.553493992809116,40.22342013037368,-0.694153199180052,1.2412698993136073,-1.7254228364527981,-2.2173614892179643,2.432269101863538,1.7592530289716226,-12.78786019181744,3.7137768605035877,0.6401789042188337,-0.949586205527377,6.446415352322579,-6.89014084059604,-0.050353396512682155,-0.06034884205682062,-0.08394714393364221,-0.045152725603609244,0.0013404145259668292,-0.07992057678417185,-0.041878177101279196,0.0035885341053429488,-0.09009248864442873,-0.12311493696486502,-0.0149563812797001,-0.061783232776320016
-2.7416087297457383,-1.5939041968834813,-3.2470102129101126,-2.8848105419533594,-1.0200190833917182,1.6159508177369342,2.0039695772713575,-5.288173864117858,-1.3099728972409723,-5.617868795677413,-4.2269704855301224,16.581959542176826,-3.1185811613641286,-0.0010232543043819826,0.42593388220563666,-4.369423173922485,-0.897140126967452,-1.6900747564470096,24.44238796240691,16.715484841007694,-10.289644519379834,10.618424056817663,-28.370094973291828,39.999681433492135,-0.699213044210631,1.234049931401595,-1.7226075435975188,-2.215995879644196,2.434283858625494,1.7693092292951413,-13.105285706461451,3.752813200038628,0.649128133819121,-0.8531398246058369,6.688976310514525,-7.288740106521303,-0.0520958751828594,-0.05740556671773069,-0.08256674141175731,-0.045152725603609244,0.0013404145259668292,-0.07992057678417185,-0.04164589434424568,0.006992650037661122,-0.10108225738579141,-0.11647537015811028,-0.006359604058781287,-0.062031882169660345
-2.6492450295310266,-1.5760699652461698,-3.13094655333029,-2.8093840734500035,-1.0323178658406544,1.6056223862548302,1.8701917700293516,-5.140169518878349,-1.2063200922345416,-5.368196595060099,-4.109924088608015,15.622124471579825,-3.079986813999508,-0.0025607251100254885,0.4583211870425282,-4.3214295728476015,-0.915491512375399,-1.681292944339413,24.34849442549094,16.58474285464421,-10.144671478701012,10.329997622244097,-27.791482249298628,39.23493229141555,-0.6940209499919447,1.2362560139792,-1.6756812532242706,-2.1978257655311855,2.4366693119899723,1.7786455637963683,-13.352199603786282,3.7976179072676457,0.6820185059880852,-0.7537056046853364,6.896378350006304,-7.592874417429551,-0.05751550385733612,-0.05693967650154722,-0.08860221406443045,-0.04027091506497105,0.0014267638270345259,-0.07819824959230244,-0.0467324653495659,0.011979898607795204,-0.0955638191997231,-0.1212318830944982,0.0033443279880679784,-0.06850769716259979
-2.4584438564708964,-1.5498909902388025,-2.901476257263709,-2.6140134137420366,-1.0436577869288544,1.556007852361302,1.5571264826552962,-4.778341866763694,-0.9373428458285664,-4.763321788125129,-3.8227383599245615,13.45918013392169,-2.954501420480434,-0.007511665907832175,0.5210971395850362,-4.142205853920099,-0.927688221090604,-1.590269913972762,23.122516117009486,15.660563198431246,-9.456192697398812,9.11440610392487,-25.537110991935887,36.10902770529551,-0.7054634241469222,1.2130228459301213,-1.5627789117612152,-2.1278938534113143,2.3866942565586378,1.7317644483186052,-13.373502094079287,3.8024187967834813,0.7287276968120786,-0.6120577458527087,7.132345773875817,-7.866621401031555,-0.05296322932063422,-0.061488023073581366,-0.08661803552598657,-0.03778601682251023,0.001581757930542199,-0.07400333272061803,-0.04573788734495994,0.016448613609507532,-0.1006494767047106,-0.11713039843053018,0.01952942325823744,-0.08673115215198386
-2.430473900902763,-1.832311103909191,-3.270365221561813,-2.4911169263485116,-1.131743232496595,1.6511461576563797,1.1715665135275561,-4.336091601114679,-0.5994504353132278,-3.988803225793667,-3.241465826658924,10.334085981246416,-2.9808750211140915,-0.020855798440169764,0.6022586673641711,-4.149608683011788,-0.9752833464509035,-1.646283798365961,19.47978039163645,13.382116882943322,-8.08137812453601,5.157476595455009,-19.14538284307759,26.552038244703052,-0.8131682221139949,1.0435979815635772,-1.6420103378397912,-2.295000003903961,2.2686479082979,1.6531084291706006,-13.012635987672134,3.631692381877774,0.5517504369473807,-0.8830309122177972,6.955080041670414,-8.129093352254369,-0.05574773340927944,-0.06656521544825834,-0.07994651567871351,-0.058235502149352726,-0.004618808155751523,-0.08397594403136897,-0.057976749812037424,0.016819078694041683,-0.09065295648464829,-0.13620222542686417,0.034290959250677995,-0.07282163697909158
-2.193114400205419,-1.7764001026485476,-2.91447227033273,-2.254605836474634,-1.1639482717510816,1.596355273798162,0.9402369825204034,-4.0023311221323805,-0.3356844157357396,-3.3719896606985342,-2.862036444735095,8.294667683542597,-2.858721493870036,-0.04201985221795028,0.6689755776161278,-4.035507836667402,-1.0686481414575595,-1.7017626383233981,18.712019159513172,12.744214366498305,-7.5717363200024215,4.08450531335442,-17.043297404307985,23.68721157626477,-0.8262249412853234,1.0154243890111025,-1.5768176756334022,-2.3019436777138305,2.262371075734,1.6800554659333626,-13.741632015804031,3.719175268778798,0.5959630534202306,-0.6812882002761094,7.560298727491218,-9.475706762917024,-0.052802090136317266,-0.06556379430355576,-0.0834512688705475,-0.05144270005437066,-0.003341081355785656,-0.08998765871229862,-0.06977815264429005,0.03444662581576721,-0.08941425609558985,-0.1392752662028821,0.08167492223947166,-0.0821449546862097
-2.1443952317182564,-1.819178159008977,-2.91033680796463,-2.186492276781953,-1.1877083041660517,1.5836351625734273,0.85994490442275,-3.8862685875676926,-0.25981412899531087,-3.099820494406267,-2.6849838082162005,7.4130690741399246,-2.8700177353220226,-0.04960593173658093,0.7092322230594206,-4.0735210440181735,-1.144065553015484,-1.8259151245427885,18.8259537594078,12.744220785155823,-7.520006396967821,3.6260065588595474,-16.18487297614641,22.48838919039678,-0.8736773362821002,0.9467312713408932,-1.6547695804096403,-2.403230094032091,2.26833899097912,1.73306528299832,-14.454122648429369,3.7733708145782554,0.5711703495735637,-0.6261322943120763,7.885003338032162,-10.524862136225437,-0.05984837574630483,-0.0648504135581349,-0.08542547889665639,-0.058180592406999715,-0.003429531837137694,-0.09129938202184897,-0.07761162983984385,0.04663115955713606,-0.08623064552957123,-0.1471215360965718,0.10866823617124247,-0.09471455927166193
-2.1521763788992083,-2.1404465815509304,-3.2929419167652814,-2.1338605417939087,-1.28043514745022,1.6625350672188413,0.6232668682728821,-3.5959668988470677,-0.11219781809229563,-2.5279803734339508,-1.971975253954374,5.060325618901134,-3.0263848217131355,-0.036484529496067085,0.7696401068621694,-4.415966295344433,-1.3790817597419955,-2.414857691536193,17.911085089145814,12.208600043222852,-7.331586601202201,0.004903291975870971,-10.69356993965234,14.142122786716863,-1.1040424429674796,0.6693099706180954,-1.9587994899188195,-2.936615325119364,2.1639025575133988,1.7543529342465682,-16.425140389533727,3.7273154170262743,0.1488930032493047,-1.5480291561202877,8.148620681528795,-14.317307617327609,-0.06780324317105955,-0.06683600679221453,-0.09194959292348308,-0.09501838757762956,-0.006822757424437354,-0.0988958085233504,-0.1281833725612845,0.07270570164029769,-0.1090500194839602,-0.23769773277494427,0.19816084063132378,-0.0514240939636197
-2.245680963073682,-2.4332865680279743,-3.7594562438584838,-2.1610971048521352,-1.3522062201026677,1.7623486542433489,0.5608379763417768,-3.494937439553232,0.026759037985279524,-2.3733620569028195,-1.7771083390089004,4.54056213748983,-3.171758547154224,0.008881749647109825,0.8441270086741456,-4.6608624942526,-1.52400251074787,-2.7895410133172027,16.97928131261335,11.724321183404685,-7.134014291719513,-1.0296063918152845,-9.028712766733333,11.725431913502359,-1.217111786323747,0.5523684770097663,-2.1789209201563686,-3.17538397978034,2.1139711207494454,1.7312023249472654,-16.515253890372062,3.614188732607157,-0.0821936506855946,-1.8434439315361189,8.09245255213253,-14.805618918382939,-0.07203052109855121,-0.066405285634551,-0.09295991125676947,-0.10392495158366567,-0.012620691261422018,-0.09745054621499646,-0.14249275368764136,0.07193515006266635,-0.09971837964370721,-0.2597175820402266,0.2131616323511538,-0.04544190370315338
-2.2249122804769565,-2.745288843359051,-4.067332830871752,-1.98898195385009,-1.5469663548768962,1.888735566567335,0.48120573233567177,-3.312736036063289,0.21249332652383748,-1.9304644591326474,-1.4350624552990079,3.5269041846351032,-3.2898418281861743,0.08645945438676746,0.9920229745939462,-5.109624376031454,-1.9690702068548966,-3.697569656426601,17.311962161675666,11.90528290811611,-7.181351243907085,-1.8452753131420776,-7.4465036093339885,9.670554602456143,-1.3478080380164503,0.4153093054098486,-2.436364802849731,-3.693774378457175,2.1358897885947945,1.897364773059769,-19.62014025956528,3.760467327389432,-0.3968614642868673,-1.7911461391547092,8.965417828732896,-18.178870092635787,-0.07269748778534789,-0.06786415082307991,-0.10407001546647518,-0.11541550040286211,-0.014748312972907051,-0.11446850397555824,-0.20139773297484087,0.12784873722298765,-0.11051141905713147,-0.2831009378299251,0.31712023711567805,-0.03638664807528649
-2.089784992828429,-2.872188145397949,-3.955142535202629,-1.9378157417381676,-1.6146122685779478,1.914732014678945,0.510803571326392,-3.3172271439138385,0.24959674614798022,-1.7709403312950724,-1.3464567849672338,3.233692129959078,-3.3229660095532423,0.17090649012821893,1.190293165642482,-5.3246374937241425,-2.1926266790084328,-4.185323497390356,18.553759574690016,12.628111698726638,-7.5766965655764595,-1.930076807193057,-7.342017686389724,9.534988152145358,-1.4006340571433298,0.35299245880486535,-2.5410539821050917,-3.943889001595615,2.1289372832626285,1.9574545063641633,-21.5498806592388,3.8730197490130798,-0.5669780559368756,-1.811035163890691,9.521986667007674,-20.737434503132388,-0.0780880447711765,-0.0700106444289627,-0.10454249823700146,-0.14654299199649845,0.00389429033696349,-0.11458477530965651,-0.2332752332983124,0.14643294196785783,-0.11763600564083054,-0.301570648811763,0.389108301361078,-0.022731149917072063
-1.943981843567153,-2.88300381655267,-3.709220696317681,-1.7912264775160849,-1.7146400161022621,1.8776992480234194,0.5605602187814887,-3.324851775204771,0.28206501098165715,-1.5698291892772873,-1.259456381141558,2.8802283279227936,-3.3182798672897102,0.21979631290126464,1.312831826443656,-5.672248325057102,-2.621693928287263,-5.109109963081316,22.202086186129847,14.71173177302106,-8.724649038347113,-1.5999815800993504,-8.125417880377643,10.559836708837736,-1.6125891415721914,0.19663061525616565,-2.605937096216031,-4.2968195176621125,2.0936165357434393,1.9845314071223426,-26.233054470695144,4.107142303490321,-0.9831710555287987,-1.9161731319282473,10.890754460338632,-27.71222314972412,-0.08089483189173503,-0.06841181148777593,-0.10793306029205368,-0.15708003104128418,-0.0009932873527320287,-0.12786231381016136,-0.29480598575442185,0.19061140578816432,-0.12939357937363988,-0.36422602227049955,0.5262660563744125,-0.014688676750330292
-1.943981843567153,-2.88300381655267,-3.709220696317681,-1.7912264775160849,-1.7146400161022621,1.8776992480234194,0.5605602187814887,-3.324851775204771,0.28206501098165715,-1.5698291892772873,-1.259456381141558,2.8802283279227936,-3.3182798672897102,0.21979631290126464,1.312831826443656,-5.672248325057102,-2.621693928287263,-5.109109963081316,22.202086186129847,14.71173177302106,-8.724649038347113,-1.5999815800993504,-8.125417880377643,10.559836708837736,-1.6125891415721914,0.19663061525616565,-2.605937096216031,-4.2968195176621125,2.0936165357434393,1.9845314071223426,-26.233054470695144,4.107142303490321,-0.9831710555287987,-1.9161731319282473,10.890754460338632,-27.71222314972412,-0.08089483189173503,-0.06841181148777593,-0.10793306029205368,-0.15708003104128418,-0.0009932873527320287,-0.12786231381016136,-0.29480598575442185,0.19061140578816432,-0.12939357937363988,-0.36422602227049955,0.5262660563744125,-0.014688676750330292
-1.7697115226100246,-2.752485926440231,-3.2887089712530835,-1.6052884593687295,-1.731931685136593,1.7654405989339956,0.4733672799986897,-3.177302502503018,0.33381323105019617,-1.3324669924397863,-1.1253879593876506,2.432193208319127,-3.2225134754240186,0.17096687648531403,1.378709524194408,-5.697573402503056,-2.82087286712625,-5.41645605790118,24.758523975766867,16.058443796317732,-9.357198854042393,-1.175197294366438,-8.747986710998845,11.533182459435888,-1.6589514354795307,0.18139468692005073,-2.495076113094948,-4.50721106667374,2.0832621305134644,2.0889174834129336,-31.602315442991493,4.358846995284845,-1.3333688971959592,-1.8200833092039934,12.347738309016062,-35.82770344793455,-0.08209703667403612,-0.06007396160597799,-0.1022619371598107,-0.1745836757812195,0.013292432756614339,-0.13386080807287673,-0.35026059611057325,0.2669730954869422,-0.13921444775354685,-0.4024009182905376,0.72382588508898,0.011510261882720562
-1.7221426133618372,-2.7566991981718303,-3.201165301022199,-1.5230523363017108,-1.7479101593851865,1.738482156494113,0.4348597311719236,-3.102615157745575,0.40147780900024016,-1.1746713959256003,-1.038286896084255,2.1984445154106202,-3.192415461186352,0.1684202963793,1.4386251263702916,-5.670431864995582,-2.8691858077541372,-5.43683743838731,25.24885523682367,16.269397192382133,-9.400134756872726,-1.2068710628796333,-8.530208889957944,11.341764188890243,-1.6727202348106678,0.17452698463078076,-2.4727558823320774,-4.60436654108471,2.0943873950135727,2.154563004986239,-33.846503557003594,4.446579180671433,-1.4809895355343947,-1.775620422874162,12.798149536462981,-38.64610066220958,-0.08494758157036254,-0.06109902711964024,-0.09987538799081018,-0.18092927584393734,0.021821196285789473,-0.1402669611042136,-0.376910886456598,0.30131889373165477,-0.14461679396711186,-0.41267599858635057,0.8454518841352896,0.03912395571758354
-1.6492407481025602,-2.7701249056095745,-3.07326391201467,-1.372944240695404,-1.7905905576280432,1.6963737819823512,0.3192731583329213,-2.9057976416340026,0.5059535835460558,-0.8405537777704296,-0.8246212112602412,1.7319671223889301,-3.1531125994533458,0.20745464048947526,1.6271488090842068,-5.671861120176278,-3.035896365480204,-5.6224396862849515,25.478388520517637,16.249986050732183,-9.23954886205164,-1.5420895407395232,-7.608076880421437,10.278546477967703,-1.721499341931425,0.12192068720780704,-2.5613771976267867,-4.924259249522523,2.151970605088221,2.427126332116805,-38.61090548880828,4.5998286270912825,-1.7904173995827377,-1.6523304131651555,13.45891706832708,-42.93861563162894,-0.09223599140220957,-0.05508526270166177,-0.10900694846578482,-0.19999381691599963,0.044808601004692965,-0.15239221096020028,-0.44346048193953563,0.410796503389581,-0.14281066963166805,-0.4511175797948381,1.2048878256172688,0.1728463790670151
-1.623356824058349,-2.812942521688004,-3.0705873376317636,-1.3047198298873726,-1.811271153434251,1.617607172059271,0.21793244124568306,-2.746829870993569,0.4871249000490172,-0.6107106022159711,-0.7020117955016646,1.3638557572872527,-3.2197963357564663,0.39753469419761306,1.9007987125649903,-6.051255819344466,-3.49064383861188,-6.619584345381776,26.85908282293633,16.91613062841295,-9.5557119982119,-1.587553197427238,-7.286448825034732,9.906930887384947,-1.8650038432970544,-0.056232440261228214,-2.990878560786473,-5.553010706132992,2.180486499642699,2.758931557898312,-44.16181261177253,4.622736861500894,-2.422148699310136,-2.075775685712483,13.85674076564648,-47.11741622331431,-0.10784424536015047,-0.05099062217812201,-0.11932860663660005,-0.2386856748301218,0.06757236985039217,-0.17637125470254453,-0.531130286084228,0.5316674921652851,-0.13708508473232542,-0.5621143397579152,1.6677420438821728,0.4006224537378798
-1.6156695485249482,-2.825760213014068,-3.077253871087894,-1.2709155215400492,-1.830205460693131,1.5751899561719176,0.17899925318338616,-2.686209192587403,0.45131068894634074,-0.5617768039490839,-0.6746171315277386,1.2310588168565357,-3.2610180334808003,0.5182760049688959,2.042562506901783,-6.323261677016078,-3.7997265687811304,-7.326877523266363,27.96140986091516,17.500075372161447,-9.866775825816529,-1.525136056981663,-7.311478414944288,9.928618699075331,-1.961332546879522,-0.15750831182708872,-3.1862657796985956,-5.917382271672006,2.163891229336489,2.8925528551177084,-46.67604980502067,4.575694464781897,-2.8276089821095285,-2.526700477390283,13.935155652129518,-48.93407518285059,-0.1196199810464685,-0.05403102748218475,-0.13095343834957246,-0.2621497458456178,0.0733412880887272,-0.18174535500777486,-0.5869831689899937,0.5795126992565544,-0.13273383709365158,-0.6251463864770781,1.8826315690756246,0.5272956985172714
-1.5424072277428171,-2.7544134356987393,-2.906538882126628,-1.185323800472243,-1.8171405513746541,1.4617152606142203,0.11154651780753054,-2.5649774079092227,0.4012434236195072,-0.4967119706472041,-0.6403143474794847,1.015052578635962,-3.246615658935668,0.5489743290145035,2.1359929885627618,-6.629147932311179,-4.208632493759602,-8.233192351326373,29.88567219601971,18.474526577485726,-10.353018689999175,-1.121763531314187,-7.778053609083677,10.581884668831092,-2.0560155343490827,-0.23573599546343194,-3.313869729979351,-6.332727179163768,2.121670831825449,2.989724741864171,-50.94639708076947,4.429494467807977,-3.5960456384911184,-3.442770399529214,14.157555371866009,-53.19065008161301,-0.1270591966290444,-0.05194523953591602,-0.1298653647715503,-0.2981502712067217,0.0955826397875656,-0.18461945528112347,-0.6734211122699505,0.6681087035373858,-0.12742364674847956,-0.7417725052336651,2.345739534195883,0.7963679485174371
-1.5343123589029126,-2.715834962692862,-2.867589440392375,-1.166203184422986,-1.8101213450083093,1.4386962980940852,0.09429880344041475,-2.5266543532509473,0.39014928266225474,-0.45866686841642285,-0.6175434621555583,0.9418528491990494,-3.23444143973121,0.5437128451131019,2.154590808982096,-6.663483696422143,-4.294401108609737,-8.383383155923838,30.324964847839276,18.66048366186879,-10.418354352831102,-0.9561688438547188,-7.924883393175876,10.830998161578076,-2.0569938919269823,-0.24419591603537882,-3.326419638578864,-6.435691937611547,2.1211190119753636,3.056461962795227,-52.8157793595677,4.3817271023935245,-3.8798419455902446,-3.6798886325879403,14.30655654708217,-55.12791463553613,-0.12704904656765245,-0.04938419503455848,-0.1373887840696474,-0.3117991608969634,0.09400617607153054,-0.18918319925416086,-0.7063831773499093,0.7249856239935549,-0.12448052026153053,-0.786782044476199,2.6018192810484075,0.9692113070791959
-1.5514747985469244,-2.761990812797932,-2.928938201867164,-1.090300941479252,-1.8491627899402288,1.4388079964052616,0.08225464081515464,-2.4769603210562767,0.4613714312167079,-0.34925008341997715,-0.5799842362713236,0.8558890767737326,-3.223411615377759,0.5812099278768895,2.2414393523441967,-6.6367079013356856,-4.323990400688861,-8.361287158742996,30.145472627331596,18.465207072674616,-10.210260528514732,-1.015988658296667,-7.568714962850818,10.463950606113748,-2.057506339534152,-0.24858532166710484,-3.3393552706209926,-6.593422301812852,2.1464866979488657,3.2029542342859485,-55.617383480878665,4.37917161174644,-4.1999551929926415,-3.5601312742294984,14.508007445278798,-56.798583485223865,-0.1354587765763047,-0.043129379994719046,-0.13024317369188726,-0.32684587103873136,0.11475352929848676,-0.19487121610406666,-0.7490260844277036,0.818182230118149,-0.0993794973237946,-0.8416040392866502,3.0732851415759086,1.2720724885060688
-1.656154701702054,-3.0034029596873277,-3.292957580098556,-1.0614963179463712,-1.9248325603877676,1.5159231281103605,0.08044969337349497,-2.4522546547963033,0.5531242235163499,-0.21925624525870874,-0.49592678518845645,0.7668792632762095,-3.295209641558361,0.8627038499726549,2.5276460525040507,-6.797797657774759,-4.47909288002875,-8.706717003554063,29.329282431275352,17.975921596329677,-9.896619645756653,-1.589406709356203,-6.386237351990294,8.927695500917885,-2.1231328026857206,-0.3386331636446348,-3.588789926176188,-6.907625368765326,2.160180730153973,3.3651986665680558,-56.554939172043184,4.342752032183324,-4.393322963442473,-3.512424435591688,14.291728152033375,-55.01522683416247,-0.14424987936967812,-0.03972569353949633,-0.13623559294469498,-0.35079768384654697,0.134496184008898,-0.1885762112967281,-0.8098661291084787,0.8957276626913737,-0.07763571358011635,-0.9265599661296055,3.362774546678099,1.4939630692377879
-1.7175231474671764,-3.1310853356368535,-3.5072864242330626,-1.0563338452561248,-1.9669137807602337,1.5560933976681663,0.0849547463396201,-2.4517296616491615,0.5902694430519925,-0.18772846385474057,-0.471769538674662,0.7552500338531587,-3.3436757098312735,1.0232122536631463,2.654941914561714,-6.914595533271765,-4.5706735890368115,-8.94317487373594,29.102896220038527,17.849776580008186,-9.814162552223518,-1.7931790351162495,-5.981407436580645,8.39868638617234,-2.1631676509449904,-0.36917875263663175,-3.6426269873799413,-7.040247447296158,2.165421024445034,3.4104081215903834,-56.69528801304245,4.322436954865189,-4.467856639897874,-3.5374560654498453,14.145342101607886,-53.97922025281018,-0.1493070982793708,-0.03397547671672628,-0.13935554704498093,-0.3619772839515071,0.1374743437355443,-0.1919726293066293,-0.8120397379239122,0.9139713508602012,-0.07324523558649555,-0.9522429479626234,3.433914285720755,1.563861745810323
-1.8845175399444551,-3.376257433917387,-4.045633116338615,-1.110100308110773,-2.0479356531187056,1.6748693982092078,0.1322446632468682,-2.5325517207935913,0.6271333300657931,-0.17288275719797522,-0.5113729060967562,0.8007346366120618,-3.4303890876362857,1.2386382604085777,2.763760517230507,-7.112093973464573,-4.665525078286973,-9.297720422230881,29.119165344216785,17.903027039027265,-9.841299950787619,-1.9418666998251735,-5.723245140763159,8.042018184262888,-2.1790073913241117,-0.35286749460687705,-3.6212659992205567,-7.061871291290747,2.153974896057046,3.3128576559397236,-55.425496058244406,4.283441236216754,-4.453674058458283,-3.735079226393698,13.77081560075803,-51.6575004056806,-0.14247570351341735,-0.041253770051413195,-0.13832305450787327,-0.36997934735897253,0.1346344934254524,-0.18883849083544915,-0.831296263638032,0.9001200463019833,-0.0681249766479777,-0.9891533104299506,3.342476306056352,1.5310867121522795
-2.010853504266994,-3.552762995603277,-4.451803535365201,-1.1294642639981658,-2.101829388183214,1.749545377287388,0.1747847557138352,-2.6020636167010016,0.6642021126557516,-0.18124129351779902,-0.5578152070593837,0.8532647059513405,-3.480219399614488,1.3646657071375226,2.8197707582644864,-7.218628467798443,-4.689468234264076,-9.449599817066865,29.007504358604344,17.87189555561981,-9.809279421382877,-1.976241996444424,-5.671878770329615,7.97473832518392,-2.165444337397504,-0.3324141019856193,-3.604980703337397,-7.008743357827746,2.157215685930477,3.2506482184238816,-54.196266531945376,4.285053214995373,-4.329276219323518,-3.7920763920343297,13.51581457787352,-49.974455514152474,-0.14489174842208688,-0.042432866500426304,-0.14333174931988904,-0.36909217929644955,0.12719492141103114,-0.18710230998951374,-0.8202641310356201,0.8656429208303978,-0.07587023484094937,-0.9847202383689913,3.2178299580393754,1.4491788608320888
-2.1605307553815027,-3.672365591943725,-4.887268231669884,-1.1690383867484777,-2.1338513820358256,1.8180702163846814,0.20308774287132736,-2.646536595946539,0.7002949676877988,-0.16808279406076604,-0.6054693772934057,0.8910598612903263,-3.5137372824211073,1.4997977517711518,2.9059678015286248,-7.162738813909806,-4.6060172080345545,-9.233063926093122,27.984350666812343,17.261116854270064,-9.403690282711597,-2.062234465699707,-5.2906471339103085,7.565196195374721,-1.9945786663527993,-0.3734308183152047,-3.9525730604834495,-6.950201764259225,2.294978123311416,3.547275217430331,-53.2930550613823,4.374144265799197,-3.940713128196729,-3.399234570071053,13.110748945774723,-46.69549841868674,-0.14168146333292594,-0.029241823984392554,-0.13399144682113337,-0.3487526001083859,0.1512284213770083,-0.17720994496144224,-0.7660386218215957,0.8547186481171745,-0.07179042714505965,-0.901313623359384,3.1035337853732266,1.3598594013419525
-2.1459895116448293,-3.6750204894861254,-4.851007006606495,-1.1607932483792327,-2.1317718112485533,1.8155941366955821,0.17610493539400976,-2.598910105998757,0.7046313796471805,-0.14739594856451355,-0.5819782385599946,0.8647086048574404,-3.5129946266474406,1.5363667984618357,2.947494232363167,-7.10711795184218,-4.578622533005533,-9.117580985093973,27.44594486249581,16.91940106233064,-9.20852225698284,-2.1117727152926316,-5.064492536935192,7.3127819564383305,-1.9632524975457917,-0.39456608976718666,-4.030752107620483,-6.9589154038005585,2.3302350164163372,3.652564400796977,-53.33580844537524,4.390692947246454,-3.858483454775295,-3.278800883389206,12.98396292126324,-45.818671673242854,-0.14198077674053122,-0.021042046408355598,-0.12418212783078925,-0.34917380277643795,0.15274418521330582,-0.1765287444972294,-0.7634056823926886,0.8725965220990476,-0.055733773750585316,-0.8853113431023065,3.125610741232066,1.370605204184088
-2.201439969491995,-3.7660522545171675,-5.046312806984192,-1.1592640164803412,-2.1442189096077677,1.830578781163919,0.16698640695783512,-2.5812947916672724,0.7139650698940407,-0.11499755637500049,-0.5640936120177809,0.8743946706197486,-3.527059934114503,1.594227933400054,2.9844658258887424,-7.111080601204687,-4.5721107668905425,-9.106761670881516,26.586080116408684,16.404054863640454,-8.923072147934416,-2.392439306208189,-4.401173477917454,6.472406447370096,-1.9839920903441965,-0.41830236041668206,-4.080443259672352,-6.9776868795014675,2.3435444458669172,3.698574666875171,-52.678467735945596,4.366782248029491,-3.780310700065672,-3.333740114213328,12.450659696669748,-42.582502363051205,-0.14043770885307005,-0.029296431388018056,-0.12992836507508787,-0.35397962154022017,0.15875719766219767,-0.17674689192054047,-0.7611531131491204,0.871515149920166,-0.06584268143025704,-0.8777904615268587,3.116184636222911,1.370431168717512
-2.3831036546942497,-4.082920446673759,-5.725106646108492,-1.1992610357729154,-2.226366489020595,1.9804084281689864,0.24545840914806583,-2.699120401375981,0.8228359208138989,-0.13253096656884536,-0.6307480778032828,0.9775224847071067,-3.5756281260375173,1.6970461423711685,3.0048307500304734,-7.148588065099053,-4.506785156029884,-9.056789560489342,25.92833526012478,16.100047203926806,-8.757824596582088,-2.5869349745581687,-4.067650928824136,6.036036023238978,-2.043264173730202,-0.32753875342902633,-3.793711190135672,-6.780297144840298,2.2905922856290113,3.3959425196082877,-49.113908773387955,4.307534127979772,-3.526023341008946,-3.4251321313786134,11.975071319758849,-39.504095725517416,-0.14103805991415927,-0.03460125250524871,-0.13053050619670775,-0.3465975887004825,0.13652767819586265,-0.1688326456572795,-0.7362129696538353,0.8024273102557826,-0.05746725828408646,-0.8778071485347191,2.7392136647522087,1.1442749337220488
-2.35562889904577,-4.032048583108914,-5.617514177716991,-1.1586525256281224,-2.2144098083680817,1.9435636201075739,0.18301704893400766,-2.5942307243481504,0.8142624578566715,-0.06244703124746394,-0.5305004369420381,0.8914596476712818,-3.565002100685473,1.6834899507331904,3.006610365776097,-6.998330539533229,-4.402848084172546,-8.712789501227515,24.307728386143058,15.124557080720406,-8.195054850030385,-2.728443412763474,-3.564632289653617,5.486894884357128,-1.9194156749988494,-0.36327605980543043,-4.058859317866407,-6.793976923799256,2.3793398954267446,3.653547895963205,-49.176258991406115,4.372084011046902,-3.309733506336128,-3.0397665527262103,12.073556147149196,-39.444004560737476,-0.1395355945435835,-0.026658188175956138,-0.12709324412195974,-0.3417778795388634,0.16025233039352763,-0.17211080992825498,-0.7212276808368752,0.8275731115431835,-0.05306918168788637,-0.8407325911118191,2.8999647795548125,1.2522389310369277
-2.35562889904577,-4.032048583108914,-5.617514177716991,-1.1586525256281224,-2.2144098083680817,1.9435636201075739,0.18301704893400766,-2.5942307243481504,0.8142624578566715,-0.06244703124746394,-0.5305004369420381,0.8914596476712818,-3.565002100685473,1.6834899507331904,3.006610365776097,-6.998330539533229,-4.402848084172546,-8.712789501227515,24.307728386143058,15.124557080720406,-8.195054850030385,-2.728443412763474,-3.564632289653617,5.486894884357128,-1.9194156749988494,-0.36327605980543043,-4.058859317866407,-6.793976923799256,2.3793398954267446,3.653547895963205,-49.176258991406115,4.372084011046902,-3.309733506336128,-3.0397665527262103,12.073556147149196,-39.444004560737476,-0.1395355945435835,-0.026658188175956138,-0.12709324412195974,-0.3417778795388634,0.16025233039352763,-0.17211080992825498,-0.7212276808368752,0.8275731115431835,-0.05306918168788637,-0.8407325911118191,2.8999647795548125,1.2522389310369277
-2.416479110014125,-4.119024389458511,-5.843922452056044,-1.1728021957719335,-2.225214365555716,1.9459914900942443,0.1632313493633593,-2.5599001359687894,0.8076368519180592,-0.035392447039066084,-0.4840813272179394,0.8339198178739525,-3.6049928146893113,1.8580807842773153,3.1179178576277367,-7.1581257050560945,-4.553741033427453,-9.101783840565778,24.582161520290267,15.265037602901861,-8.261096878063096,-2.766468340211235,-3.376651035309244,5.269427024706588,-1.9765532906729617,-0.4362731261533589,-4.194297213723795,-6.980760073600572,2.391854453831171,3.779332745214854,-50.280803439889326,4.354752797976171,-3.444938726599318,-3.0806625050044905,12.066982861102822,-39.728564945947475,-0.148149943895283,-0.025947284963705634,-0.13052946471316687,-0.3583729987851787,0.16493042507269526,-0.1712378932997908,-0.7518711882318558,0.861466883748123,-0.045423313452010824,-0.8558995160012578,3.0250965094201843,1.3331324985502617
-2.6125034159003993,-4.4003625315013295,-6.563555856506638,-1.231680124420433,-2.306409953392181,2.098802410425562,0.2387778531857656,-2.684503971457016,0.8460597355772204,-0.09188396809787844,-0.5996660634859502,0.9696103999406528,-3.66296377579486,1.900600104437488,3.054258278898654,-7.269684622578609,-4.531770632873358,-9.211619021786948,24.706197595974967,15.407618701476904,-8.348873857838996,-2.7250931890674686,-3.572283264885453,5.477004141952754,-2.033020408336156,-0.32449390280150187,-3.8415978048789525,-6.760640124954441,2.3304750258740294,3.455788955768919,-47.53463009017296,4.288920927826879,-3.3084727016050923,-3.3692968570271615,11.706334671124042,-38.052561531556066,-0.13591995260664888,-0.03230991858475428,-0.1248511895175886,-0.35089170738339004,0.13346769508946954,-0.17258441672536892,-0.7250896328182248,0.7925923263044965,-0.058813508142508096,-0.8665527055700207,2.764765051558458,1.1680566996840063
-2.663158501847357,-4.463010313950884,-6.746301179470002,-1.2415026674021101,-2.3361671338797767,2.1554469313216504,0.2761545094839939,-2.7388749404791106,0.890202519825029,-0.10113870766078724,-0.648138628354882,1.0362953452553085,-3.671761682258434,1.8866015307323736,3.0218708456358394,-7.2198803456444285,-4.45262749683049,-9.032679959199278,24.489765403972154,15.315503572653016,-8.289062819215982,-2.723149654085762,-3.587233713728669,5.510805018848687,-1.9906405127979037,-0.2956669669027169,-3.8436600591812162,-6.682329940030734,2.3396407226785154,3.419001044650771,-46.58584683944257,4.307774330005029,-3.181473331265302,-3.321054111845856,11.614129587886504,-37.326356132717024,-0.1392800464097257,-0.028034019985453153,-0.12804599860184204,-0.3382601709168094,0.13178631745333483,-0.17583651096822364,-0.7056690854141432,0.7672365514298669,-0.06547195946100337,-0.8519153264314832,2.6769143579249732,1.1062477930630026
-2.6172254249125033,-4.382212678485312,-6.564958375444636,-1.2319163289217019,-2.325173616859277,2.135521822113525,0.2648927247866518,-2.720014436340203,0.8951927040999778,-0.08778427727568554,-0.6329959881808965,1.0269726002024961,-3.6521442702902527,1.8011219766734425,2.9692817490692476,-7.135543677463207,-4.38497183871289,-8.832482607046211,24.152900649500072,15.11021786945682,-8.15677226969606,-2.7614077429661466,-3.4732446030302784,5.395438139854898,-1.9338405159950467,-0.29161782649296447,-3.9050261835312603,-6.645012126949619,2.3787680543052456,3.4868894518615825,-46.875023356827924,4.350735938531763,-3.109717252999997,-3.1646929961307246,11.671201735554273,-37.31413815295695,-0.13464784192365647,-0.03108748357232459,-0.1250610410602346,-0.329346301500282,0.13618849815251413,-0.17581844677807174,-0.7083726879603821,0.7812959027303553,-0.053249305342612366,-0.8349733565549471,2.7170143843670487,1.13109321980407
-2.565103485815913,-4.2866491892152565,-6.350957094002618,-1.2096826469507,-2.2969558222003355,2.0807331680242465,0.23715635375078692,-2.675107708253789,0.8849660322489807,-0.06598254810984433,-0.5985645119460862,0.9815548240250853,-3.623793072153397,1.7143228394344114,2.92967862828939,-7.043791889179793,-4.344887224586257,-8.667523665718425,23.907945446403385,14.93282587572794,-8.041544502185992,-2.742869379867372,-3.4091267984192513,5.355623923459451,-1.8937289876636254,-0.29428005623315473,-3.948327892075239,-6.66284134418168,2.42119655984229,3.622708257019956,-47.725364392280284,4.3907235247431835,-3.0834292549007043,-2.980529269623326,11.795726230404403,-37.785220527696936,-0.13992580044718125,-0.018414974894306293,-0.11525333568672705,-0.3348628740631629,0.14646062488385916,-0.18300198607475868,-0.6991726301928801,0.8060535205109406,-0.05333697050115688,-0.8141674100302242,2.8248947036970744,1.1879060752041373
-2.5092337700903626,-4.188343512862919,-6.139660214058517,-1.2084746501119463,-2.2574485936731428,2.0185495935669007,0.20270926386264213,-2.6231558283675676,0.8451587264084401,-0.046819726366805516,-0.5679066934793814,0.9159800952750914,-3.6094817133506174,1.694081909118054,2.9348590613386736,-7.0484568452189915,-4.397560881687394,-8.751036624895281,23.97373585884578,14.92165381741629,-8.025326418987335,-2.6150938140735427,-3.519358192539382,5.5273203224013105,-1.875651125423884,-0.32066604380365155,-4.024237740217442,-6.728625623123516,2.4453294719165775,3.740265031415875,-48.93277664658731,4.3990004236152815,-3.1500843474451825,-2.9063034643608563,11.861812944644349,-38.394221383910704,-0.14160991666593845,-0.022456408204848247,-0.12723072389381873,-0.3359632768713655,0.16019624883044162,-0.1719312242795734,-0.7101609336093302,0.844459384760884,-0.04279366750543408,-0.8076493260956198,2.9378991653684237,1.2714982608348737
-2.5399630073909836,-4.18734356037513,-6.219466534369117,-1.2264547596642685,-2.244400995156219,2.010144366468624,0.19996378191729172,-2.6267559399202565,0.8053143177651713,-0.06910596124716342,-0.5886382581919096,0.91359111747782,-3.6258392237127195,1.6990878401028442,2.9112137212059985,-7.08634181851546,-4.433704685022643,-8.856705784407774,24.122023043751472,14.993872473733148,-8.090172994137138,-2.5086717112885775,-3.711767540689691,5.750199639350827,-1.8852404419191793,-0.33269049274438184,-4.053200430919547,-6.720110205209544,2.4278753966539215,3.7024751992947222,-48.50953333206918,4.350762460331352,-3.165870381519488,-3.050360560449628,11.732698948691985,-38.07413407465864,-0.13528519664985095,-0.026996225382629465,-0.12433282080889566,-0.3286493025127852,0.15597975941282183,-0.1602381102892958,-0.7145937233931501,0.8287094345427239,-0.041525315932712616,-0.8117499769359976,2.8958458543557377,1.2497708150363747
-2.746436935524307,-4.272334966383237,-6.804291114621914,-1.3598748390931872,-2.247517665831877,2.098566319946838,0.2596161753874427,-2.7411164938047037,0.7468800910734583,-0.24951006865065387,-0.8069981192491654,1.0882582647500756,-3.6801637798751985,1.6311478227946183,2.7402923650951716,-7.161673422035181,-4.382893315900769,-8.90976941990965,24.44994175709045,15.227808498047292,-8.282249279043347,-2.1092510475683017,-4.5412824123342945,6.703286203421448,-1.8637741082780268,-0.2450382775276784,-3.8461383334467087,-6.392318484421719,2.3614141827640807,3.3589946792950296,-44.44354525317664,4.2047724282335315,-2.9072993533869744,-3.5940962705742594,10.975898266200062,-35.000734253679056,-0.1293753275483401,-0.028827520588003207,-0.12157487549536133,-0.3195576600849562,0.12773981922489117,-0.15668893234651227,-0.6720151013919795,0.7267744836160053,-0.05297721749790081,-0.7826596618224693,2.472630046740845,0.9868982841015675
-2.682271772809927,-4.095812547505035,-6.483597102499498,-1.3542323273555015,-2.208653008317974,2.0588763540661295,0.2697886203794722,-2.7552827579172465,0.7550183386621433,-0.28382514552522625,-0.8993064229294532,1.1635501818668212,-3.6053702712096234,1.3226714192902511,2.5277677045829483,-6.898793591458167,-4.179722651726562,-8.327784746616585,24.15112985899718,15.019659552439192,-8.125226799488738,-1.7737541938818007,-4.995138865406993,7.357349642732444,-1.7369959920632099,-0.11198873663344637,-3.6056833633644003,-6.056505146774484,2.3913140662438837,3.2935902161713075,-43.30127798261188,4.226278007089226,-2.620858753663346,-3.3847312340278983,10.866912884736687,-34.25746675607221,-0.11721318369760172,-0.027053793437319642,-0.10942294660679373,-0.29881151015722696,0.12741493553073044,-0.16269288875938656,-0.632869084448971,0.6955864136381875,-0.057838527459785585,-0.7116721673124581,2.3824295067610146,0.9196798140611544
-2.626724959379204,-3.9705089868461956,-6.237718841908065,-1.3424092201814863,-2.1747514100748995,2.025013108029566,0.26403382848684676,-2.7460674125371476,0.7423818896901861,-0.2867849877750606,-0.9404676931626081,1.1800166882446605,-3.563812697883211,1.175466833926335,2.424947711547717,-6.764002887544395,-4.088768777115836,-8.049252642502193,24.092182328230834,14.943011408568848,-8.038171199510815,-1.5238160752998353,-5.305567615235172,7.814225895885677,-1.6808359771407033,-0.06442954598497508,-3.5136458973682814,-5.918748518784645,2.4167908857142564,3.302245075270404,-43.257740157490204,4.254951549405525,-2.491996797721747,-3.2303719281180476,10.861308814040312,-34.223041597336845,-0.11823073106097688,-0.020177050144126855,-0.10711576967426834,-0.2836996747896835,0.12440949755899461,-0.1603529935197199,-0.6088917152289439,0.68843209393471,-0.05166674009554936,-0.6699815158026283,2.397335302186861,0.9143442750248354
-2.5853306730178636,-3.7970689754695863,-5.977223152779921,-1.356903662317082,-2.1361965907451927,1.9835304693045515,0.26946039716067294,-2.759441280816842,0.7132072222478177,-0.32372751540474676,-1.0353056275507568,1.2321724142620412,-3.495933203239807,0.9515097129757321,2.25797029005613,-6.563536896752618,-3.937761461342834,-7.620078192280435,24.157329392385968,14.922103367985327,-7.9740239529145365,-1.0673552380386875,-5.934589906009153,8.701627125969113,-1.5854631028822075,0.04435106286117585,-3.3115533731152778,-5.611624374969284,2.436854714568166,3.2342154488890884,-42.53166522021778,4.274916077600679,-2.2541200400902026,-3.0654464685532195,10.727322536057018,-33.69415241178444,-0.10119525469546375,-0.02018311919139481,-0.09771849079779589,-0.2630149559318954,0.1186834848973066,-0.14898043689194757,-0.5820999179045002,0.6777874670424676,-0.046549899099050246,-0.6106431184957192,2.334143474173207,0.863085646536288
-2.5942611426374573,-3.72605185909911,-5.927223596732136,-1.3751474924306273,-2.11353054151483,1.9706808578337465,0.28216215067840034,-2.785650894293963,0.6813915844050825,-0.370789390855532,-1.104690917759334,1.3118733281536215,-3.4718953511484587,0.8467495530677113,2.156479732272898,-6.449387429498124,-3.843303250489637,-7.376961902720927,24.247520054483797,14.957276937016948,-7.982319348547582,-0.7804326937559607,-6.37661047667971,9.303918594734524,-1.5381006386015617,0.1076224001844999,-3.1880764177567933,-5.461623098735465,2.440269546061018,3.1776054998790273,-41.64803604092279,4.266463543703984,-2.1252930280700326,-3.058060368954388,10.589642446770744,-33.155090853110856,-0.09953818283639838,-0.02301699913091857,-0.09533997190439049,-0.24247427600124477,0.11714051435670494,-0.14667030881110274,-0.5560723718477764,0.6520868942784732,-0.05003200446606216,-0.570303215497643,2.2428297747754202,0.8012335657627027
-2.6642906241568918,-3.61372643839737,-5.959551057064566,-1.4734490131826148,-2.0662987009137974,1.9874586153493965,0.32025868560023096,-2.8586390981133114,0.6275366584474784,-0.5131978758649353,-1.301797802132073,1.5229983076889577,-3.475039642113615,0.7191594996437642,1.9661273319521815,-6.365858245062585,-3.7060735795085527,-7.124385457035657,24.63070930351863,15.192120620766909,-8.126145100057649,-0.20106735483076377,-7.397516209686169,10.664299091336403,-1.4334272859013548,0.21166456409905776,-3.068966319288803,-5.140182513576659,2.432327941227455,3.023137933290899,-39.28741860061198,4.240282841471515,-1.8212524703964044,-3.0717132954443636,10.275197105096073,-31.77040174514621,-0.08989841775623313,-0.01972220473055483,-0.09091891653268094,-0.21779320072731215,0.10681058076577164,-0.14256095624549692,-0.5161424821343356,0.5869335547778327,-0.05649080948142096,-0.5100041934445622,1.9627191435475944,0.6250909978390189
-2.618588746979959,-3.369606000972621,-5.607727393920935,-1.5238407254360604,-1.9988025464987171,1.9312549578871512,0.324630226234178,-2.8829563679015755,0.5559941019686052,-0.6186558925848141,-1.424624450806718,1.683449455114485,-3.4274249610066625,0.5395129019159058,1.7624682009244632,-6.237382831028769,-3.564945009115825,-6.817286348209558,25.033990574657878,15.422768387449002,-8.25946587472221,0.28627630051958314,-8.242202198260225,11.815766311878233,-1.3235456221893342,0.3039846254809951,-2.9912184512291504,-4.9226666359079925,2.4813744555834134,3.026017686054339,-38.5941657650294,4.283162896621789,-1.6093730968438458,-2.9140076315178627,10.244829335598553,-31.601286429475024,-0.0790475977354839,-0.016433132591364925,-0.08061647401346143,-0.19441303655224615,0.10972424562954064,-0.13864382250025176,-0.47714867997396515,0.5660295618338895,-0.07154370911739076,-0.45133531027279455,1.8351931495356921,0.5373653046013371
-2.5368478411235946,-3.1956270149616004,-5.254633966005443,-1.5257565986765367,-1.9499333646653747,1.8731371129294265,0.30964276287164316,-2.870590977197884,0.5057167674687841,-0.6560219686330742,-1.4612718617958351,1.7222638308517049,-3.372922389108602,0.4272610362536877,1.6586681749050767,-6.110015872435771,-3.4681434738194663,-6.570464771408681,25.084435570078814,15.434179738275747,-8.267697585456967,0.5673020641186107,-8.691219451090802,12.445293086596143,-1.274040158873628,0.3625689789286234,-2.9026577003207095,-4.788819539176699,2.492468725427989,3.0014049101969307,-38.500029786066825,4.303128395163735,-1.5118791812944414,-2.8084547780234215,10.271989896120925,-31.82610458842287,-0.08083832574490267,-0.013527196933372973,-0.07996892166409265,-0.19115168731311816,0.10831244732137399,-0.1361673265647207,-0.46437248013574955,0.556877615820287,-0.055744423133859265,-0.42232655770641353,1.8104641446623146,0.5143469364665472
-2.4994177591639724,-2.9996933215376274,-4.953149246657577,-1.6014939239394386,-1.8535189638056808,1.8245991605974226,0.2964055618576523,-2.8737160367164303,0.4385029057069811,-0.7959097472557278,-1.6075874554188765,1.9687493511377767,-3.2969880103299825,0.2567006392763683,1.4439376498414564,-5.858510666794466,-3.203421645801683,-6.001239460077174,24.817224262122306,15.284756391028724,-8.251061957008101,1.12933641304488,-9.650544485960303,13.750287717472924,-1.2044152018092595,0.4889532246795664,-2.566197241513077,-4.399853269439173,2.4376763525451324,2.745690662754071,-35.77722016098525,4.238657238797088,-1.2301490219568507,-2.801168969161177,9.942917358057267,-30.37476125514723,-0.07334791650308663,-0.020909552554827078,-0.06997005041417033,-0.1582949309309946,0.08797891674000638,-0.1264729849858939,-0.4118743876137573,0.503045066028605,-0.06330585991010484,-0.37205376827784487,1.580213637793046,0.38481858091086935
-2.6584538847848167,-3.1285270074576514,-5.372682067308357,-1.6962011841087772,-1.8770786783349145,1.9388504798011894,0.4261500086440298,-3.0707500834402577,0.44845624796988426,-1.0288925854918136,-1.8491858515840467,2.5759504972312817,-3.312768100714253,0.2325671730413545,1.360011992367528,-5.756640146495802,-3.0089872004992175,-5.64016618974163,23.93590133128428,14.90061284565571,-8.09691517882294,1.3688818394634836,-10.2209034084608,14.53510674462326,-1.1823761080827664,0.553172688042478,-2.361313272589353,-4.120152683239035,2.3692972668793257,2.4787038901485277,-32.050185838436704,4.158323920164733,-0.9932788346786388,-2.693623731627858,9.378814006679297,-26.39498114060478,-0.060333826375531696,-0.02335616226399102,-0.06279771623857328,-0.14755719828148287,0.07230533961312514,-0.11384337520356645,-0.37317901781111146,0.4205823456832793,-0.06808236537268277,-0.3491255798963607,1.1706965695787341,0.22525368162408158
-2.7051598509720005,-3.1598806403307607,-5.491567638820652,-1.7232211062563547,-1.8787640690445715,1.9697237054814285,0.4261500086440298,-3.0707500834402577,0.44845624796988426,-1.0288925854918136,-1.8491858515840467,2.5759504972312817,-3.307968405135466,0.21934284141312388,1.3388639836240417,-5.675655606907916,-2.904712445479176,-5.411648393796409,23.93590133128428,14.90061284565571,-8.09691517882294,1.3688818394634836,-10.2209034084608,14.53510674462326,-1.1623831258464994,0.5839447076213151,-2.320647850650625,-4.011426112202853,2.3633708698026914,2.4152953272772653,-30.714724277245285,4.149890354540438,-0.87019728330048,-2.693623731627858,9.378814006679297,-26.39498114060478,-0.05857015933921941,-0.0249323787354187,-0.06573392884505942,-0.13772131695948678,0.06932859355570929,-0.1153901132805707,-0.35716337072785126,0.39454672383636236,-0.06817234857301462,-0.3491255798963607,1.1706965695787341,0.22525368162408158
-2.694361029942669,-3.1248632363181312,-5.415130235590727,-1.7235264123830938,-1.859288091268952,1.9793486949837764,0.43184708006147265,-3.075037236099593,0.4764746871844841,-1.0627873512959065,-1.8774554641144872,2.6910767148224606,-3.264623575778161,0.1746455760018911,1.3055928770530068,-5.4780466697775205,-2.7394335692922267,-4.984163607866986,22.83629741484853,14.273084560659557,-7.743174972376687,1.2704059573717648,-9.984738658165492,14.238292810965678,-1.1246954411922179,0.6277517517932658,-2.240066827776174,-3.8462987492725484,2.3775718637524235,2.3731288893099776,-29.12806445950504,4.161419269604115,-0.6504088584557407,-2.35900742063784,9.170010391412577,-24.285205360793213,-0.057055826002255366,-0.026431299528690715,-0.06448918882619689,-0.12227167762277,0.06245000680221252,-0.10232060981672787,-0.32324178237075163,0.37307366625761684,-0.06424474684000162,-0.3230921770825025,1.0937908846264295,0.17629671339887404
-2.65489271235089,-3.070368599405896,-5.2807425274826585,-1.708296666132672,-1.8382306400335582,1.9503394990667884,0.3799574428091735,-3.013361938127302,0.4470217728028089,-1.0719531104877198,-1.8637406753073724,2.659785667843556,-3.2420009479418677,0.15060766230734435,1.2810119611696351,-5.4336050816778485,-2.718329168696964,-4.924190972451611,22.31998860018341,13.962083508871142,-7.619004384771324,1.2297576092207865,-9.936544807690428,14.150934558589652,-1.1251986525865831,0.6289336043467304,-2.2252470454847906,-3.818274646474903,2.373378703709285,2.3592650885854782,-28.702674138554286,4.129456667062612,-0.617896932443331,-2.400355229802994,9.141470223488573,-24.233394390027293,-0.054502658395152455,-0.02386553069778873,-0.06137481437278288,-0.12129220419417314,0.06954611482834452,-0.1073095724223268,-0.3243204010812514,0.37423826621587186,-0.05843652541526812,-0.32677051317767875,1.071336181213308,0.1700053150662558
-2.6982803302321803,-3.09093969933449,-5.384869074343741,-1.7684989870657402,-1.7974933922779301,1.9196601276862602,0.34373043720805185,-2.987932023490322,0.38844194901936135,-1.1421772843551685,-1.8617628927319174,2.708731611084621,-3.296211760635606,0.18419275507331292,1.2688427439687668,-5.546837866234849,-2.7585796508673575,-5.1389919687810615,22.122746480106432,13.909772372333268,-7.70146509407101,1.0994639156064492,-9.892944670931625,13.969465910532772,-1.1891023232764857,0.5539959587700775,-2.3055106368113853,-3.931359544230489,2.306716309852517,2.3069727853913182,-28.088507531764396,4.032728112291489,-0.7378778289905275,-2.7227381795162153,8.934217076126135,-23.709930892821525,-0.06642910246694035,-0.031174493146974624,-0.0725057196497873,-0.13209480012947003,0.06397668186483757,-0.10027409964142081,-0.3208663171546636,0.3566621708015426,-0.07117399276166739,-0.3475755704099969,1.0250509124159335,0.16215529411253313
-2.7249924306767803,-3.133426034470155,-5.485007278909341,-1.7791475063166708,-1.8010639353346696,1.9388176225269942,0.36176505532907216,-3.0149912148805864,0.38289474504357923,-1.1809241875832959,-1.886950895801406,2.7847900478195293,-3.3093132355268704,0.19204847882992016,1.2646164857333069,-5.586675879209021,-2.790292130166984,-5.226008953483353,22.1955305346009,13.975018425005198,-7.752987748390131,1.0681689897628934,-9.912691593394435,13.959209173390951,-1.1997976127301913,0.5486213026444842,-2.2947420369146654,-3.921749201156223,2.279031667389223,2.2436014708928758,-27.581439844233156,3.9902688083089366,-0.7698686859930268,-2.8401674735497013,8.833167155622524,-23.324599221434667,-0.06355753444141053,-0.03277026029659041,-0.06931251931274718,-0.13501380091039747,0.05234386506408734,-0.10084917044941569,-0.33341459710351495,0.3373947977589456,-0.06662368022780865,-0.3585303286512129,0.9806934964109215,0.15911492711922096
-2.6833699192433103,-3.0721728108522193,-5.3350411402150435,-1.7800292163820621,-1.7947394152788698,1.9359876130189586,0.3707958559756569,-3.02651458796112,0.38496174658859833,-1.2018452965611044,-1.906112721886988,2.8424234748948853,-3.27740504987759,0.1653746790181923,1.2519002670010568,-5.523146545212238,-2.7402270334682766,-5.099451039788263,22.172493213113093,13.960029239611982,-7.740864266620403,1.117000104577056,-10.003150464430355,14.088245999183453,-1.1858197908036248,0.56797816393874,-2.2341665493122886,-3.8710197867782385,2.2648593033486595,2.205932405809615,-27.265353285055173,3.9731199528256362,-0.7580640276749004,-2.8246175248303027,8.801618088494758,-23.083171565776404,-0.06082408509685749,-0.03163192728353424,-0.06783991797053575,-0.13344149946630451,0.05526089560173641,-0.10044134287096594,-0.32567540373349957,0.32583610819939557,-0.06220113346692319,-0.35371528485504933,0.9551490274939446,0.14634709859678288
-2.5273427516184954,-2.8311769071273782,-4.779410969710715,-1.7291211046322843,-1.733264742305326,1.825512171322204,0.3163262002974322,-2.9541533915443448,0.3496676814133964,-1.1956070110932153,-1.9039400301467682,2.7948276980222726,-3.1674732035847564,0.07096410079727392,1.1776753241471971,-5.346065294395817,-2.6529156434801116,-4.83791202606941,22.110565651526684,13.871731690321937,-7.677911724352669,1.3338480326383608,-10.283592560309739,14.514540955367314,-1.1359830354537857,0.6209274200732202,-2.136879199719377,-3.7482521397695923,2.2663817291336326,2.197407812046375,-27.26553607554647,3.997209774087154,-0.6536895162063303,-2.6763221985700145,8.886651746740442,-23.373285599551078,-0.056361208186559215,-0.023611282288505328,-0.05495338445242926,-0.12294540695915401,0.05099575115500468,-0.0976595884297967,-0.31327529067819143,0.3223544026075411,-0.06746276471602011,-0.33848821531968815,0.9554742531695551,0.1388644829555154
-2.4726183174366057,-2.6880284499861875,-4.513786631243246,-1.719510680374817,-1.6723710173295159,1.7452964547575698,0.2687201857388667,-2.9043161947036977,0.30660108745728704,-1.205130477559427,-1.8973269759543312,2.760773846557698,-3.1308949029472566,0.03795696303054709,1.1340670480099615,-5.265658478487549,-2.606450254067925,-4.717963958485227,21.918460500854277,13.73494312924987,-7.6235966819766645,1.4225196934032172,-10.417301433546736,14.688620208669743,-1.1182918518555571,0.6357751950852566,-2.155859578705244,-3.705959269503417,2.2738122286290094,2.2045226174022376,-27.33428786873159,4.004400304450014,-0.6219539724506582,-2.6553318785785387,8.899836022209618,-23.534456048875782,-0.054701416461150704,-0.02651099342548211,-0.054379107779930796,-0.1245749052405014,0.05984524089939751,-0.09291666169360634,-0.3137175673522956,0.3260229794812961,-0.055173608778165385,-0.33177017067923426,0.956098684719558,0.13720235379865592
-2.438928466701162,-2.6014356484924344,-4.351238709029231,-1.742238708540511,-1.5986824972365157,1.670538988970114,0.17221166829468912,-2.8015043084033113,0.24383177554792457,-1.2723324163948715,-1.8839698591006189,2.765288431374446,-3.1343348559085875,0.031187605762258378,1.0995722211855017,-5.241894318352123,-2.580970107992036,-4.707202468529209,21.406694824106356,13.447250070364586,-7.5634491883663975,1.3663602715112766,-10.40048929448291,14.578445896034388,-1.1327328170985342,0.6096174864020801,-2.1981721741263227,-3.7405812448325206,2.2465993216173814,2.1959881263743934,-26.96071946130654,3.9404269907207956,-0.6548152962382874,-2.8248665838507896,8.72066747013408,-23.066242750474963,-0.061448968587517167,-0.026037398507084898,-0.06506427541400792,-0.13193238834926088,0.056742842783522825,-0.09946852307080153,-0.31421116073783395,0.3267040313829172,-0.06378548049615237,-0.3287362508315272,0.9373241269042537,0.1331294740947619
-2.40528485657058,-2.595100417527704,-4.2881465365738345,-1.7217188587448176,-1.5850206220316918,1.6441472569124493,0.13140542306716815,-2.7520076510776703,0.2263683946905982,-1.3010215477210914,-1.8486737086335145,2.734868350293369,-3.127955703133157,0.026569147920657635,1.101375439583703,-5.26516929275747,-2.600347868880681,-4.770540354888557,21.009784643495244,13.230149030852784,-7.496361652158734,1.1894423131276672,-10.189927376356339,14.203631713706999,-1.1656611643218637,0.5768500135109959,-2.2104240736504326,-3.7832299475224813,2.2135424520175704,2.1552011123220405,-26.66815071199975,3.8811643942839176,-0.7160772106870623,-3.0009501689969973,8.61125974563617,-22.742423818022584,-0.06333617005864436,-0.024423196361570143,-0.060039443410861926,-0.13162883886522012,0.05548723292882079,-0.09323684073970762,-0.3189802614806233,0.3211314978607918,-0.0664019245209514,-0.3543553296430632,0.9186657985828675,0.14041663464193613
-2.311505813568446,-2.5272025334550086,-4.0603096451733105,-1.6743383356224812,-1.5738888706751644,1.6121365578201257,0.12208252325425256,-2.726532413553146,0.2398411608803342,-1.2607587915495706,-1.8083431544453255,2.6207247367904145,-3.0869985514378837,-0.00036319647957181594,1.0914612843597034,-5.21632592728035,-2.6121771286334043,-4.747234174345078,20.894965092353175,13.135369967851465,-7.437464952511978,1.1102969273582335,-10.029544660547218,13.97659038753792,-1.1719306827266738,0.5731726557391578,-2.1554016132881917,-3.7839924810112016,2.199272402927709,2.1415977132710178,-26.840849065185395,3.8777564930904522,-0.7354262859429589,-3.0160063107744257,8.657373337495796,-23.00942704351727,-0.06002244418063537,-0.02885493358753964,-0.06034663751926887,-0.13448712101116528,0.0611594493801043,-0.097576324731776,-0.32141352809065016,0.3241966898033643,-0.06447981236051815,-0.35565079800507465,0.9362526038286152,0.14144362702041233
-2.14066740128802,-2.389454143190465,-3.637610292064146,-1.5679072749973786,-1.5340053185043887,1.5161366380624128,0.05252666321726884,-2.5885340106914465,0.25941070310835224,-1.1478365251552103,-1.6980246363699252,2.342928068637856,-2.9867857259655497,-0.0625649973835315,1.0781904562647036,-5.074517162935201,-2.5889029357296818,-4.597708034220982,20.386994526810632,12.762335148600688,-7.2076710288858745,0.9624071664897611,-9.630798874099368,13.446139369465289,-1.1826434168679782,0.571320402726447,-2.053708671451654,-3.7510724962213127,2.1609047807056587,2.103206885149947,-27.31589183944464,3.8707826922168653,-0.7615833122094825,-3.0160864775395098,8.770490106711389,-23.71163589226389,-0.05968447034705055,-0.030313087126648423,-0.06416170825597484,-0.1331975657144634,0.06144718833027135,-0.08832231121555296,-0.3310276569376951,0.3429125737285019,-0.060999521686898144,-0.3549506933520721,0.9833401246730966,0.15351518727938834
-2.1033206105739124,-2.3684209236936895,-3.5492981004480506,-1.5333893400667744,-1.5384326582421606,1.5047629531148226,0.031149176252429182,-2.5478325612185784,0.27150778486636035,-1.093444277424252,-1.6551357268732088,2.2240765893480767,-2.9663365670455613,-0.07493586119221816,1.0731034604162555,-5.0065069997972165,-2.5654713131687052,-4.512078129885671,19.9790605650433,12.484156401474017,-7.043747613512459,0.8467020991698796,-9.363703342080248,13.079171914152047,-1.1867489083637128,0.568581739039425,-2.0119709395156997,-3.7410026738651645,2.146671652155924,2.0806134893612738,-27.15720089727345,3.846814347912984,-0.7560356233334341,-3.0192175696420316,8.727398668327663,-23.54080745452062,-0.06308084879372526,-0.027199901318562255,-0.060397247053443896,-0.13147433292477886,0.05524429882720344,-0.10095405176050722,-0.3309493101333749,0.33977168104557354,-0.0599443727822854,-0.3566823432801609,0.9948141129184431,0.16374859233964403
-2.1090007398788897,-2.3819392202423124,-3.5658966562748353,-1.5201212705446467,-1.5290263584074577,1.50792636231028,0.03149168652847119,-2.544086422149159,0.2985098066044648,-1.0717024315812445,-1.6239416561296085,2.187005697632836,-2.949111072448244,-0.08357354278058153,1.0573342558656014,-4.901482322400008,-2.468408300151783,-4.284056014480435,19.072157872798602,11.959248542839715,-6.759229722555584,0.6334246791879405,-8.905447539941418,12.44518866079307,-1.1795299928572351,0.5831580124324685,-1.9153243955217163,-3.6531505536716558,2.107197060923785,1.9931243263388612,-26.33664112237354,3.8054198328047337,-0.7110026123002842,-3.002913179039129,8.527222418366323,-22.434921958435073,-0.05860166554750707,-0.031671585528512416,-0.0556159073920319,-0.12822260582650802,0.05241030745785739,-0.0987698082167793,-0.3308695170668555,0.3366306190393192,-0.058887486901553314,-0.35364792407420215,0.9879853800440713,0.167290731246587
-2.1312970371449573,-2.407370640629164,-3.6117678865344995,-1.5245308619178444,-1.536975698992701,1.5320343468219992,0.03199773741630596,-2.5395253127350457,0.3287869197567257,-1.0615807963591364,-1.6159003469390234,2.1878405328674897,-2.9559013220225774,-0.07785068378622653,1.0589578219979587,-4.8697454728778675,-2.4232362547608886,-4.193014073095583,18.562637037625212,11.674343846338516,-6.60163976983262,0.4732564960992576,-8.614191711758336,12.052983315053575,-1.1860568368889686,0.5791306931173552,-1.917294425824289,-3.624482287226707,2.0922973950455734,1.955722444068893,-25.767926667533295,3.773834986198737,-0.6918809700153141,-2.9896862497965215,8.399021520658446,-21.692902701672693,-0.059435799075910394,-0.033089931842920466,-0.0644987807250252,-0.1315795269401972,0.05115548345944119,-0.09254880347341311,-0.3233900609543928,0.32815030262743083,-0.05447665075892472,-0.34905613563601734,0.9690153599239745,0.1653500337254964
-1.6832991989929327,-2.146233702609855,-2.5894224570092526,-1.1181395109418442,-1.5450267757793048,1.4206165162923707,0.03352561882703588,-2.4120906496780714,0.5233862333791279,-1.0044268032546069,-1.5626370667630254,2.1205172514027417,-2.4638211097844533,-0.24390131074447907,1.1691228607141102,-3.955967749160722,-1.925004043982908,-2.6714831589587646,16.41720344036387,10.158604500598617,-5.5247395585132555,0.17992948161823238,-7.861006019900708,11.075248372786142,-0.8264695288343251,0.9591719274776117,-1.2362072428795283,-2.733665173487935,2.18800993088454,1.872801147666449,-25.3691547690925,3.810690175926873,-0.4000631071601769,-2.676700606088093,8.35596726067344,-20.53082467261701,-0.03693905196621238,-0.03225968724732692,-0.05081460080466738,-0.1037856221361309,0.06718568547996549,-0.08880953114737351,-0.31298392322536944,0.34271814862687366,-0.05554804436951309,-0.3368006780412148,0.9928272001468035,0.1636306585364807
-1.3880578343030945,-1.8305918937550993,-1.8753007506573989,-0.9770884216125516,-1.4609269061698156,1.3133182791617204,-0.007499866947581866,-2.20510013288302,0.727711338710275,-0.30066254938363507,-1.3130152530495234,1.3095242943385672,-2.2511688711929323,-0.3109682626013892,1.1391592011089633,-3.203854231644761,-1.6557824236626604,-1.6250235907319899,12.533117077550283,7.437779170103849,-3.523598386320355,0.4305937923810443,-6.124230560628611,9.276967167518121,-0.7939845654917235,0.9860718239576766,-1.1196984803421093,-2.4183652198918253,2.4011904119865735,2.128112971618099,-22.754618944019317,4.19460179392203,0.8986090462800884,0.043088681516095025,8.019196197182067,-12.961313321274904,-0.04807819119082622,-0.032713947901338906,-0.05969671608388202,-0.06808601189625427,0.0699294223084355,-0.09098799466670872,-0.1732515576587965,0.40937161887587137,-0.03275600525317356,-0.07139588120337483,1.316753377804799,0.22550637610171115
-1.4643999979067592,-1.9546147300604024,-2.13282176483339,-1.0574151303809782,-1.4708773364701482,1.302042923898669,0.0037780736791478333,-2.2842328012141704,0.5760058295027772,-0.48249110863102296,-1.3702693921112818,1.4489240372398382,-2.3621610325449045,-0.3485412359413534,1.068583428266027,-3.6791965132016866,-1.9687404047402082,-2.502736193299766,15.299658356238083,9.224118400575621,-4.779729412098895,0.6672146375559133,-7.384226520206214,10.797625487441325,-1.0104379313287533,0.6919478099242418,-1.189563310156938,-2.937977110868191,2.088605681682279,1.9105083720148315,-25.165750738804388,3.9065076990149454,0.09035508800812002,-1.2277945105665065,8.306683616031332,-18.636553745206214,-0.048104233544921396,-0.03541599468708431,-0.055795186570575944,-0.12252807706651299,0.042524086348089504,-0.09056994983712607,-0.2745282670180464,0.3836977017868786,-0.05856335766655337,-0.27258039991209304,1.2939968546225002,0.2613847140771726
-1.6165018553656816,-1.9484930164715695,-2.357148843598099,-1.1880726921315377,-1.4199927492918363,1.2897459510168205,-0.03241473144950503,-2.2921392275217327,0.44844023792783333,-0.6623847386635779,-1.405651230211808,1.5811824217441288,-2.5072007571092496,-0.2855158420645173,1.0078230666882713,-3.9425289832142134,-2.0552589329276416,-2.917033879273411,15.871017682046439,9.673703419693908,-5.243927833108863,0.5823524484581524,-7.749698332028015,11.094920765797479,-1.0927691271899083,0.6280772071557263,-1.3287041318259627,-3.126149000345503,1.9776407169517054,1.818219290848087,-24.910114122019017,3.7282724817122346,-0.25730557282343325,-2.271783990756651,8.0873229495599,-19.750421443721052,-0.053360751363676115,-0.03641123343915006,-0.06428295040117447,-0.13111847164727974,0.02925248390265391,-0.09683872864830272,-0.3159364085179118,0.3565884336564351,-0.05517468995663865,-0.36099464339349563,1.1803865352378975,0.2424244200356764
-1.8823908335090658,-2.1372904618851987,-2.9250970216714065,-1.3730623085491434,-1.4203519664867088,1.3749617340110818,-0.08672848484173405,-2.3099553879837917,0.36116100269964485,-0.9960340819796567,-1.4796743791319642,1.9326190095250693,-2.7399686053188983,-0.18083250616829533,1.0152648047603627,-4.295889093938082,-2.1437555510292214,-3.3659748445565922,15.325410144130077,9.563794716671318,-5.3922504313977075,0.09966875945607609,-7.410692532994177,10.40348050694974,-1.1849057789872317,0.5677393218972027,-1.6006161536084453,-3.341416775127473,1.9332136471209742,1.7618762719426484,-22.993994231133367,3.540304455375603,-0.47104154428971384,-3.01373348961496,7.4425383497480615,-17.603856951912572,-0.06234856384682853,-0.03416674764143137,-0.0628531636040049,-0.14585625528812973,0.02492584983398081,-0.09446558382683355,-0.3263677824036996,0.3128753468341635,-0.05160521179585579,-0.39116509633298524,0.9792563270725448,0.18870533365786915
-1.9616257939556083,-2.194828511668497,-3.097601455416494,-1.4386146953515941,-1.413059916052705,1.3938902221704461,-0.13230477434160903,-2.281080472701967,0.32087783285082033,-1.0386145792315016,-1.4528900472788464,1.9377658242952167,-2.8132696657969483,-0.14849148436809265,1.0068532220243134,-4.438011283649894,-2.18578440911795,-3.5619099108342533,14.79509628108883,9.337280002463732,-5.353384071883274,-0.3966649961312618,-6.7905071999958855,9.410174730550823,-1.2384179396453057,0.523026671023171,-1.7161333493202402,-3.441179222508455,1.9211350867131403,1.7497408300287567,-22.358011736371946,3.4643431958670154,-0.5533131219597871,-3.209145033129305,7.198628540266998,-16.71268556256996,-0.07130152291790239,-0.03765177516152885,-0.07874173275917422,-0.15045669019750138,0.029130703480678713,-0.09879858417338458,-0.33167931459970895,0.30061855572261353,-0.04678583221693641,-0.3970385222550582,0.9257322643414848,0.17605525160521035
-2.0112984057085463,-2.266960224943893,-3.257019410057398,-1.4708985637849268,-1.4039974076419157,1.3974738962295272,-0.2006989058118232,-2.2192246859433986,0.29152661129137875,-1.0705036288703664,-1.3839267882994533,1.893742324811732,-2.90516742728698,-0.1158106299749572,0.989246664930965,-4.60349173610884,-2.2546603389490105,-3.8240498216890764,14.1493271185391,9.060867014285705,-5.319186066467278,-0.795395371851645,-6.195017851403929,8.53685635673055,-1.324624758919538,0.45226151258949226,-1.8264833998992893,-3.5759423441767235,1.855122962743781,1.6593040019415823,-21.702123308060315,3.352065188639442,-0.7060140416343375,-3.5668167888824844,6.8867795881283245,-15.839098222059205,-0.07687351980323869,-0.03985284331833192,-0.07875665642739035,-0.15956536644258798,0.022141654642919895,-0.0891137946831589,-0.3335763650290218,0.2792328088088232,-0.04587419600068902,-0.4128427459783825,0.8779606067880894,0.16649776339016423
-1.9095681241979319,-2.22141406154454,-3.044095221463728,-1.3932968142491222,-1.412864967677712,1.3745957645224742,-0.20653213497011202,-2.1302822842522806,0.35779734778865924,-0.9400900142779969,-1.3085284171442018,1.7142001010433272,-2.817127479805294,-0.15328324459853593,1.0055678743665053,-4.462095033297235,-2.1906813850913047,-3.6053283068277047,13.33528118439912,8.504809367213525,-4.914012026824939,-0.8005790469895557,-5.85092293933992,8.200190435950246,-1.2815830366838592,0.488344988613421,-1.7324404023233069,-3.448320946257304,1.8626499050000536,1.637213552100863,-21.651218609814386,3.3928004066223902,-0.5460128533886471,-3.230680221544328,7.000490974746787,-15.74242552564878,-0.06843860442053128,-0.039246983458114865,-0.07552013109341071,-0.14825138987824982,0.028343008817543303,-0.07865518771254845,-0.32502101332647665,0.29985460230890865,-0.04186411646874811,-0.37875341352789177,0.9148481450404372,0.16959939567958635
-1.8423015993313325,-2.1675180748889904,-2.8832962018382005,-1.2944839263717336,-1.394207421666069,1.3299655338488703,-0.19689380998807612,-2.1228570377968325,0.3772288209601863,-0.8863968149610173,-1.287436022215055,1.6554710167448354,-2.751695251481222,-0.18041033730960077,1.0081560799312554,-4.2293215857627935,-2.0943949788370713,-3.266063480644419,13.260652745652976,8.417256697615517,-4.822441526830831,-0.7622557269614042,-5.793971644218935,8.166640368940605,-1.2424874679196292,0.5188563361309486,-1.6604738446540213,-3.3205888220041726,1.8906022424689,1.669050630641266,-21.640802905896805,3.411352216581831,-0.48478439153309444,-3.109959939543749,7.017926957969376,-15.648374511314742,-0.06087555391805641,-0.03430713844291114,-0.06297936723287319,-0.14051874098131784,0.03694039561566609,-0.0828633707790987,-0.3218563076372771,0.3057402241281802,-0.04155610529594646,-0.36518215104777246,0.9401414916959466,0.1792608162646535
-1.6632608423704291,-2.047677085466409,-2.504218678907847,-1.2186841888135442,-1.3812542397349052,1.2895251047205118,-0.17690302641462552,-2.104455015367866,0.4018629093144059,-0.8157431655187977,-1.2678085174800313,1.5819188271604565,-2.5960913427576893,-0.2583498294343326,0.9602812455572368,-4.067171350915207,-2.052312130287324,-3.0886262822613597,13.167544592271568,8.29586381838537,-4.714698882592977,-0.6490505312964605,-5.858695712811719,8.288490906772749,-1.2061284760633642,0.5316838282773074,-1.4302366568859755,-3.2102768226661995,1.8394367499086952,1.5804243456615095,-21.520723193783123,3.395236516906471,-0.44568890456252347,-3.0633801845430906,7.065094727953354,-15.858671561052432,-0.05587879028753274,-0.0416587770534093,-0.06363499580392773,-0.13658323325366858,0.02538806262431088,-0.08138025021411222,-0.31316250047141236,0.3057793439348431,-0.049279570867228006,-0.36132850276610695,0.9615062169523884,0.17871692602190725
-1.6392938774446788,-2.011010066146814,-2.4396054796643396,-1.2071394075418413,-1.3749347195466783,1.2800371549950464,-0.175881864591323,-2.1012208292532315,0.40758524970989407,-0.8098990340098894,-1.2777087818489985,1.583684062232783,-2.567328544591542,-0.27168431404188453,0.9317206273597421,-4.008112922961905,-2.0308099563616624,-3.0274746988806256,13.100388863366673,8.247075699237703,-4.689837710837416,-0.5812654407090986,-5.963281120261225,8.428307080203066,-1.2012813598947378,0.5289013720801105,-1.3824918944209177,-3.1604358508401575,1.8086450090413673,1.5216678367130445,-21.306531073668015,3.371511543035983,-0.44524724234457613,-3.076339946263633,7.045744659524829,-15.847234466835733,-0.05621283924526279,-0.04019962456146428,-0.05983571583602267,-0.1346748674057214,0.022735191668512806,-0.0740403511370976,-0.3142045898548238,0.29905030560411633,-0.03975317714063351,-0.3598964445700322,0.9563050120172363,0.18174598103755715
-1.6788636230279208,-1.9868219828173381,-2.4736573423547292,-1.2405040682441657,-1.3521816628535204,1.268948720148692,-0.18759656444686967,-2.1009636047744658,0.3834125540832486,-0.8600269163925595,-1.3184874894463758,1.659260294805441,-2.5670239717476404,-0.26542733570147437,0.8878168994695673,-3.995741741969682,-1.982991055848041,-2.988660123947043,13.00031984006652,8.211958393610772,-4.707391667109727,-0.5343293557948241,-6.101122240588056,8.569436882596213,-1.1890637152029548,0.5297037707463553,-1.3264479179794002,-3.0946859204899804,1.7563550840324784,1.4178219628641835,-20.499733455094752,3.3057729720870745,-0.45346690389145616,-3.1781278028555864,6.884346940545916,-15.382451814744082,-0.051840464564212575,-0.039270860785104236,-0.0615730132774001,-0.13160399836080183,0.017060506991006055,-0.07066532724274475,-0.3050279683561963,0.2804606973029415,-0.042031624415919365,-0.36376995805551343,0.9038471424548917,0.16218270592737022
-1.7121755328854888,-1.9855616015100948,-2.5235400203490137,-1.2661469678132136,-1.3405871093319253,1.27885485450262,-0.18517917063120595,-2.1253623868433213,0.3715634045447887,-0.908341659936057,-1.3592828368089014,1.7345118927901562,-2.5743876176305314,-0.2592163217405809,0.869705183504731,-4.000478825874583,-1.9586917069845975,-2.974217501445396,12.85106199675848,8.141938335744024,-4.69288057193206,-0.5191392040024916,-6.206706563967551,8.67411519301502,-1.1848579269291284,0.533845594957784,-1.3283310806714064,-3.0588827965307406,1.7388636105823159,1.3736893197062552,-19.828487278672323,3.254318006391085,-0.45130648006718427,-3.240972152454299,6.755404732877799,-14.947960749750374,-0.057369757685843695,-0.04285032460033845,-0.061097920318314625,-0.12730912820698215,0.0143445084876894,-0.0657988837630785,-0.3020541339278182,0.26354696463127547,-0.041108544979007955,-0.37096510943121486,0.869048469595281,0.1551288117638006
-1.7285672445675693,-1.9693834153226197,-2.5271688171092594,-1.2840786738991563,-1.336506005732512,1.2759853039151283,-0.19368571119008193,-2.1366489453533695,0.34421128828874276,-0.9598374745602358,-1.394827063941393,1.8161834520333808,-2.5665976114065114,-0.2570762198144383,0.8480272812013991,-3.975806567685155,-1.9260725257787532,-2.92779881672009,12.766688273436005,8.115041022110452,-4.687728964034425,-0.4824565635674279,-6.313523679042728,8.789039942291671,-1.1757046520420182,0.538648941381563,-1.309982131851812,-3.013885964023577,1.7229400989068229,1.3327083915228255,-19.3513383498184,3.227964327954768,-0.4369324180128616,-3.2627461994977582,6.633683342668628,-14.484812671702112,-0.050424202561646835,-0.04344626420060017,-0.05535050248411626,-0.12875288140265445,0.0128552637467908,-0.06681688699569417,-0.2934643259176986,0.24807075046896349,-0.04226830211070751,-0.36476395162246733,0.8307465314569055,0.1447441924893377
-1.7367346778773185,-1.9370928436422437,-2.509212074846239,-1.298372223280214,-1.3125884296401802,1.2672876887058404,-0.20558229808150327,-2.130728214066867,0.34265022891518354,-1.0040909075209636,-1.432476269204193,1.884646244052925,-2.5544295625590734,-0.254948676232996,0.8242419485653055,-3.9441178642464845,-1.8883801823507547,-2.8604922243595765,12.663470358007688,8.066058600985775,-4.67038437896614,-0.43253778021473344,-6.430067345580235,8.932361290938909,-1.153911968986999,0.5563722514976123,-1.2964058305120738,-2.954453923769081,1.7216407539074534,1.3164706686576304,-19.004379297239407,3.212264954584543,-0.4070767940237597,-3.237155946311058,6.569081717019051,-14.177034977858286,-0.052707642659951245,-0.03493063016490964,-0.05229209952046323,-0.11838110037299601,0.011747439185871225,-0.0581931336208141,-0.2924181794880339,0.2429694530617583,-0.03516253402824224,-0.3602677048524546,0.8040420119224916,0.14326855387243473
-1.6134277654925597,-1.742619148635341,-2.1492141097192614,-1.237835060181735,-1.2625337790030373,1.1970434453241157,-0.2202945571390274,-2.07996248732137,0.3382164387105814,-0.9783067345666809,-1.4528038091382054,1.8631378474260174,-2.4037513301796323,-0.28068097264491576,0.7805076587703716,-3.6666240090947193,-1.729209949343983,-2.4638905381855913,12.23770765132689,7.7203581797070395,-4.422237648338011,-0.21382655478413626,-6.606209031067181,9.208580951381869,-1.0457916900702149,0.6285297871060118,-1.1341420534948572,-2.7046598415404617,1.739908553802213,1.3118148578741544,-18.34487658895295,3.233274251350208,-0.19415971196787538,-2.944714483365794,6.498559298888547,-13.435279686497465,-0.043855280328846856,-0.037142743664479234,-0.05161414590648578,-0.1069165658709122,0.01624302491134121,-0.05497340499909003,-0.25095510358830164,0.24046161934021107,-0.04662063474904939,-0.3100075765078331,0.7862924908030409,0.12485015628785409
-1.584985789963085,-1.6727036973585532,-2.0424362425373186,-1.2337962720939526,-1.2071452851515159,1.151800421276584,-0.26077705669434886,-2.017219256553377,0.3259180950189732,-0.9551543440728573,-1.428329676968812,1.8045577689312318,-2.3819430252738063,-0.277541435187865,0.7698932083267641,-3.570295580381537,-1.6740739183899036,-2.337526657122712,11.695182037850019,7.380739591165944,-4.2405448197364395,-0.2582592875078802,-6.423453024896826,8.96360250100276,-1.0193725352599576,0.655402274189392,-1.1202852460549124,-2.6547522884191146,1.7408402244983168,1.314862900424631,-17.934815773328104,3.218998124154209,-0.1243193882000711,-2.841628970590506,6.3848301527197355,-12.824021201977361,-0.048104233544921396,-0.03541599468708431,-0.055795186570575944,-0.09740884704093762,0.017410829833149757,-0.06452684275917817,-0.24484514534359383,0.24121660496486844,-0.040168858601275156,-0.2984114728350665,0.7820988834771251,0.12376103243625648
-1.5978846906490454,-1.6619122321783644,-2.0489727664101776,-1.253234730476791,-1.199581992029578,1.1483616302429005,-0.27891867200771014,-2.0012222128257404,0.3074186900385595,-0.9739475681973246,-1.4244410842478654,1.8055227897476998,-2.3903075118892017,-0.27378959062191577,0.7700146307349935,-3.575007968972843,-1.6665165603176912,-2.3370044132853964,11.513325663358971,7.284625300937482,-4.203082584594654,-0.3058350652610919,-6.338775824924641,8.82132225900295,-1.034492638447568,0.6464848229662215,-1.1442260819755499,-2.67079800761591,1.7456058462057928,1.3283965918959766,-17.783542561558264,3.2009661707375305,-0.11917093007508639,-2.8690556439813495,6.304731983597569,-12.569826896896211,-0.045431283885237386,-0.032895559515155735,-0.05476534968432729,-0.09679414844985465,0.017566396779722396,-0.05989440215829237,-0.23681301556422552,0.24041479571057886,-0.03405099086985173,-0.2999247910777797,0.7780209997003475,0.11773859442488054
-1.6106003128125213,-1.6698533124760422,-2.0858476653280684,-1.2700797329326983,-1.176736793336422,1.1229946267411388,-0.32730075324785673,-1.9489749541930024,0.2657536320092073,-1.013844026560614,-1.4022193537246006,1.7852199950624583,-2.4364306054054525,-0.2712489110312248,0.7743598146614286,-3.6562018336114974,-1.7190342237613672,-2.4814786228948686,11.399803821099285,7.23974789070315,-4.242112690279446,-0.3899881587732587,-6.265137595833895,8.65153968842744,-1.0790908307733624,0.6146429542025611,-1.2028203287557757,-2.7562615410672957,1.7318287432151356,1.3350691913410961,-17.79094137400092,3.1497233338654147,-0.19414486936584774,-3.023440902348868,6.225263826854816,-12.538949703774346,-0.051134396099191355,-0.03375264622709483,-0.05591934476942802,-0.1050326330301347,0.018643655545145476,-0.06995839045726351,-0.2498560104144806,0.23856550475249547,-0.04167569102221199,-0.3153918129437552,0.7728387664599958,0.12852674936596192
-1.603499475233012,-1.6475435433846823,-2.051475058391162,-1.2716572332517142,-1.1677643087386085,1.108440797388701,-0.33817945922370274,-1.935183518427599,0.2612733061237759,-1.0200670416789204,-1.385102636329528,1.7541477499559512,-2.429387658291007,-0.28081854163334363,0.7611144575696761,-3.679794393736825,-1.7343406105802175,-2.5228770829159797,11.39031031727398,7.226171995480805,-4.250329843522264,-0.40640153596550566,-6.2549705810401885,8.617731832974064,-1.084522905543298,0.6085671456660698,-1.2021855375299602,-2.7710933358576106,1.71842126101782,1.327319294641686,-17.76346014478775,3.129216306684636,-0.21835720861567604,-3.092695033390045,6.1865692893199045,-12.536068366279347,-0.04937358242091065,-0.03669500128022915,-0.0573650750918683,-0.10754314891810804,0.01729076224364116,-0.06686837349528305,-0.25071952097827466,0.23209502822133216,-0.034176001285882766,-0.31377917609892664,0.7592724273487087,0.12301192663093319
-1.5755218071938661,-1.598625838519117,-1.9775200956162395,-1.2660938482455621,-1.1413814357227205,1.0749494739408,-0.3697431279693114,-1.8832458569795218,0.23060209306840201,-1.0156823234738173,-1.3664310835846643,1.7058580546317603,-2.4085808669037307,-0.2843613589583012,0.740882026190837,-3.6429709679348874,-1.7177870700591247,-2.4967809530365077,11.185280750087045,7.09691370804913,-4.1951819738640665,-0.4225647823785379,-6.22820728160077,8.549292087707778,-1.0814031870807366,0.6089090638523732,-1.1875525405693381,-2.7636069701280257,1.7049667324928413,1.311571235585502,-17.630019707139304,3.0949196162665213,-0.22508012103164665,-3.1621138888058993,6.143940943049211,-12.529119997511884,-0.05349092722851978,-0.03906667746044011,-0.05833998124310008,-0.10874384894118683,0.01887922699317719,-0.06236564316981417,-0.2550076538247239,0.237369464803498,-0.042685398274463264,-0.3189181566026309,0.7601088825641581,0.12738031159578797
-1.5772408122043502,-1.5865805730985911,-1.9678974139109653,-1.266468378007433,-1.13151573912843,1.0709171049267499,-0.3753229915120063,-1.8760563083426032,0.22527491463167026,-1.0113194618455217,-1.3615255016604921,1.6940758525768245,-2.4014351514776044,-0.2819736552873079,0.7391266945784822,-3.6167663167013346,-1.6943041477196477,-2.4503742059386946,11.120332356458448,7.055474314826607,-4.177302936020049,-0.42490317501614006,-6.192727876604032,8.501196261670689,-1.070603394997548,0.6205053753401861,-1.1884903982859678,-2.734973242270695,1.7022048294686671,1.3119768104999083,-17.57902832877813,3.0976153235043427,-0.21012300756855823,-3.1394913685162757,6.109055819692001,-12.35967069022271,-0.047901872897681996,-0.03683726391767248,-0.05748773373020973,-0.10450902981960203,0.017374368818165006,-0.0647288374732881,-0.25346144585886127,0.23330463749502384,-0.028583671334536636,-0.31898876278016336,0.7628671198610257,0.13067677732516644
-1.5415131007901186,-1.5821938802911437,-1.8967011276015153,-1.2348991589859006,-1.126302684502814,1.0838712430362683,-0.36062423038500535,-1.8696080324074666,0.2836696432230462,-0.9808781703165425,-1.3675177411907684,1.7078412469594488,-2.3247483992524187,-0.27700657886083163,0.7699485716806266,-3.4297389679582038,-1.5625437936048057,-2.129590425764154,10.334450672296278,6.552760312267245,-3.822265784986217,-0.44901461745867277,-5.938946345326062,8.202243423832336,-0.9935147956447905,0.6757671689259261,-1.0777030101279041,-2.534409322224717,1.7196452386189176,1.287137036907325,-16.5621315573972,3.085406290282312,-0.05748133967575597,-2.868268374440686,5.889418522219314,-11.017619910185672,-0.04400354144849838,-0.034379010392977666,-0.05241838147316259,-0.09833996920479356,0.018964286910397622,-0.061054848423053365,-0.23767028475996055,0.22641909821916842,-0.024819550431283033,-0.2872833856491089,0.7298089075389961,0.11182027703293977
-1.5114751065353846,-1.5630372716249794,-1.8440313491832465,-1.1995871784302745,-1.1257821481819905,1.0785249189276735,-0.3510320781299619,-1.8562215854190074,0.3079349405941078,-0.95569020380549,-1.3633008570470513,1.690189124646427,-2.285354098794418,-0.28269701330155017,0.7574048528693812,-3.32302480534057,-1.5134765879116836,-1.9924505765630613,9.91272618241211,6.287994983791254,-3.6439192296085223,-0.47870463167846067,-5.733477093740159,7.95693172463752,-0.9769964390104282,0.678461061678267,-1.0309451629428048,-2.4541235159202057,1.7032896352072666,1.2542433766164471,-15.936737781290455,3.0616839229118216,0.014342888946166747,-2.730539316800413,5.778038062448083,-10.345583090016111,-0.043780766590679226,-0.038524045068686966,-0.051212407684844384,-0.08489252194497865,0.019130161191304583,-0.057622186151160194,-0.2223576295720196,0.22325359495302713,-0.03077862624093082,-0.26575093224564833,0.7227278118424083,0.11026816808153347
-1.4527844769018772,-1.4677630724609299,-1.6882123761013066,-1.171500890218816,-1.09461688057475,1.0337654576685833,-0.37048715923060965,-1.807624483719836,0.3055655267992741,-0.9314472178481172,-1.343382498750599,1.6416313774392128,-2.212483090638638,-0.2908062951357668,0.6917502802211686,-3.218393098880695,-1.4561618787066068,-1.888691300435946,9.333715532028183,5.927232600752653,-3.448071997357209,-0.4980404399996934,-5.612627072908271,7.762983735635775,-0.9573801902537571,0.6640119179700231,-0.9486314275499389,-2.3556277729275155,1.6290271428357235,1.159509238526138,-15.052229797780525,2.9761511581535967,0.038067154246222076,-2.713822435108353,5.599996270585914,-9.688971084893534,-0.04176530866083406,-0.028987920373019494,-0.047043834936102855,-0.08350417717657747,0.015116614042611363,-0.04855138013787001,-0.20285169321083898,0.2090452570242672,-0.028092439870665502,-0.26772870033735285,0.7005944730082524,0.10879710446620176
-1.492147255709489,-1.4097650221989775,-1.6874258060936356,-1.244892227741337,-1.0253222397910529,0.9815634671148171,-0.4582597562400972,-1.7407681531100996,0.21839622556197857,-1.0159906429001735,-1.3575310066592248,1.6763825966963832,-2.277284033473908,-0.27287444742227485,0.65359371827576,-3.305688519722137,-1.467848001499317,-2.0140899124160874,9.151960799343712,5.865492770931755,-3.519429361199533,-0.5427410493874467,-5.675444208638111,7.7425083670119115,-0.9989524762138643,0.6466280483051768,-1.0197574568698768,-2.437486521953994,1.6001892029079974,1.137785810653827,-14.751888246518574,2.895514786018375,-0.03300551100763477,-2.9086088992447054,5.422293008250421,-9.492344735796788,-0.04426254864865595,-0.032936234595556,-0.049698290847002974,-0.0924434762454469,0.01221070303134635,-0.04810731741963419,-0.20501915792755787,0.1933446334563373,-0.03378010879249576,-0.28787880725507614,0.664845638031449,0.09887207079196579
-1.630180816644878,-1.5147681099226369,-1.943863610285627,-1.374993586755612,-1.0231757057813768,1.0241111759782655,-0.5317399473952917,-1.7555022304261299,0.1507559667124277,-1.1738212666830679,-1.4079534000284433,1.8408651733961416,-2.4053356738468126,-0.24883980494516025,0.6663429941076928,-3.5372707845438067,-1.5417960820607264,-2.277664981908339,9.273328935379576,6.0626942885556225,-3.7199567339523982,-0.6104991692889011,-5.846166870219406,7.859516429219524,-1.0615180968588969,0.607803607745597,-1.1139398514926797,-2.575582216849712,1.5787881142638676,1.1138249315505333,-14.321993592883409,2.7973002555271838,-0.18102148139660434,-3.159171882292526,5.19654383857505,-9.181509965698542,-0.04945507400764238,-0.03531472101842084,-0.0577491341961941,-0.09627652371303186,0.007925066521603184,-0.04641491038760464,-0.21749981686547518,0.17257480800557615,-0.026929378241352935,-0.30919871300646806,0.5795551079841327,0.09962112842962892
-1.6718681508804232,-1.5668724921525257,-2.045339177722064,-1.394301650050039,-1.0486595566246582,1.0563874773551518,-0.5036943947380761,-1.8284460022425293,0.1525537043405473,-1.252331888142432,-1.464460513083958,1.9990303145144435,-2.4176517466644487,-0.24549971836936843,0.6801047865184933,-3.5784864573490176,-1.5571339640045132,-2.320614586275008,9.334248766882327,6.130989031516622,-3.7527882232607053,-0.5876213900527033,-5.981258017740185,8.032796144662576,-1.0733881198377162,0.5991236788795673,-1.1334375695089003,-2.5561903201559577,1.566025742282117,1.0812427456118432,-13.998981705257302,2.7667713873059108,-0.2050320234573347,-3.1459407504254555,5.068666033765069,-8.731835285924536,-0.045587557574654276,-0.03555807058441176,-0.048767447571643044,-0.09714551518251725,-0.0036724589133771087,-0.04827539975679771,-0.21362475682899967,0.15615822027347884,-0.025501010139090837,-0.30471060350479656,0.5064538104835384,0.08796432936281613
-1.671726668631782,-1.5470792680965753,-2.0275495150552536,-1.4207209301958907,-1.0464289643061517,1.0711406880101721,-0.49396275789405214,-1.8433376245160848,0.13177585961744928,-1.2757811783957589,-1.4882483032605573,2.046533618448467,-2.4081304185998436,-0.24849670991825262,0.6449532138253244,-3.5867404094915893,-1.5475046554872984,-2.3200680245558076,9.607956827643658,6.296182015799209,-3.8367814432675473,-0.45695488398324824,-6.252100281681348,8.392607489119893,-1.0619612860610708,0.599074032920708,-1.0993249101382776,-2.520889071760699,1.5440063820814403,1.028475787505516,-13.705234175423792,2.7601469946577493,-0.16991878168046473,-3.1185827298133018,5.10811397611044,-8.812016396050911,-0.04511244165819844,-0.039781882464673415,-0.05173740413902557,-0.09407532190081092,-0.0033509743938407786,-0.03943060453645355,-0.19462478241931153,0.13512601102513686,-0.02286716483979993,-0.2913450365223066,0.48569548090204145,0.0814900043972972
-1.6423104538353865,-1.5204935729415017,-1.9749274378143722,-1.3896464467169705,-1.018705842195126,1.0186418391190908,-0.5101904739662798,-1.811717215811979,0.11385569879958973,-1.2633818561834445,-1.4779727429378904,1.9956267084368278,-2.3843944688565015,-0.25258723584464077,0.6348615376733198,-3.5068768838962336,-1.5212803738699188,-2.2388409321509104,9.662507531578,6.312404058741305,-3.853922144991234,-0.4117072318788293,-6.2984781287619525,8.46156916166085,-1.0425493992587702,0.6160487284184172,-1.085440988164418,-2.4562434228969057,1.5638216762296118,1.050075714728894,-13.869227078423972,2.7832977283618914,-0.1399294754588843,-3.089022723463139,5.1624487846022635,-8.941864018858842,-0.04514251709770051,-0.03706117071398339,-0.05461202105440114,-0.08642143207552352,0.002349819514753377,-0.04257476329670999,-0.19621706498374783,0.13594615910159186,-0.03480036924254286,-0.290991176962166,0.49562809768159294,0.07554919623793568
-1.5709802753422173,-1.390189342927142,-1.7625762780035186,-1.3823857385597997,-0.9849601378745135,0.9837569683590812,-0.5355882103426457,-1.7682579178810875,0.10243227292194426,-1.2410587135452145,-1.4534605649051136,1.9314645145788307,-2.319246129518105,-0.25090310542688704,0.6102925498834805,-3.4281753260068766,-1.4658909271852116,-2.1262304650490473,9.519656936446195,6.200576214606338,-3.7889412246909444,-0.3865030113771933,-6.263784585706243,8.43337073713418,-1.0030178696718248,0.6475133503719335,-1.0352325495535395,-2.412324681942955,1.588123465763018,1.0730755610321412,-13.937023646593504,2.817072511927538,-0.07342762663410318,-3.003318845410635,5.197637026849218,-8.925448369262957,-0.03968676580329062,-0.03749005596410453,-0.047823430795250754,-0.08320018943703007,0.005277341406550344,-0.04163915085096467,-0.18506308990108367,0.14439124209647086,-0.03188458927597687,-0.27019228395492867,0.5189612813306075,0.06304143558746982
-1.5671848505147585,-1.401979029888445,-1.7713026164620544,-1.358643634707565,-0.9912463118232092,0.9861204644900482,-0.5468292331880878,-1.7436407638837434,0.10402096308744052,-1.2378897580616928,-1.4380271288827848,1.9164146651540828,-2.3208550401223773,-0.25617429618363186,0.6270752172797808,-3.429090780106225,-1.4767202395619543,-2.1355806450698553,9.494448760600752,6.181014830209354,-3.7672028685250116,-0.4160818965267581,-6.214849803926805,8.362868089959028,-1.015584934108174,0.6391807316800517,-1.0542831563374595,-2.428163803934666,1.5804727780040262,1.0754543204482891,-13.980920352113015,2.819092888210771,-0.08154472651792326,-3.0195566473673647,5.197335404881543,-8.953242303263668,-0.04706069494005536,-0.035416098421505324,-0.048639926279706654,-0.07531133651521092,0.002585835535170142,-0.037530608698273515,-0.18910637957980211,0.1515539875102961,-0.028805381828469184,-0.27230660828211195,0.51923424667387,0.07425727853864297
-1.4930153754110729,-1.3830944615218996,-1.6722245825604385,-1.300369701589188,-0.9967342154562057,0.9659996712469224,-0.5221654774295836,-1.7280497983311185,0.12604649262510215,-1.1624443955671864,-1.3730476063358694,1.7845820521681761,-2.268553675740146,-0.27749171743286455,0.6157586462455786,-3.347652907302966,-1.4630241430187154,-2.0619541516671043,9.284645815456857,6.02257526064007,-3.659199788218066,-0.5002278334169641,-5.942796916138079,8.022539975513805,-1.0084270275710727,0.6291539347554028,-1.008041285971038,-2.4090042889395376,1.5680564104283965,1.0674411202710004,-13.99681399298201,2.819285511923092,-0.07085581505885491,-2.988339282325033,5.215785302433722,-8.94887404417253,-0.04281451583066854,-0.03714290036203464,-0.04445767577185542,-0.08157248240668377,0.00530566843888517,-0.041066762491550744,-0.1994927402621658,0.15165176577937456,-0.027691094931043565,-0.27552197011377744,0.5375534650421798,0.07697382145727594
-1.371284438902964,-1.2433453753273047,-1.411992207820586,-1.229146537567005,-0.9601240960749046,0.9079392382787489,-0.5183549306692362,-1.6644976053044387,0.14447612978200652,-1.0885722166574103,-1.331455208668274,1.6534235742080476,-2.155401018447688,-0.29028943776202143,0.5662127681021815,-3.1760228929279166,-1.4025747052662652,-1.8950649624967675,8.960677132103362,5.7655653280577654,-3.495460904143629,-0.46876757521665485,-5.828304317922393,7.8856422676271425,-0.9675413692640964,0.6291146958564986,-0.8990547142640415,-2.2945595921391235,1.5333606516821703,1.020024862922983,-13.846672575198964,2.8060274141377635,-0.0030696854271332445,-2.924226155879509,5.226860552127588,-8.898378830288873,-0.04013343505612269,-0.034622968133256916,-0.043453294076810776,-0.08006392029189581,0.00391638579125492,-0.039875382096912985,-0.1893573276958954,0.16108492592053766,-0.03984420463246372,-0.2717406435298143,0.5598983869541293,0.0729581985558011
-1.3241245092874172,-1.1634247489716414,-1.301848328758763,-1.2020533571822287,-0.9298906046546938,0.867480096416746,-0.5321475635907877,-1.614521104801646,0.1321455893776574,-1.070371336144469,-1.300071443388612,1.59074419972259,-2.1064702584444412,-0.28344464932329044,0.5296980364885912,-3.078532053206789,-1.3457822589079023,-1.783814175144432,8.707818068202341,5.579535031022519,-3.3946521894845865,-0.47225839237083117,-5.741789414933658,7.770107598267928,-0.9364579045462257,0.6501140271222242,-0.8634260302574515,-2.2366976083400316,1.517140990037661,1.008138242636705,-13.710849758751563,2.7950666738093055,0.03957738630359667,-2.890928729656585,5.207692915750743,-8.799090440115139,-0.040593192537706636,-0.029028681542963754,-0.04199068935886962,-0.08180605078687393,0.0024698097358274705,-0.03983227631037682,-0.18273026909791698,0.16303062358481862,-0.02751982452595032,-0.261637628851165,0.5724072539030665,0.07432963189130014
-1.3155152200828268,-1.0758962813950903,-1.217607904489372,-1.2662213390475199,-0.8569182356003442,0.8126819700909975,-0.6361458828570016,-1.5170955187872528,0.05555911713776219,-1.1090342379115254,-1.2762865030583317,1.541606013260334,-2.1293759581963583,-0.2684071225471335,0.4760599778029313,-3.123477999802331,-1.3324186093439712,-1.8547002640468577,8.421365968845821,5.440203602025187,-3.4012199415328888,-0.4906823108125026,-5.7860439564653925,7.733973845015834,-0.9690202318680881,0.6277119861196705,-0.8966154498880217,-2.273849534394089,1.4763692645198614,0.9810065569812277,-13.569558183398971,2.7348994619161955,-0.009753428986585412,-3.0476563842983686,5.100457415591422,-8.789815225649294,-0.04291899870482767,-0.0316745127715282,-0.04920175811964962,-0.07986564807824038,0.008424534696496965,-0.03406429054153538,-0.19451605948989734,0.16486356026207055,-0.02925435328308284,-0.26684993761318393,0.5702168364624804,0.07904115056884828
-1.3524731203731277,-1.0736466022888782,-1.2570259270159998,-1.3066611256832152,-0.8373899750932122,0.7999840517098572,-0.6928131596619832,-1.4890223560674314,0.015647244700502876,-1.1644170643150527,-1.2798780856519623,1.5614824823564062,-2.173277197077213,-0.26478508727779804,0.455124547996025,-3.210213269461429,-1.3607480234380052,-1.9662591095345145,8.417316885445485,5.47718943913316,-3.4728113375109526,-0.5216047626296171,-5.854794410888086,7.767328457917207,-1.0020057653432985,0.6111654053983879,-0.9445336500382499,-2.338636135965789,1.463328462633653,0.9761435466024274,-13.547094855225973,2.6943220139105515,-0.0733179215897223,-3.186735477189561,5.023269317872966,-8.788012569666533,-0.04597145427605441,-0.034075883655548866,-0.043962887793194405,-0.07772137002587233,0.008386896130796436,-0.03552514224316261,-0.19197603818986458,0.15848587814932716,-0.022389097385456438,-0.2771026396542359,0.5573070686011622,0.08122594950190995
-1.351139762587866,-1.077281500586609,-1.261747894316891,-1.332460294178474,-0.8365002395048349,0.7901294996805402,-0.7484436280070697,-1.4605117813363881,-0.03165726659978846,-1.2298096700738013,-1.276657558546994,1.5816553874989787,-2.2129418513519807,-0.267391244315287,0.43748288040627303,-3.298650579305248,-1.410688699524308,-2.108545594473227,8.485230102619209,5.5589850393481095,-3.5840515108696662,-0.528608639345678,-5.9916673211599845,7.868533711985534,-1.0423555745812814,0.5747714569228513,-0.9647860716125768,-2.406224192933603,1.4322772311043859,0.9335382895747525,-13.490546252789041,2.636410423429792,-0.16151026101788668,-3.384342277802145,4.92950485526889,-8.828395754145754,-0.04427188305794802,-0.03836044549518215,-0.042895669911837866,-0.0859611211115114,0.003960618251994395,-0.03754275557183444,-0.19873168971512015,0.14674939912915144,-0.02050513546165768,-0.29604980147878357,0.529860094053897,0.0874741323687474
-1.334166681392,-1.054051279137931,-1.2269116178715829,-1.337404897296338,-0.821888979370109,0.7746824556369518,-0.767721893963139,-1.436875533217884,-0.04675288868047842,-1.2385113216368422,-1.2633450405547646,1.5684777885996126,-2.210085321207955,-0.2695874254369306,0.4128365479501523,-3.309664827329715,-1.4167469053209045,-2.1249208008804206,8.513612567185662,5.590168925562349,-3.621557007930144,-0.5255431178186329,-6.025966379519329,7.900922375248295,-1.0639138078675374,0.555372207402168,-0.9770227200296476,-2.427302453788361,1.4097177331460913,0.916220079441161,-13.456663580728039,2.614394455358115,-0.1903354344592995,-3.4487203704622957,4.92280974307933,-8.91880747245408,-0.04810875860431634,-0.039474609238159965,-0.05047192493004582,-0.09413176769950596,-0.0004776058128071457,-0.039622550670688005,-0.20620998098707477,0.14958422477791114,-0.038961153807030385,-0.30113367804922125,0.5235920893611546,0.08739791976380679
-1.3202428258935066,-1.0354950334564121,-1.201397343891788,-1.345557550797824,-0.8022997855970793,0.755219717579625,-0.8065750765859486,-1.4068935158760363,-0.09173665889796546,-1.2574564533099726,-1.2390674811891347,1.5305480955947188,-2.220664971090308,-0.2674587063973844,0.3988875410659815,-3.349662753688898,-1.4384907331867751,-2.199838137839384,8.621260152683902,5.664218647056644,-3.693978048692478,-0.5214343680636524,-6.094413878378365,7.951545980524835,-1.074689446557325,0.5547058556260913,-0.9995030652084164,-2.465799520795956,1.4082246083590915,0.9206566431081882,-13.642589656707454,2.6005868560893712,-0.21873639359074348,-3.566639563974965,4.920352302961985,-9.125086315481289,-0.04986318818746208,-0.03653246577703763,-0.04904356345289564,-0.09312383785491456,0.00536340410885675,-0.03740521211594368,-0.20914889069350037,0.14906667064383286,-0.030689392726819316,-0.3108864939404274,0.5271766090992188,0.08179350261022314
-1.3316598580993073,-1.040613953351797,-1.2254055150250207,-1.3746436904769594,-0.8068625330828488,0.7696623809602497,-0.8309965792963756,-1.3971296289584936,-0.10490665536031385,-1.2642696456851545,-1.2359600827238326,1.5262998430611348,-2.2404620752457163,-0.26583096080489327,0.40458594733156167,-3.3794409618162438,-1.443318147634623,-2.22184631624921,8.663900729311647,5.704058245848262,-3.7303919719899534,-0.513003772570633,-6.129688282972227,7.973508255620983,-1.0824061984625963,0.5582185454942199,-1.0326470320143175,-2.4835166571472023,1.4158711973816156,0.9248113729711452,-13.654808389619273,2.5959952496856324,-0.2260685151679149,-3.601635291045267,4.894130570824364,-9.103084349740971,-0.04861376459048402,-0.033893926751513676,-0.04889938157368928,-0.09835591288325338,0.0050861033243291935,-0.0447723413870992,-0.2091114917665992,0.14308524660824398,-0.029406801352295068,-0.30617068208337206,0.5174659680213823,0.0861397609973513
-1.3406898974514356,-1.0444213903111033,-1.2379586803310594,-1.3874384511973679,-0.8097707163701514,0.7807357249321841,-0.8471670604790632,-1.3977523561144707,-0.1159317586654341,-1.278617898438999,-1.235823603604655,1.541163078821219,-2.25218480843756,-0.2634245443676411,0.40788282799000797,-3.385259944234974,-1.4460941794802435,-2.228187427052272,8.70141504851259,5.7376371837328595,-3.7446483383811042,-0.49946564600367055,-6.181832058772873,8.042607720786455,-1.088723460830634,0.5529188726303501,-1.031001384283354,-2.484254959501599,1.4217249547436377,0.9333460139486062,-13.650167114348813,2.592526065267658,-0.23431461365697123,-3.603553620523507,4.881121779283403,-9.064856840473052,-0.05412647923443881,-0.03750518522513892,-0.04935011193092678,-0.08879662622666082,0.003613365572984445,-0.047379712019819255,-0.2058700540411251,0.14374659847804058,-0.03978859550013543,-0.3094976166177363,0.505511138430066,0.08198820327267105
-1.2807015954503254,-1.0234414343740792,-1.1547875491323982,-1.355544225396575,-0.8242697589394569,0.795133385527216,-0.790985508609712,-1.4320579812426613,-0.08964049431065571,-1.2523294914338081,-1.2296590436400745,1.5340053748555498,-2.191735812408682,-0.2700243317193519,0.4183304964416334,-3.278220294202811,-1.4111679484928688,-2.097398327479284,8.653143457799938,5.6743937598722365,-3.6556744326662733,-0.46371938436485843,-6.148935486009457,8.035507671939332,-1.058060594953685,0.5661383179806724,-0.988460315453791,-2.403745244579392,1.4219297128309623,0.919672218850944,-13.578217541872164,2.6209087365968204,-0.17186766035511336,-3.4893074590053463,4.892651376597476,-8.915142063346003,-0.04313378184879274,-0.03568021845022747,-0.04070367859204649,-0.08482756377146054,-0.003587062766616193,-0.04823212244959505,-0.20076802524152196,0.14291970413984317,-0.028572138125913277,-0.2958426668391254,0.5124673474552174,0.07671884368726738
-1.1654608295749036,-0.946792395025521,-0.9826172291772883,-1.2524699558607715,-0.8086065258469899,0.7538721351345118,-0.7402291463105847,-1.3859217921881815,-0.05115333319266161,-1.1085592445333368,-1.1346445449687046,1.335051428942936,-2.0849379919415867,-0.2885300817830984,0.4235326573361814,-3.0861815896073947,-1.3503418244056533,-1.9005220374820928,8.308043903048281,5.372021766905697,-3.4289887936906207,-0.5325720161505859,-5.7266370757716585,7.543852086354348,-1.0233007658106983,0.5654846306150465,-0.8901720894153392,-2.332296282608197,1.4201419080999496,0.9353229193966643,-13.683900718028273,2.653112797119755,-0.07075317000599368,-3.3371189219641857,4.949543389427169,-8.879424577934646,-0.04706069494005536,-0.035416098421505324,-0.048639926279706654,-0.08615061501210268,0.00351178861478739,-0.05086226772775522,-0.1978099893350367,0.16797007500494443,-0.03074218491221782,-0.2773174524932728,0.5687290987527219,0.09046152654471289
-1.1740139306259505,-0.9486034199767257,-0.9900650397947259,-1.2689402471777815,-0.803943375546354,0.7472076691002059,-0.7540590364352119,-1.3781802820183156,-0.06630937409687775,-1.1147812666577606,-1.1218420021428166,1.3068372253527116,-2.112553948167427,-0.293566335173901,0.4241704525048595,-3.1254039071159196,-1.3804671432492877,-1.9674965183183715,8.262294582350965,5.357945791549592,-3.443311484628754,-0.5513311148589638,-5.7140074365033495,7.504264886482175,-1.0589919580352718,0.5503230117143578,-0.9437506146025999,-2.391067126763363,1.4071936096373923,0.930954957705963,-13.735246326983846,2.6324789835636375,-0.11349712500211923,-3.416224236820021,4.936415762688957,-8.975148371921545,-0.04577196159692486,-0.035497285990629256,-0.045647322958909144,-0.08651904236278528,0.010962682327478844,-0.0432048691824681,-0.20362871063479243,0.1626112797510639,-0.03647632339201583,-0.2853418125997094,0.5664535483644698,0.0819414086753774
-1.2477720285068115,-1.0134467012198347,-1.1118280638167215,-1.349292492606144,-0.813373518720501,0.7736913810597489,-0.8107707146403235,-1.3739588927662294,-0.10885899630583956,-1.1740391710200557,-1.1129051326416035,1.3126587238705223,-2.2365116307457162,-0.2969015445482854,0.44564537710668717,-3.3472610561865928,-1.493734237922389,-2.251744263303304,8.453317822111721,5.544073945400284,-3.60965677741822,-0.6715330459551668,-5.676673616816003,7.381519291346505,-1.1559067612391782,0.4991402825519813,-1.0556112041644008,-2.5738472141474458,1.392737554735882,0.9410667756968094,-13.92586047381626,2.578354989636274,-0.25791708700911503,-3.6888713657556114,4.858924385464589,-9.146013781237466,-0.05386052669257266,-0.04163653819291549,-0.048249734818218044,-0.0967021935947795,0.000333784440979461,-0.05775463045482676,-0.22831082837421832,0.15520940499316285,-0.029597753356242557,-0.31471750202741317,0.543657269051329,0.09992877663606811
-1.2494394975829015,-1.0443832290429884,-1.1486470800269601,-1.356507574961583,-0.831381648746998,0.7923533842596777,-0.8089102460620228,-1.3911994723585412,-0.11335330006929249,-1.1824755323397258,-1.138628511801893,1.3468217253026524,-2.2369319839813913,-0.3003347926575768,0.4670255547095607,-3.3699090545128096,-1.5022176150694762,-2.2720708927645417,8.60956554444018,5.647961187398495,-3.662236754867807,-0.6371206797446863,-5.759624145842083,7.4855188895036395,-1.1614278985621054,0.49644782876302573,-1.0642562458052698,-2.589516158558458,1.4015295218980008,0.9355784137562111,-13.994630181277161,2.5815069881473383,-0.2833189519456523,-3.7210024550486906,4.841769824365449,-9.134505128242143,-0.05379501129854827,-0.03896442911216766,-0.053140868835545786,-0.0965440867498335,-0.0023162810488819184,-0.05090142768510495,-0.22632991009202255,0.15378703272123492,-0.030955547092777286,-0.3177656537472884,0.5324915038949419,0.08861347935404383
-1.2139494570342693,-1.0321802350637759,-1.097586273920677,-1.312343803887318,-0.8543536838123398,0.8060619217956542,-0.744904531712818,-1.426747186752821,-0.08464562307919048,-1.1224296653985415,-1.1390845404749936,1.3275617057110844,-2.1759825886600193,-0.3129836284584087,0.48478281424888076,-3.270282331084492,-1.4937029730124756,-2.1677138657158395,8.694167896185457,5.6385816664142965,-3.602537224472878,-0.5881971884435343,-5.774029095914219,7.531055677049169,-1.1162234861624796,0.5179430468273006,-1.0017046060596235,-2.4912276302158958,1.4074745957883998,0.9362028816794781,-13.931711947902695,2.6070240081929383,-0.21833956784381486,-3.6251909363516623,4.86597283517721,-9.065966796670821,-0.048392154484894374,-0.03667460062428971,-0.049165891906623224,-0.09545037035508737,0.006149059953876926,-0.056538818996342506,-0.21456973158517262,0.15351467065941216,-0.02977675426410803,-0.3092328480922092,0.537613822105866,0.0857010287477055
-1.1775428069855123,-0.9913036780618105,-1.0302124917042672,-1.2873226567163687,-0.8381076635176341,0.7853172690883962,-0.7423179266938519,-1.4141690870872237,-0.0813626547168092,-1.133167522055909,-1.1398839801030727,1.318812139032676,-2.1313543877659558,-0.3093633696773065,0.45519874042226327,-3.1729816063725806,-1.4457827446503562,-2.0540460504896454,8.470028118278233,5.479806044786596,-3.5069731380626257,-0.5422426174315266,-5.767837026857286,7.537073342969763,-1.0898590706573807,0.5232971982893598,-0.9529400909697442,-2.4212614163155597,1.4008748074888793,0.9197922767485257,-13.687329055524014,2.6020235829752223,-0.16674033846580513,-3.5674488631698056,4.838564564939297,-8.908681360027032,-0.04851461670659021,-0.03663396217235705,-0.047086257900387805,-0.09066724849609185,0.004813094841137954,-0.054212059215647146,-0.21339072707066556,0.15175282969269396,-0.02586427668040662,-0.29913005541266335,0.5410042820255355,0.08462655891600679
-1.1867507767104128,-0.9850676168174364,-1.0304381483260556,-1.294772389530937,-0.8234305629452918,0.771894338255077,-0.7649213431613401,-1.4080475495427889,-0.09562219574631978,-1.149007350819902,-1.1432935044665578,1.335764067508434,-2.1367100586818575,-0.30563937282034553,0.45717866924379436,-3.1790980344518913,-1.4321655899002386,-2.0523231001521194,8.408812320423637,5.461959631712273,-3.5078252301729163,-0.5738289577092308,-5.734586702581521,7.478364792947571,-1.0970760422957937,0.5227605330493545,-0.9681052884597305,-2.4351482322106004,1.396047331904619,0.9140400022767948,-13.596957354967087,2.585291627146492,-0.18228312496637755,-3.5846703270784848,4.790121093919996,-8.778783711279457,-0.047708887039496536,-0.03249349477746302,-0.04110093979234453,-0.0918955184644051,0.0021022652517628253,-0.04893963248237779,-0.20699996713459742,0.14923779710557464,-0.03368614036417941,-0.2992936144134791,0.5330651430947672,0.0861499404979706
-1.192488225851098,-0.9825962662598261,-1.0292252311267003,-1.2983346373106022,-0.822590780971517,0.7862822347464953,-0.7533016791556748,-1.4244383510668364,-0.08480197363871879,-1.1594519977602693,-1.1620512946407704,1.3655912532423244,-2.1584058813853835,-0.29257966885691516,0.44619209239001306,-3.151895146903377,-1.4057821892538152,-1.9991608832465404,8.309366050570516,5.403638862437806,-3.4593761268868195,-0.569730020758512,-5.734284587317659,7.481180891825795,-1.097299043550101,0.5254571391927765,-0.9730627680202648,-2.3863672455121785,1.3936108228274924,0.9011700976336051,-13.371726155386032,2.5827295995816737,-0.1585691153642568,-3.528286287669478,4.74686569794593,-8.543379665145617,-0.048007767890484304,-0.042211792952432534,-0.04866004573938474,-0.09235396528645805,-0.0007061628201810362,-0.04671514555744958,-0.2055503041621159,0.1461102177778436,-0.0312965192533712,-0.295828574234385,0.5199917582387682,0.07872318289325045
-1.1640368080031624,-0.9736201200243372,-0.992244478104131,-1.2775260894633456,-0.8209084505485345,0.7825977282262264,-0.7227316705763789,-1.4190744685687358,-0.05581879814470286,-1.1390747504604828,-1.1582664152131605,1.3527440732905498,-2.092935622447831,-0.29702270264015124,0.4696258760950153,-3.081557558032385,-1.3738399820334735,-1.9043387847245816,8.17404246274804,5.293222138523961,-3.3710446799059763,-0.5509322088684383,-5.686506064424066,7.438516754357683,-1.0568581581257714,0.5409856260984895,-0.91806764439343,-2.3361639264294682,1.4024032705047011,0.909936061683861,-13.2275176163592,2.585155211632285,-0.11808080867231716,-3.453722292330524,4.745053890487942,-8.41746951610431,-0.05019023304932956,-0.035072009893521085,-0.045265658747850365,-0.08860770602854318,-0.0007113111460588204,-0.047579749227087055,-0.19854562317758367,0.14610773089790235,-0.032739426007441,-0.2910123187784951,0.5135422854769918,0.08150696205638072
-1.118144831469137,-0.9590617908648009,-0.9370873085644695,-1.2314289607533064,-0.8293654154540233,0.7787408554422205,-0.6877200284134363,-1.421547530943229,-0.02491911027587678,-1.0914267808139668,-1.1487404744307217,1.3245115106778764,-2.031453052418927,-0.30987345792214255,0.4876314168673713,-2.989616037870487,-1.3528216078035042,-1.8047592144586904,8.031178503921804,5.167550698381038,-3.2628755620123138,-0.5449101896372089,-5.573460572699328,7.308492225378875,-1.0169861694873943,0.5586280916197933,-0.8583108495790097,-2.268240239906622,1.4045963317804773,0.9050275019499111,-13.089687841730562,2.600103618919959,-0.052945835653027476,-3.3386831451714376,4.736391456958873,-8.206163070167547,-0.04288742871363074,-0.035761343096918606,-0.04486268731758204,-0.07929797692362396,0.0038186531472861047,-0.042917156471089256,-0.18941665231611468,0.14698167418415772,-0.026001111645717178,-0.275693651589349,0.5235603042279433,0.07689537981800053
