txl1_x,txl1_y,txl1_z,txl2_x,txl2_y,txl2_z,txl3_x,txl3_y,txl3_z,txl4_x,txl4_y,txl4_z,txl5_x,txl5_y,txl5_z,txl6_x,txl6_y,txl6_z,txl7_x,txl7_y,txl7_z,txl8_x,txl8_y,txl8_z,txl9_x,txl9_y,txl9_z,txl10_x,txl10_y,txl10_z,txl11_x,txl11_y,txl11_z,txl12_x,txl12_y,txl12_z,txl13_x,txl13_y,txl13_z,txl14_x,txl14_y,txl14_z,txl15_x,txl15_y,txl15_z,txl16_x,txl16_y,txl16_z
0.00335394462061316,0.00248564714081247,0.00674275894591187,-0.03218156496359038,-0.0005756013050748685,0.014937479985045667,-0.030492266191369664,-0.005313620629733902,0.00346562795780794,-0.02298617522228427,-0.008848573351602627,-0.0021174822656735673,-0.005310947932861023,0.0005341054525704013,0.05118861621772628,-0.10942962601130851,0.02491578072567134,0.02960094502343036,-0.06724441068101299,0.02982738715519267,0.0027114895530570924,-0.04965941326744387,-0.02897786353660435,0.015728304131440562,0.013045214996332854,-0.04706770407167758,0.030851612788463947,-0.07972459410850936,-0.006929356599779493,0.027329350699674026,-0.0777965835622173,-0.013372980550242351,0.018993762626298868,-0.06934045113975182,0.008024857379476606,0.029904536750452636,0.008312481456499106,0.00927305555233012,0.007903217786895629,-0.014970474577724513,0.005730820582550142,0.003789286015535272,-0.02730877872410336,0.01010066692527278,-0.005727391635054866,-0.033418903360054,0.018114466451671092,0.004844108589808048
0.003492661207355307,0.0029581508035328432,0.0033953797734072337,-0.031856424441526636,-0.00234441813032421,0.012741840828577008,-0.028388146628958635,-0.005261603102765683,0.0036249868606413444,-0.025148491160287723,-0.007097724780502628,0.0011112209671122779,-0.002120138438817663,0.007830383491714615,0.03963050725421211,-0.10764307890149491,0.023005044300725308,0.029478587889910434,-0.06595211438380254,0.03366459091150798,0.010669257609534024,-0.05950330493685684,-0.030150489619414342,0.026849262325890702,0.013154232496035374,-0.04701678524293776,0.02968824329847989,-0.08069889089604605,-0.013364624190678126,0.023628334294468274,-0.07515822607296535,-0.010337498415651998,0.016598756451862515,-0.0810726121358766,0.006735544583426745,0.028653026244489645,0.002716387492231004,0.001227457305762464,0.004121180850731942,-0.01593582455463775,0.008474135409953612,0.0008365331900186961,-0.026259598939995285,0.00994319470013184,-0.00241090570062067,-0.03726112425210624,0.020482650714916405,0.015305226885495337
0.0088821285235995,0.0009079128781810364,0.004630613322780047,-0.02964662632424845,-0.0024307795327601447,0.011279453974367554,-0.032828370322626324,-0.0013970637316370288,0.004574784914927606,-0.02333799517076048,-0.012455867757875182,0.010887775574184817,-0.010635566805998451,0.012449204891486132,0.05211971402925914,-0.10854138810144433,0.024094071290143147,0.01898066667615894,-0.07326279363517683,0.029751638422766225,0.008151214786792945,-0.0508322128576353,-0.0257257163231229,0.022475434078149788,0.009181074513286964,-0.030548211699804477,0.03513112010438504,-0.07722971970508329,-0.01673633413741015,0.022664517632353477,-0.07789028910113589,-0.008573365294884656,0.016449773559503673,-0.08755404256359027,0.012683124194879757,0.025761978684316372,0.005235653237934796,0.006723422198193569,0.009646478444225795,-0.016966548657736873,0.008603294808030197,0.004881025388433769,-0.02804949096543286,0.005821103234564481,-0.002782238429411658,-0.028171036197095257,0.016763074311268673,-0.0007049049167273713
0.007114500041061621,-0.00240401573820456,0.0035291948183455548,-0.02776370316675095,-0.000748343521744584,0.01201539213754857,-0.025794501215790962,-0.0029051063366737516,0.0009539319405620839,-0.024615359839255727,-0.01244338221636787,0.008384336616724025,-0.004492391223346848,0.006776835851250742,0.04462548953620088,-0.10901294766417345,0.026716588880831504,0.0289010333132463,-0.07468840299328497,0.03441388382936493,0.014485990500685726,-0.051288611234891875,-0.02916682803701725,0.01736909390294522,0.016440262662460153,-0.047430327462631275,0.03391851105183573,-0.07952813182154257,-0.010190172072861754,0.026065081438100362,-0.0777965835622173,-0.013372980550242351,0.018993762626298868,-0.08325682057229536,0.014447231329887136,0.030947045577789038,0.0036340034142120932,0.006872472150740382,0.010982433776971655,-0.015538319886501664,0.007228633145287362,0.006130384820130178,-0.026217705160448985,0.011982083579572278,0.009145659929881627,-0.03512032672112464,0.01662112371862914,0.005941401320551361
0.006789494141607142,-0.0035037214029291475,0.011338878256288553,-0.028245902015255363,-0.0006720060610272401,0.015617445267990464,-0.030253381297755975,-0.005184320195698677,0.0020808469615769694,-0.027596196778238206,-0.012432850643500163,0.006123175325615528,0.001249207993910655,0.011681645072572388,0.04321745964183261,-0.11792065664876678,0.028566267218054196,0.02610051133543024,-0.07441700796583203,0.0328156167970603,0.014240624624084389,-0.04893116719314231,-0.02537419199455856,0.015673246890806583,0.009323157423815566,-0.046858314243089075,0.03127281015104003,-0.07336516439823565,-0.003886850155950267,0.029172099615418945,-0.07917821549735714,-0.014932470567693087,0.020676931699503374,-0.07738760089027671,0.008386825623095645,0.02673368204917545,0.006636544930833957,0.0038179247858397803,0.0125889057105727,-0.017882429991292016,0.009914175240421944,0.0016118542723290207,-0.027112816786326353,0.011504495118185657,-0.006356243283986321,-0.036923173784367366,0.01799471508174156,0.008766006039823662
0.008835921169683285,0.004263457405262553,0.005690415830105861,-0.03029396837380472,-0.0006110812459849412,0.015877736484047597,-0.02694352648642437,-0.0024384720692596866,-0.004746185208509459,-0.02791784701936466,-0.007078410409019101,-0.0025337076574094403,-0.006347802602832358,0.006785021280883566,0.044881219774543527,-0.11107058754052987,0.024856847366714226,0.028344924139778408,-0.07302591490313144,0.03239737850443831,0.01449995346429456,-0.04887006741501751,-0.023758662924409372,0.02145983342922245,0.012338677536253562,-0.03334471726288082,0.04033124005930717,-0.0801421180316341,-0.013544518505995803,0.027879040266334712,-0.08510954647382873,-0.010061377933769645,0.02243636097311683,-0.08014224524741147,0.008672596155711967,0.0334822608070565,0.005169041314885303,0.006741254529976508,0.01069041859130929,-0.02048854206030128,0.008582888458849051,0.0047734084493600585,-0.03135560118016763,0.012211166952467293,0.0022203069409438714,-0.03167067408384338,0.012107757259704704,0.003640422900407147
0.008835921169683285,0.004263457405262553,0.005690415830105861,-0.03029396837380472,-0.0006110812459849412,0.015877736484047597,-0.02694352648642437,-0.0024384720692596866,-0.004746185208509459,-0.02791784701936466,-0.007078410409019101,-0.0025337076574094403,-0.006347802602832358,0.006785021280883566,0.044881219774543527,-0.11107058754052987,0.024856847366714226,0.028344924139778408,-0.07302591490313144,0.03239737850443831,0.01449995346429456,-0.04887006741501751,-0.023758662924409372,0.02145983342922245,0.012338677536253562,-0.03334471726288082,0.04033124005930717,-0.0801421180316341,-0.013544518505995803,0.027879040266334712,-0.08510954647382873,-0.010061377933769645,0.02243636097311683,-0.08014224524741147,0.008672596155711967,0.0334822608070565,0.005169041314885303,0.006741254529976508,0.01069041859130929,-0.02048854206030128,0.008582888458849051,0.0047734084493600585,-0.03135560118016763,0.012211166952467293,0.0022203069409438714,-0.03167067408384338,0.012107757259704704,0.003640422900407147
0.0034464187467552494,0.002800632601312648,0.0045112939142711705,-0.02791344521709714,-0.004158078168146682,0.013623034693194412,-0.02952952378577816,-0.002748282882580386,-0.0021336417500911744,-0.027561255728585005,-0.014200303952424647,0.005885891630521247,-0.00468323704959058,0.01323013035557694,0.04780921817631847,-0.10721575469373403,0.02095073699596388,0.02706229645199021,-0.0715483780335789,0.03958612047330681,0.016233117085183168,-0.04856567851043149,-0.029122860512369595,0.024427953328036458,0.005722441331317563,-0.04425778003207382,0.030742102439976205,-0.07816073674826128,-0.010276533784943972,0.027237750624059677,-0.07760357456327233,-0.0084036417453158,0.01450860082653844,-0.07742511204264951,0.01027640894628473,0.026778730688542245,0.004235551862619527,0.005307042132362544,0.002150780623140265,-0.016855811172846815,0.00573604663563686,0.0042370534589176966,-0.033751327838330916,0.0071022242738176845,-0.005063909487555144,-0.030504306635700563,0.012753028930562276,0.013371161717555665
-0.0002238189860350257,0.0027337063914101983,0.005564922981652993,-0.031274845482537776,0.0064116151636080514,0.022262753771743398,-0.02951563359767511,0.0013485337059554656,-0.002250912499120991,-0.024120211765463435,-0.015962924338914615,0.0051549368704249055,0.0011425506585705759,0.013747341042622119,0.044675847091038424,-0.10569766799023043,0.030122485254201983,0.02562661353962381,-0.06657868445887845,0.025923229632641303,0.013696962991155118,-0.04999383414492028,-0.029186498106653372,0.02219127493256519,0.018600389408675606,-0.037995668252119516,0.03172723635087397,-0.07949119183912556,-0.00854401942897725,0.026184072742551426,-0.08098875404522031,-0.010264069091057997,0.020906281405973795,-0.08250688746704693,0.012424461654492087,0.02629439476747468,0.003969497496178991,0.005378720876237969,0.00632746106526256,-0.015591889076217837,0.008661876394498539,0.006450886949493688,-0.026685557730451785,0.011075621346847314,0.0011833417984006742,-0.03377051201375637,0.01301302336179301,0.012480687707635826
0.007068801471721124,-0.0008044540525730287,0.004620345207315682,-0.03218577843157056,0.0011423078955438508,0.014732369534696943,-0.02791002667119591,-0.005003006782989527,0.0008552243899329515,-0.026495478860214545,-0.014219891610007425,0.009761170575879465,-0.0026984741586890547,0.013491043839633819,0.04637078073507015,-0.1073268313908784,0.026208397316410868,0.022657332505015594,-0.06622505189481939,0.029326795920733575,0.006332942963254537,-0.049159994907800236,-0.03264076529162503,0.021899058649327636,0.014549514358918903,-0.040304908560079566,0.03538933506117972,-0.07748390507555208,-0.01700844911744934,0.029991481089402267,-0.07570407183072829,-0.012276010436460174,0.021327988802327443,-0.08454598442273431,0.012577053107116962,0.02842349300556462,0.005635551943956989,0.006616370727528575,0.0033811020174362933,-0.013697840745567003,0.015788521273441165,0.006581998049399087,-0.027504379096330574,0.008696796401528404,-0.00509810574209356,-0.03705869487621253,0.014751784037594983,0.011850551437015801
0.0016287134113568502,-0.0006735915201358636,0.004500415738639409,-0.02399533315902413,0.0008982817035926222,0.013694733173406831,-0.031407377670559566,-0.0067676500189451545,-0.003560143237260117,-0.027553198574472536,-0.0036451531903369974,0.01667810878873854,-0.002805093716103147,0.015554203751152915,0.047827667064789414,-0.11191291643657236,0.02511113367526895,0.031465627658218004,-0.07039457079889634,0.03485261540919414,0.012141950524713929,-0.04869582645361333,-0.030777379633290095,0.019931738843831898,0.010842838782788381,-0.03775969858677946,0.03601625616609238,-0.07893435925417579,-0.008724764740485584,0.030433498880747863,-0.0815282965055449,-0.005718868780256577,0.021274154500320157,-0.07874925017073353,0.010295861568310787,0.024296086293938667,0.010104361034783425,0.004850626479736143,0.005177046339941696,-0.015591889076217837,0.008661876394498539,0.006450886949493688,-0.031355607800944436,0.011505870475302864,-0.008915007937103526,-0.03226458561081673,0.011168400832114341,0.015671963761700006
-0.00013507578560282765,0.0012880773440698083,0.0033396897680870864,-0.026668566551464386,-0.004090741799803915,0.019363372720181602,-0.028379782953483923,-0.0032147821696360303,0.003565427125406435,-0.03157071308488318,-0.015993119815115506,0.010261075108505196,0.00021383106349127148,0.009554173443211285,0.05268995724303604,-0.10555133046694987,0.0281523400451675,0.024248523830211127,-0.0710198716818544,0.032113477321446905,0.009158223656406507,-0.049926914526610494,-0.029144811821512195,0.02089897536035818,0.007299128627440606,-0.04682999372296409,0.033227741888558655,-0.08057213817968235,-0.008669915009471606,0.030287192557461918,-0.08031018882027091,-0.008239978696036921,0.015206449659361035,-0.07810289553491154,0.008520097333423,0.03134921438470027,0.002839171857793617,0.003998591207379678,0.0009111645076679383,-0.018341209519267532,0.00854466598452003,0.0033107596607959973,-0.02820300838769501,0.010326080286599084,-0.010101216459835876,-0.02666503655262666,0.014914820079894052,0.0024877540147143404
-0.002044386688233103,-0.0007441051790114667,0.005533669548195215,-0.03298722744250831,0.0012692052659412346,0.020732581695040136,-0.03097547709332137,-0.0076196337228294185,0.006293867397857877,-0.027313809017283867,-0.015960420149618605,0.004275087287791086,-0.002743580695278127,0.008832452749654544,0.04582569818063964,-0.10790876721802299,0.03409108510938833,0.028181553913129615,-0.0715293414022173,0.0336631449713635,0.011641844265378605,-0.05162300028253692,-0.029375114292692565,0.023830538219984515,0.013796236478410596,-0.03831893313517873,0.04374914399264468,-0.07598247997351264,-0.010268807971118996,0.025332749251080443,-0.08202080272571595,-0.008370452910893882,0.017981187879804173,-0.08128805190013924,0.008658468746674947,0.029848015018523424,0.007035810680105708,0.0037097838797307274,0.006327464853987923,-0.017652828003805764,0.008920079656664562,0.014535476158651825,-0.032788057716344264,0.009556439118291805,0.00016147269589323379,-0.0352387900056971,0.016432473682865986,0.008347916664831777
0.007117446856604267,0.004624715878503439,0.003431407941914852,-0.028733179581039922,0.0011217725949950526,0.019015313011034395,-0.024382191055698783,-0.006220689617991139,-0.0072373901229011986,-0.026639105713250802,-0.007091898337089231,-2.4724258569828945e-05,-0.008953664414788131,0.007529160054906139,0.05250992382069254,-0.1086057718970377,0.032374101791149384,0.029923723363873698,-0.07103617597664742,0.03377176839247109,0.007159968959517234,-0.052188629298661096,-0.02732177622673603,0.011866604130410983,0.009267805696186541,-0.03518701498400026,0.03352936540929456,-0.08440564207877327,-0.008379545956290691,0.02574447301106997,-0.07838200063117695,-0.005627236801333943,0.017666665388792,-0.07814010727580928,0.0104094188650202,0.03139337368707744,0.002431415309919068,0.006914494936366934,0.00605415843930276,-0.00962343239907087,0.010262927611924226,0.011019176988004236,-0.027891257022562867,0.011166088330432774,-0.0010764427598722456,-0.03535730279240381,0.016243871724591696,0.010753963225348748
0.007163780605411432,0.0047822010795205185,0.0023144696376077188,-0.0271625545671861,-0.0005801566518534245,0.022558476431606043,-0.028619029715551393,-0.00334409325667229,0.004950169963730494,-0.025610602669176207,-0.015958105737140033,0.004028009269393704,-0.00103992953499453,0.006229666325025438,0.04648112702678307,-0.11173997789635716,0.03028841845913155,0.02604024293958137,-0.0707738372943308,0.032167264770000044,0.00691725223270456,-0.046604800025036336,-0.02715561831071841,0.02340929910384046,0.006972833030976078,-0.04698236851160999,0.03671679453297763,-0.07629057685395724,-0.011946455437335312,0.02624115411251191,-0.0737475668952609,-0.011263774404710712,0.024632116000957376,-0.08278837509167922,0.0032921195806132645,0.04010773067751324,0.0038976007061701265,0.008206123693387999,0.006241007217786607,-0.018341209519267532,0.00854466598452003,0.0033107596607959973,-0.026259598939995285,0.00994319470013184,-0.00241090570062067,-0.037215338675292906,0.01299013393902391,0.015197008087355931
0.003393682038506079,-0.0026329427561280244,0.005671117253639787,-0.028733179581039922,0.0011217725949950526,0.019015313011034395,-0.031641357701054446,-0.004848250011083355,-0.0022338599666800606,-0.024831151066863278,-0.012393911976831384,-0.0009879926788454597,-0.000758742051200038,0.009090897141946951,0.0443851045417732,-0.10127935705618922,0.026045412965598418,0.022258445049711317,-0.06797491427982798,0.035607030358870355,0.014015516286446683,-0.051665805848772756,-0.023836737711982133,0.015680814228230016,0.010724049547444353,-0.04015721488647966,0.03695734850799104,-0.0748095690222618,-0.007093720500752489,0.02776591557155115,-0.08137323865353718,-0.011231180519696283,0.015795974820427078,-0.07807239262513377,0.016045057845386318,0.030374554734168287,0.008039219732206851,0.0065318990759472215,0.01323743222283896,-0.022697901175186684,0.01005590749738835,0.006564411956568179,-0.030111072325597087,0.013457415549537572,0.004907462647649501,-0.035315005026472064,0.013283783911495083,0.010230709487658361
0.003541020775751052,0.004875135180771709,0.0022649210161994685,-0.030761964265978298,-0.005686282988368803,0.020093233062617732,-0.04027532065403219,-0.015446506618341694,-0.0012033551155870342,-0.0235179924321629,-0.014173884556446706,0.0012738464986322986,-0.0006520635387580174,0.0070258836925964786,0.04292774769447386,-0.11309948786753136,0.03014610452053612,0.023747194089586192,-0.07559052610511446,0.034939039910260344,0.009746714948840536,-0.05890838781639855,-0.035371538249007156,0.024699965649478257,0.008909384631150003,-0.042375504204619295,0.03636037733650763,-0.07435982558365255,-0.010080448205879658,0.01917559572913085,-0.07778567851704618,-0.0077762559131571325,0.023500838145522982,-0.08411379644497131,0.012723345176246398,0.03666942019498839,0.005437605905353629,0.0038602168566817785,0.00765383734299852,-0.015322194034382884,0.01267862888658571,-0.001235257371960578,-0.024189971906108217,0.012860348120746157,-0.004575738628565327,-0.0349046591953633,0.018479820995673857,0.0013895028535363056
0.0053482032960937296,-0.0004461816461763792,0.0023487241149877606,-0.02874385766233941,0.004557039867622613,0.018610249200846002,-0.02532711967479638,-0.0046923514565612645,-0.0017560846122381265,-0.021990996494091225,-0.005333681045890953,0.0022562717328876466,-0.002401062327779603,0.00496957593595478,0.04172795975586661,-0.10517054329914914,0.026664053023795063,0.029327377271414518,-0.06709217272092877,0.030804251523794443,0.01217421673698166,-0.047371525116772444,-0.023657642134911314,0.022411331414756437,0.004904386276740759,-0.035307842669475266,0.040893982624050765,-0.07239804002617381,-0.008700770838256516,0.024716087142910424,-0.08113928116270384,-0.004752679619750471,0.02638375564471467,-0.08311304552010808,0.00688810854490419,0.030787686617533967,0.003773326939993758,0.004028442511769404,0.010023400824296674,-0.02173996331468449,0.005654606612940196,0.0025475481674051437,-0.02238148239525131,0.008476868026955065,0.0018298959160312012,-0.038443246588028473,0.012251130718004839,0.006671325276074368
0.005259877359996513,0.0045136074813595765,0.004522857352665256,-0.035043890493584515,0.006483917131480508,0.02037376084309245,-0.02206101078732474,-0.003061709292500021,0.004040289632988426,-0.019899428670996054,-0.003548255934230754,-0.0004756404777926049,-0.0016185692806413741,0.011889880682463825,0.053218509824679884,-0.10078062315223364,0.030294812329540444,0.02937472245569551,-0.07110643581578258,0.028774225050805242,0.014273772518495728,-0.050496150616055904,-0.025518349818267356,0.016016081628430538,0.013987939197958007,-0.04525816988647316,0.04074973837553287,-0.07544168475010049,-0.010206046898434924,0.023280691035702107,-0.07892526491212931,-0.007567213675794683,0.022394486407581436,-0.08246684850183027,0.005113840927234147,0.03784054669623466,0.005702239589581559,0.0065985192357565165,0.002336583355589953,-0.017313875513869936,0.004367114960120813,0.005935692859833187,-0.027619858233295904,0.009965233041107384,-0.003615283332417858,-0.03349511838660165,0.014963887464262823,0.006726665917212909
0.003772167472290698,0.005663461401287125,-0.003318052490735867,-0.026531449560547777,0.00275293688819477,0.017354423253273715,-0.029782263646417294,-0.006973354609165194,-0.0006296026741721126,-0.02387559285337882,-0.017667296094692232,-0.0072138875662173885,-0.0007133847817380794,0.013752259821703996,0.04493154054868778,-0.10637169346312607,0.020696425602662154,0.023943876620940774,-0.07015904704961669,0.03656905533378405,0.007902284172165076,-0.049926914526610494,-0.029144811821512195,0.02089897536035818,0.012092716407135815,-0.04048916289138082,0.041984084638958974,-0.07650768203705503,-0.010574590264564315,0.03368438970404651,-0.0810882143465011,-0.011061674302460295,0.013854715524153056,-0.07985242882517184,0.0029718314643037225,0.03220308078972079,0.007168985803282093,0.0036737150138972867,0.004239656742064029,-0.010006345145013817,0.008423892808103734,-0.0015318480102015594,-0.02208968534932443,0.012542566829482689,0.002055090275120335,-0.03705869487621253,0.014751784037594983,0.011850551437015801
0.010927186060484918,0.0016493366451012655,-0.0009217532321881991,-0.03313983584973092,-0.0021400926673958488,0.022343452061381303,-0.03235776423132634,-0.00523631655640147,0.0019213091989187204,-0.02883992571590978,-0.014187874799548597,0.0033834961177318427,-0.004082732870277247,0.0099017803594878,0.04134372892873766,-0.11490905806784159,0.021050162392902794,0.02617894720633634,-0.06810429365462405,0.02964161977125616,0.010555369341475416,-0.04640755175216167,-0.025459957740841026,0.026614449027202867,0.014331746722782654,-0.04040826786729417,0.03771395768525901,-0.06997342465077301,-0.01055185471713584,0.027970001670436805,-0.075614458582723,-0.008991675107285317,0.018662777303016936,-0.0792483459722799,0.008505958780143921,0.027714379641553287,0.008234484489553589,0.003667403847142209,0.011262935469679726,-0.018656177137778326,0.010011027887755208,0.004646025782899053,-0.03006766080599806,0.009512941253462267,0.002570327437802714,-0.034744063687545686,0.015706053697230053,-0.0015431647109977098
0.007023176582581084,0.0007952266135997684,0.005712187921501379,-0.02432399110676641,0.0026665592610288485,0.01589568868567765,-0.026933733620817826,-0.0003911174550676777,-0.004805860946000943,-0.028874842262858625,-0.0124201650308839,0.00361936179098737,-0.0005679567628256012,0.002629727801335164,0.04119797909947959,-0.11149567760354773,0.026912310053957677,0.03076869037356864,-0.06836203465304737,0.026981431737544106,0.004212708339080094,-0.05212844363229326,-0.025703923869004122,0.01765039758070544,0.012500231879300059,-0.047322109995949324,0.036666959316737,-0.07598247997351264,-0.010268807971118996,0.025332749251080443,-0.0770837861760763,-0.012949909936611917,0.014140907303249042,-0.08239795099287864,0.006754518020280275,0.026172582494274933,0.01137082303614236,0.0047901434493317395,0.009065186070260712,-0.01662248836999728,0.008790987946298416,0.010493757357390712,-0.03034099390348528,0.010714832017290092,0.005107823975547779,-0.03367710469669678,0.019217567451016566,0.009919918759370424
0.005532406619661753,-0.0015748487809121676,-0.002095206209622367,-0.030308523843152687,0.004542590926202392,0.015266704160016376,-0.03752205724748166,-0.0038067866280640057,0.007082897901218298,-0.02522085496338717,-0.014176244379400797,0.0015194607270822022,-0.0065387205357260655,0.013235253876961776,0.04806307583597011,-0.10488936090946371,0.026579399949533074,0.028287116607432616,-0.0722882322103333,0.032558929816459116,0.007778754710697846,-0.046003471339990554,-0.02521065626620715,0.018863475211181934,0.007453857893136764,-0.03740864900449513,0.03292795843475935,-0.08030193518449612,-0.008638450682746407,0.029261534963211117,-0.08148592466121304,-0.006430295009918001,0.013251236098840798,-0.08372106550746834,0.010767258607219046,0.03432548085560918,0.006970020198779332,0.005132949553747784,0.0067966518849106984,-0.01430327481215937,0.008500459052732499,0.0013956794927906498,-0.02665262407755757,0.00713711068678668,-0.0011520843221532536,-0.03297859186549916,0.012755095746776291,-0.0034272153329117944
0.007302154218211453,0.003496868851028467,-0.0010124715797322815,-0.024491584568869972,0.004409464307846105,0.016896057917886984,-0.02951563359767511,0.0013485337059554656,-0.002250912499120991,-0.0249012362984742,-0.008858194447026497,-0.0005042067804802408,-0.004643784467681479,0.004183826490560599,0.04553858443922776,-0.10610207863989136,0.02446640907721235,0.02461597763577038,-0.0679708784748211,0.02800756080533257,0.011435487469981269,-0.050764964966504914,-0.02568428365102041,0.021183858176223855,0.014549514358918903,-0.040304908560079566,0.03538933506117972,-0.0732482164321982,-0.010441644679296617,0.027677521763664194,-0.07864346563946262,-0.012994817846724451,0.015946426828143227,-0.08153947698339696,0.012471097107362182,0.031084123968180465,0.005568875115843144,0.006634219482159332,0.004425538034316511,-0.011836808711681308,0.004605893930977808,0.012231013143101477,-0.027112242241220736,0.012208288907686646,0.004776927673350502,-0.03532281843309242,0.022355741854535194,0.009399606119418043
0.005489935989866535,0.0035426530093680742,-0.0010408662481853216,-0.030638888962482177,0.00802922637006021,0.017261279709369956,-0.029290248898473554,-0.0026188533461649153,-0.0035191107384274106,-0.028415181517857463,-0.014173335335181378,0.0006359171905223984,-0.0005679567628256012,0.002629727801335164,0.04119797909947959,-0.10545168471196496,0.026748707632299515,0.030367598177835298,-0.06507995421802872,0.027187909191674756,0.010835673133541564,-0.04972341509495275,-0.030590925898332906,0.009935831856892868,0.010397885298088697,-0.04031203075215707,0.04044382871402906,-0.07952813182154257,-0.010190172072861754,0.026065081438100362,-0.0793132873809797,-0.014131719452416161,0.012776616155087269,-0.08447459681471006,0.008796964664223705,0.0283458872206476,0.006706371625129566,0.009421341873101228,0.00924990366183812,-0.010530653605039323,0.011572578027999086,0.007745473448110346,-0.029097399337496953,0.01125665004890238,-0.0033367151112948046,-0.036762691696960115,0.015222733527227772,0.005835290699346396
0.011021044063348548,0.00020815455060731704,-0.003121925848466061,-0.03186071453694844,-0.0006264968448436172,0.01253645120879408,-0.022968807279811373,-0.0024659979942077566,-0.003044013005429163,-0.028769876617812967,-0.017722855766568263,0.0029128616248100957,-0.0006067445637106014,0.01168754187959084,0.04347379779466502,-0.10683204097025123,0.034316679231273226,0.03151080618857294,-0.07257355162302445,0.0358181306100943,0.006025414059137212,-0.04810086201135245,-0.027259493289809082,0.02246281688817492,0.006706188490069826,-0.03542981232957612,0.04127864373460422,-0.07924159687971681,-0.010401957554856778,0.031340182174481104,-0.07781530315301524,-0.006176230921274466,0.02265416795377755,-0.08071497871248091,0.006668765219085187,0.02634499185130519,0.0033565315752775325,0.012562967558338608,0.012902854387295456,-0.016769981705376597,0.005956920985961662,0.010860950948310437,-0.02843563917216593,0.013568312438167284,0.004000848280386124,-0.03330041518921071,0.018303422785460932,0.0024368306084923963
0.005256937076338288,0.0009970826171219265,0.0045609284463182485,-0.02728715138949532,0.0008934941737130003,0.008209597283823734,-0.027670911271267785,-0.004873676938947252,-0.0005298822242763555,-0.02681656632770334,-0.008867622157365748,0.0011081642215427412,-0.000888049741773475,0.008825211410242563,0.04556947078129245,-0.10488936090946371,0.026579399949533074,0.028287116607432616,-0.06975159663082614,0.03166809175187059,0.010537317182897778,-0.05448057392198155,-0.029502676072095068,0.01935558581377028,0.010387642475471807,-0.04265647870618672,0.04022367327778589,-0.07415091262831972,-0.013585583434015858,0.024220212281572076,-0.0787498361247717,-0.009082257563543913,0.022271579696425212,-0.08096720805740823,0.01048159701804406,0.027582551306765405,0.009708061169728254,0.006364485928356289,0.01085729794155026,-0.013959506666732272,0.008688136756961807,0.007009564349435165,-0.03575966238004855,0.005509518118580481,-0.0024712826602856703,-0.03353318287285258,0.013389237567321226,0.00766849195057337
0.007442440395731741,0.007485856195002405,-0.0044144708613909085,-0.02857259236562793,0.0010963931769318533,0.017815160970283926,-0.030259659867272456,-0.0072319296229392815,0.0021402361123501034,-0.023270261521179014,-0.015933817774007996,-0.0003434365217958444,-0.00813644308631399,0.013771765249452905,0.04594860509834723,-0.10929382362401237,0.026801292844750236,0.029941510963154158,-0.06836031579504553,0.031249556850917206,0.01079578165511513,-0.04866780268554722,-0.02363443184472361,0.017584817393189456,0.010832784881426877,-0.04010558450199686,0.035794988316425407,-0.07696689149487407,-0.005210985134759255,0.02348908126830162,-0.08138479436005204,-0.005633887408004629,0.020304033518048947,-0.07874925017073353,0.010295861568310787,0.024296086293938667,0.008376128035538222,0.007848787076456025,0.007438282779898353,-0.014422851230594716,0.007319850354481948,0.008711895646521924,-0.029408446562013028,0.01112119768795175,-0.0012250650953803818,-0.03848120355509264,0.010677852094221002,0.007613775542314408
0.0033584068095639475,0.006004172827675224,0.006715902650968382,-0.030459240001148396,0.001132032225708216,0.01687395965767266,-0.03001445945677777,-0.005054998638893985,0.0006959157127759267,-0.025325932185290993,-0.008873266767474023,0.0022423258860168717,-0.005271104970498752,0.013566439523636238,0.03594696130106825,-0.11107854742274549,0.028713698616210603,0.03007138106635189,-0.06733670467633876,0.02481856775974213,0.009836725558647624,-0.050638599455151624,-0.024024954643458832,0.025672561391514966,0.006060489477980347,-0.04176259065228071,0.02746576326239854,-0.07686869379642942,-0.013654939721284952,0.0281750861011752,-0.07870962632251118,-0.009794850903860512,0.014249605323972753,-0.08099879806635274,0.002956721975357483,0.028570994227014007,0.0010290445582573275,0.007009862411426246,0.004257486101975042,-0.015505607883378366,0.008881762077397168,0.013073164685457505,-0.02781204733567946,0.013838758201668308,-0.0002210375304641381,-0.03361780957024176,0.019312109030496367,0.008716844858530791
0.0053046997548250275,0.0029126685856448453,0.003425414854908791,-0.03267078346596718,0.002936250520557456,0.0181279785340136,-0.026772673865327983,-0.007513519203918626,0.006613808592174418,-0.018835100770403713,-0.0035697704553042035,0.003409079044318079,-0.0023107736421404132,0.014289588670500298,0.04281810135461793,-0.10791343723611337,0.01923567368671798,0.02880383179740588,-0.06976456351675364,0.03332818943336234,0.008538272317068177,-0.05200258425045168,-0.024043397599225642,0.02213833073024871,0.013080999389679106,-0.03767573943924838,0.03174791538846544,-0.07461526661091239,-0.010355223204644323,0.026505233023999902,-0.07757335897444807,-0.010003972882080566,0.015356395549518436,-0.07967342586402301,0.002938304448403058,0.03104896892388412,0.003964255589356356,0.00818838192335511,0.00519651180815939,-0.02072712509069858,0.014320894236625971,0.006080139795137472,-0.028086291768310997,0.00976207953116873,-0.0004477649337170639,-0.03343583406461081,0.015058100583207492,0.005523244500238599
0.008696584311393515,0.002035119969015296,0.009068466165059819,-0.028749271213149564,0.006274900030266908,0.01840828393794145,-0.03097547709332137,-0.0076196337228294185,0.006293867397857877,-0.03018875730631309,-0.010639295917892068,0.0013501145600906077,0.0015081644585957328,0.012214151159858916,0.04084824720829241,-0.11135140481608029,0.024941607935323337,0.029385198403486065,-0.0704759531126164,0.027250172261052266,0.010672327428809773,-0.051810336538069,-0.02234071711585824,0.025332798667344295,0.011357173742970914,-0.04454053812326896,0.02953839270482676,-0.07677793752472464,-0.010605902900252418,0.03470965722354355,-0.08198212728505631,-0.009970394679738245,0.018829271046004886,-0.08050450965927654,0.014162161660030639,0.024207053024689066,0.005435553912147628,0.006669908779996934,0.006514162133178588,-0.015129425673838492,0.010030614979090002,0.00474924517719884,-0.026727174148239368,0.009035555456348446,-0.010379705471504158,-0.03195069337418625,0.014692872834022784,0.008976878360710278
0.007024790154047969,0.004309796420409492,0.005664921300441948,-0.020851617873866083,-0.0025050943595983526,0.02077660283153768,-0.03891662217563444,-0.0014176005901975106,0.0027140735878674466,-0.032035546200559206,-0.014184517112644051,0.002498967814709242,0.005540864414887529,0.005996381843287923,0.035953311197475135,-0.1055981644265419,0.028718071115123107,0.031744288742706656,-0.07331471086922521,0.03565330104192164,0.012748680068475736,-0.04887006741501751,-0.023758662924409372,0.02145983342922245,0.012239676934474784,-0.03104956218446219,0.04171693380733798,-0.07444789864536151,-0.004013829167215061,0.033276026708615764,-0.0756404271287272,-0.007391390709271831,0.01781572983584659,-0.07853452024557818,0.012365256195615413,0.03374387157216389,0.0053014648248809765,0.008110827249387246,0.008032770397081154,-0.01662248836999728,0.008790987946298416,0.010493757357390712,-0.026186772722254573,0.007340345918834402,-0.004319928235170277,-0.03987087845635926,0.01270944173670303,0.0020128645816094655
-0.003950010855718877,-0.0010158752810181823,0.007720043348589346,-0.030464028673823425,0.0028498413985628846,0.016670232920316143,-0.022474469232843627,-0.00016177313287859716,-0.005876642046117459,-0.028380140093638206,-0.01594102537961806,0.0003996620478571387,-0.00826529499285885,0.013506030930473515,0.047132538234599564,-0.10391139141102022,0.028210348834178004,0.02550061493846948,-0.06976456351675364,0.03332818943336234,0.008538272317068177,-0.05259901025859127,-0.025993607134638514,0.02669032287453023,0.010842838782788381,-0.03775969858677946,0.03601625616609238,-0.07519405730069322,-0.01206411024265078,0.028439723391665565,-0.08088251740016561,-0.008579452564591278,0.019088176829932742,-0.07760386302966514,0.010309656630328881,0.027932588493185327,0.007438461367453305,0.006413389462767024,-0.0010901137582721423,-0.013337807567528321,0.012890190399845082,0.004931827978522223,-0.026415204074234838,0.009875521149672252,-0.0013550599485724125,-0.033694218161362914,0.01616171340046131,0.0105980364568726
0.003490535235651586,0.0011990409589432598,0.0034100280337459187,-0.03251055681422058,0.0029109525976857547,0.016927985397957746,-0.03398706002856052,-0.007079307449822994,-0.0009501086307588953,-0.02355316755277227,-0.012406501536439338,0.0015166090428590073,-0.006213415903188446,0.02074999711077982,0.04651174935311235,-0.1059786924996363,0.030207094549477245,0.026667785363920088,-0.07013456618251472,0.03324687440002705,0.011899543482557165,-0.05474019505007111,-0.031246680760198875,0.0174537298670599,0.005771568419547485,-0.034891121497189176,0.03159729279473526,-0.07442123011309579,-0.013616744934262973,0.025246006261332464,-0.07870962632251118,-0.009794850903860512,0.014249605323972753,-0.08443869606009527,0.006907104272078121,0.028307459286149507,0.0025787313576444565,0.0026669883510548583,0.005647769158177872,-0.012105530792142232,0.007029254016033799,-0.0003847468009010071,-0.030025049496805584,0.005568947165182595,0.0002365607890073153,-0.03870491845206286,0.01788736377618002,0.01132717913344105
0.005254057002448544,-0.002518401317170086,0.004600683357694506,-0.032662685759212315,-0.0004992295909870071,0.018538117449327953,-0.034223645306663254,-0.005158957358502261,0.00037668644047277185,-0.0301190452192238,-0.014175374564805129,0.000880853639393956,-0.00019588958607397172,0.014817880468580135,0.04019373586070858,-0.09471983117162218,0.0262790639097461,0.027270256937781685,-0.07373528177238439,0.027058393675722086,0.0040398245621002,-0.05636830636751971,-0.03143696369417134,0.019095210378183035,0.005216887811058594,-0.03749257000696349,0.03719505582658594,-0.08089569007870988,-0.010103816601906505,0.024892217218885886,-0.07984612489831468,-0.009585735362763637,0.013142582526161758,-0.07914364676793485,0.012252195354365175,0.026647793516941135,0.0038285505300722673,0.009629087408298497,0.006720097703711056,-0.018398277651031077,0.00997874491206706,0.003634707254790453,-0.030222887542586077,0.009445177341502388,0.003625731248051839,-0.034744063687545686,0.015706053697230053,-0.0015431647109977098
0.005116445826435363,-0.0012325738365531155,0.007927494264277857,-0.02808518971166602,-0.0006974556685243198,0.014416881651189177,-0.025566428633674435,-0.004821689587841127,-0.0003708026326205562,-0.02575063813103123,-0.008888267164945072,0.004988077896489054,-0.004015106528731172,0.01688990703084375,0.04216115538733278,-0.10338327048361201,0.02475361494738978,0.029207051121188907,-0.07207195935575694,0.03853010976274827,0.010132305265453301,-0.0530516251470997,-0.029438861291567236,0.02159330352953045,0.013280827515519414,-0.042269564299901356,0.02897293400551166,-0.08123893857363773,-0.013426999218619815,0.025679733839715908,-0.07583696295948879,-0.011474300079485881,0.013428226012513512,-0.08604981965547248,0.012630074264997357,0.02709284626476955,0.004102503044377808,0.005342886978582862,0.004239286134133655,-0.005664365370424131,0.00999845499867813,0.002475294305006438,-0.030422407777629876,0.01261757731872244,-0.004113783490835412,-0.03502301417793201,0.01829083980541325,0.003796880349174972
0.00688233497825933,-0.0031896046910034268,0.009108145547973932,-0.02637688783048463,0.0044454290348384246,0.015952944675395337,-0.03277837282488454,0.0038199957132301786,-0.00816638056966591,-0.021780129511582,-0.01593851491367445,0.0007833672520899435,-0.009197112085306837,0.017698608345810947,0.039367222295613874,-0.11065344790349625,0.026658124129080057,0.027646872308614463,-0.07177675721741615,0.031010361224593164,0.005294339009017949,-0.05141542802776,-0.020514309207133208,0.024655499566505822,0.009572342241926046,-0.03972202845749749,0.029602517484579264,-0.07870121160059299,-0.010339258427764893,0.029289129545239486,-0.08084601240455885,-0.010179317972111435,0.019936068721701852,-0.07657102486833203,0.015991789057306832,0.031706680363082884,0.008236863249556185,0.005072674843458146,0.010684524261867933,-0.013890605202534927,0.011302631787816588,1.1203436699841769e-05,-0.02434609997023034,0.012792791456839068,-0.0035197311875579383,-0.03302119032561456,0.015717928958242235,-0.0029039869049256734
0.008835797728527281,0.0025069407976991767,0.005718632654196959,-0.0266627992091594,-0.005807607914223969,0.019566500008286747,-0.027192569629318,-0.0046149538825542985,-0.00330054621040519,-0.027310693412312577,-0.005346416887519725,0.004332529113256483,-0.004318444641955501,0.011699284587054163,0.043984761316048435,-0.10901294766417345,0.026716588880831504,0.0289010333132463,-0.07253415754157179,0.032505057265094194,0.010019532608624981,-0.04354539461659714,-0.02847230432783752,0.01691770364707536,0.011495047181671408,-0.03744806118643647,0.029041110619045355,-0.08166967429870246,-0.008552142866134201,0.02808937601241921,-0.07652006967014512,-0.0054114889177881275,0.013920992366500901,-0.08150320253911214,0.010581387764087716,0.031042677726029817,0.005501347256298591,0.009463435780161455,0.004328672120373382,-0.014784960391568392,0.01021781436126418,0.010361341891384457,-0.02894156087699168,0.012028874301701414,0.006738807163260917,-0.02474284978895207,0.013725742986207034,-0.0027489034351690445
0.010647001457079275,0.004217074647955593,0.005715683652735728,-0.030128599473107278,-0.002354203015282007,0.014881671719844055,-0.027892354538580407,-0.0009089204582726278,0.0007361628808565022,-0.026781663529108143,-0.010635620778247179,0.0008686391161765861,-0.00037075164023158856,0.00988833724502787,0.04083135300327183,-0.1101273551011657,0.023199955640445493,0.03134021932994515,-0.06873979070920697,0.03283056906579622,0.012156957489789691,-0.049328905146649435,-0.0271968991701323,0.01634673221766016,0.010418503657724012,-0.035622004133030155,0.04088524304148097,-0.07843098537107812,-0.010307899295820563,0.02826348087114185,-0.07828856708711983,-0.010427753010885757,0.02020858851965453,-0.07956888514372117,0.006683207083058954,0.029979276069222228,0.005635551943956989,0.006616370727528575,0.0033811020174362933,-0.014370713725543884,0.005887054220347638,0.0083929778268632,-0.02333988593159788,0.011300274386511409,-0.0006315923949823935,-0.035001912938686416,0.01680982183188116,0.003534417192507502
0.009067894817722308,0.008565165741362181,4.682412042663658e-05,-0.02447154151293932,-0.000742927070974981,0.017497445125972916,-0.029290248898473554,-0.0026188533461649153,-0.0035191107384274106,-0.026853784874721304,-0.017713334991662513,0.0012890441744970898,-0.0021588310627157466,0.01688651151516725,0.04190700245362144,-0.10901294766417345,0.026716588880831504,0.0289010333132463,-0.0681228469588924,0.032965881364325586,0.006554355066204346,-0.041916114713589726,-0.026718894158325422,0.022369729187025237,0.01446607176134452,-0.03330814878539693,0.03723229300419292,-0.0748095690222618,-0.007093720500752489,0.02776591557155115,-0.07752764749555872,-0.006006369448013523,0.02071396161912519,-0.08053615982205739,0.006635380332554122,0.025190777599703687,0.0028305599052072345,0.006807569459597544,-0.0002127061897528451,-0.018941569301522392,0.013130199515000416,0.012929280595868033,-0.0352003561107248,0.010443153263846367,0.006771065499208005,-0.031632701012872376,0.013682758007245747,0.0026978258128337543
0.007442440395731741,0.007485856195002405,-0.0044144708613909085,-0.026030769508288084,-0.0024758643396489127,0.014358435364967014,-0.02343449083274757,-0.0006795579429063657,-0.0003338163062742007,-0.022452927663048416,-0.014193488851736713,0.005150913459632378,0.0012264230789275018,0.009349644032252673,0.0429437081577727,-0.1060020312247263,0.023064389480958805,0.03073575424731514,-0.07214483438899656,0.03093033049778752,0.008655698379588635,-0.0499047536941788,-0.021993899530348787,0.018541768926060926,0.013080999389679106,-0.03767573943924838,0.03174791538846544,-0.0769887615273732,-0.007102032444995977,0.02967235514288198,-0.08027479726276517,-0.009840197504638808,0.016054504625458193,-0.07635257561839624,0.01007698998097581,0.019852825090553892,0.005568400632934924,0.00803980174844267,0.003854788956197593,-0.015023508358134345,0.007164048379214328,0.004109033505835516,-0.0211980887880028,0.011614858681616548,-0.004707417064821848,-0.031692019451267484,0.013588638758179662,0.003901586768553458
0.005164292716233278,0.0006823844890260886,0.006792707876819041,-0.025393197007485654,-0.0008601228561505854,0.009352337979111565,-0.029536504932727838,-0.004796292156976204,-0.0020743975425363812,-0.03136367469558724,-0.015930879746236127,-0.0018546998162073298,-0.004896446188446017,0.017353697995565076,0.05072128737502938,-0.10628323876820282,0.023149111011914657,0.03177523212272619,-0.0700112397356708,0.03327397388263266,0.010779214339076228,-0.05245639447952618,-0.027488205597004246,0.01703694211804322,0.011040383342154845,-0.04234832562942323,0.0332486954200686,-0.08451305795934451,-0.015445210271534459,0.03786127850671703,-0.07973967823093599,-0.014385490834375177,0.015688813360385905,-0.07813799519114416,0.006416178794319457,0.020744158210215177,-0.00030712268152478827,0.007087324219508273,0.0014159533485982065,-0.011713696648575257,0.005784884130287224,0.004914026667294495,-0.03057045558313721,0.007265593087764901,-0.00582190952741354,-0.03345702521566879,0.01653896375904611,0.0057852047969578005
0.0016230999591573469,-0.0041921486377938175,0.004521836595770133,-0.03282697893214502,0.0012438182173458276,0.019532780782996854,-0.0302285073723444,0.003008777645744458,0.0018473492454170008,-0.024437913719965575,-0.010668765763510255,0.007252799417507628,-0.0004090735707409014,0.018947953714547557,0.043110811935044666,-0.10227173167588507,0.028268306086759183,0.026752180714789492,-0.06547791468817314,0.026156723308551972,0.0036150559145247106,-0.05396669994089674,-0.034749493401125806,0.018467701616882996,0.012981336991649623,-0.035379038624569245,0.03313524926893395,-0.07710132524548773,-0.012040217248825702,0.02931807337434529,-0.07945817303593887,-0.008618798008500673,0.01825434306416399,-0.08339962920184282,0.012590476084535274,0.03205961148282194,0.004164285143979397,0.008135140190408624,0.002062529709481014,-0.01590337509630173,0.01012742561915881,0.007782711411945672,-0.031236362613395123,0.010940683702284473,0.0007374370769883077,-0.041698883199542756,0.020096542253946508,0.0046821883477933144
0.005443621533577144,0.0033851314314671615,7.588565263179173e-05,-0.03316329030269992,0.008165785850819647,0.021114414555966816,-0.030253381297755975,-0.005184320195698677,0.0020808469615769694,-0.021673453697506947,-0.010629233149850016,0.00014421358067612234,-0.008180949625574533,0.009119249388694607,0.04540683459803179,-0.1025389800778818,0.02449963857950293,0.026087530245621667,-0.06849303653431046,0.03288467739968948,0.009916200255401728,-0.0475643282388835,-0.02692593773312577,0.012121883901730851,0.010931575800794372,-0.04239971584545505,0.03441144188329603,-0.07712317332924797,-0.013928009095459833,0.03549945954478618,-0.08084601240455885,-0.010179317972111435,0.019936068721701852,-0.08118229848714899,0.012404697642035877,0.02877794906050517,0.00843987254896307,0.006424721611386622,0.006973543998315562,-0.013100315345107392,0.008811163601972642,0.010599988045035268,-0.030260128376432934,0.008107823713257788,0.003199323246398752,-0.03347816600877599,0.01802000631383449,0.006047571786554583
0.007069558164088557,0.0009525196187314928,0.00459588423806617,-0.02759166477859397,-0.004209284651682118,0.011221106475477333,-0.038436166838186674,-0.0032109231191587238,2.248535326420595e-07,-0.02429749224169432,-0.017736993736331395,0.006288521174509675,-0.0006294231374185779,0.009356646691645968,0.043200629498930006,-0.10306745171551991,0.02795650840597873,0.022378241309275727,-0.07290298722535621,0.032424289901843026,0.013379990117900252,-0.04649954495254031,-0.021546235809495905,0.012698697925996682,0.008844674014668893,-0.03305109808964364,0.03839673118478012,-0.07652318562371686,-0.01033154352807403,0.027384481174520595,-0.077716450312812,-0.010088752106178881,0.01632697681537683,-0.08060987114052001,0.010415085839480672,0.025275143510558196,0.00830627834000143,0.006460458381472034,0.009061837319687845,-0.020171523272862476,0.0071161704735057925,0.003436546474110744,-0.03189305045537312,0.008624682938587803,-0.006600587930124989,-0.03512032672112464,0.01662112371862914,0.005941401320551361
-0.0018432764351899531,0.006934516975718312,0.0010737886928865001,-0.025702642684963504,-0.004244417891230868,0.012159070641175045,-0.025075847726458177,-0.0025169581089270225,-0.003202174943765544,-0.029729313673129292,-0.01239272923166448,-0.0016318888686039563,-0.004492391223346848,0.006776835851250742,0.04462548953620088,-0.10395905518911987,0.028775889506916223,0.032994845743198685,-0.0715118471559843,0.03200596876641458,0.013639031563625711,-0.05199415551744484,-0.02562097439177121,0.015066236136389168,0.009681046826149021,-0.03967034428281552,0.028439507469230952,-0.07870121160059299,-0.010339258427764893,0.029289129545239486,-0.08155401675403169,-0.009715992094343665,0.015918008822961516,-0.080215592032262,0.00845854252359695,0.02292445762441738,0.009728554177074373,0.011992414444532692,0.008521646464505494,-0.014818769204027311,0.00856502970970774,0.003417978401716098,-0.02630007982118239,0.009312484114543452,0.008292033197737381,-0.033253399053145276,0.010804344626837051,0.0023323830970693555
0.005439609020513315,-0.0018894342182517552,0.00013724131293281716,-0.027930037044858674,0.0009949133772587059,0.013013345207155263,-0.02723081061561477,-0.0036808324773916243,0.009262088889825352,-0.02398157796651721,-0.012364057430507823,-0.006486420329005819,-0.00138260384924661,0.010092322196231884,0.050578454774362264,-0.10914867600926964,0.02483104483476937,0.02856079913146624,-0.06986029748887113,0.029982660253760677,0.013656089757352639,-0.05095958116159778,-0.027384182465675644,0.017984474362796814,0.010724049547444353,-0.04015721488647966,0.03695734850799104,-0.07710132524548773,-0.012040217248825702,0.02931807337434529,-0.07807342996765904,-0.012656185582750851,0.012063453014564489,-0.07592264932536864,0.010223739054510753,0.028107143494603557,0.0025601607696484185,0.008283576270828912,0.003404283055431867,-0.016215380296943787,0.01159298905627647,0.00911521853804618,-0.028007434335715613,0.012434761821526788,0.00040670227852082635,-0.03165400067121336,0.01516393638443032,0.002959434081941962
0.008975017686229731,0.001222420733238902,0.002396935852815222,-0.032502332806583795,-0.0005246906162742592,0.01733802572124654,-0.023901019448422677,0.0011070541675114389,0.0023765331985936117,-0.030153937263468295,-0.01240740833640022,0.0011153012908107305,-0.0044250506253577775,0.013762046473294175,0.045441214679705105,-0.10541660250395497,0.03003787749316919,0.024585401957766404,-0.06999767787402329,0.03161443363417853,0.012777725505584743,-0.05468106282632739,-0.029627351734857667,0.023231504387145212,0.00493014788721572,-0.030626496209891864,0.041320806330953676,-0.07244664993958538,-0.012479263458972044,0.03708311573221596,-0.08023894283349464,-0.01144013362880269,0.016902842761337786,-0.07917579392735012,0.008720100811708315,0.038268571787801915,0.005702239589581559,0.0065985192357565165,0.002336583355589953,-0.015624222982928853,0.007008145998833951,-0.0004955858559846443,-0.028901787881195382,0.008087007559851693,0.00440336370670587,-0.033258055351839635,0.015340812056274798,0.001912277073670504
0.007025619518444592,0.006067471672543968,0.005641919421558458,-0.030138280399900335,0.0010812884825974003,0.014473282144802837,-0.03212736189378461,-0.009204044020016082,0.0006544343068853273,-0.02057355429739546,-0.012416615621859334,0.0037773470509890163,-0.004941378580991289,0.012698469509838203,0.050176786459636094,-0.10710238076856385,0.030545547073002933,0.030832075085493963,-0.07304202172643881,0.03145790168918169,0.003913334899911398,-0.05219561427182836,-0.025745368135969112,0.018942257361850148,0.012954124755495705,-0.042423912372368665,0.03246192558281091,-0.07436809848467614,-0.01221295774947326,0.03166330137424554,-0.08031018882027091,-0.008239978696036921,0.015206449659361035,-0.08640845801138453,0.0032804008056026494,0.030368808769834124,0.004038914825599772,0.003956454467424195,0.0058487759447917185,-0.012670642695618774,0.00852674822080144,0.0019545847455110722,-0.026292553591330273,0.013178855484531092,-0.011210185899011522,-0.03656408054339346,0.014024930318857626,0.0019630196755557393
0.007255120473645202,0.0015818614523924258,0.000129458670701433,-0.0315309984074908,-0.004113394993819116,0.010545899209466286,-0.02698293830150489,-0.010625230393547007,-0.004503423371610956,-0.025893174023740237,-0.012430825592993144,0.00588065069371475,0.0034940508048007684,0.012474969627932611,0.039406384185035725,-0.10942962601130851,0.02491578072567134,0.02960094502343036,-0.06886315613404054,0.03280352319160884,0.013277194239460588,-0.04886398382167468,-0.025332608401844085,0.014380776516027748,0.007790960779746129,-0.034908570408882254,0.029657275384766195,-0.07407437494943961,-0.0102924894914197,0.024453311244268503,-0.075301517961543,-0.010422236149890237,0.017569278283813834,-0.08060891888282358,0.014407218252424083,0.03591460894699774,0.006971056505002974,0.006538461721588778,0.006221805786189371,-0.01736651741656022,0.009849600608418392,-0.0004112866117913906,-0.02777241931337566,0.015175137468111421,0.00020729193289951666,-0.03529804021128368,0.01633816669404273,0.009550998543060693
0.0017211967851637033,-0.0003587255017533711,0.002269958134850672,-0.025894842184980393,0.004369819938128528,0.012351351936064727,-0.026284133826121527,-0.005209577245063916,0.003784141790811713,-0.020575985734931343,-0.012359128625573174,-0.0069760835695808305,-0.00787870560360021,0.014303425341395561,0.04358041241587075,-0.10530501748081071,0.024779428625107156,0.028991862622171485,-0.06709217272092877,0.030804251523794443,0.01217421673698166,-0.04965941326744387,-0.02897786353660435,0.015728304131440562,0.008702956083693758,-0.040135050128327424,0.03890299539541241,-0.07332512605411581,-0.013734334760537857,0.02744500863767689,-0.0777769753377462,-0.0068879838487522094,0.014631752076363296,-0.0857281939560055,0.014454222494724112,0.024824905248745928,0.00603637705539511,0.003697989138717138,-0.00174278721470612,-0.019258934070036204,0.009855884515525182,4.25525700273312e-05,-0.02494221260518622,0.008586730064457777,-0.0016334173142214517,-0.036703528187710305,0.01531695948327098,0.00463188696398993
0.0019088709295554645,0.00203135391810669,-0.0022036664324360496,-0.034240473230938075,0.004639783224832223,0.014579945754204638,-0.026284133826121527,-0.005209577245063916,0.003784141790811713,-0.028662495344402388,-0.012412841056134735,0.0022460474530221815,0.003036669645528402,0.0046768071852985454,0.04213840601758859,-0.11010021266565574,0.030345974389436297,0.027291041388806645,-0.06874254885697167,0.02856194840548714,0.00557348940773268,-0.05089257147548985,-0.027342576560753933,0.01669210009810304,0.014440627061468118,-0.040356594487667784,0.03655169640394094,-0.08033866585299616,-0.010284290507883922,0.029142232113863676,-0.08155401675403169,-0.009715992094343665,0.015918008822961516,-0.08218251078480003,0.004831326828289976,0.02497815155707794,0.00583562716118599,0.009375033686714707,-0.0008965807464180466,-0.013856452720358807,0.005822464387239865,0.006372521297481415,-0.027619335376700332,0.010669782816520309,0.007515275810697198,-0.03856564689692521,0.016596173556486012,0.008659123918075828
0.009346344777265298,0.005995644954490875,-0.006603788959771273,-0.028707353662996097,-0.007463752779384486,0.020034583362051286,-0.02602304529427417,-0.0009883251720936,0.0022790961135178505,-0.02585815559551198,-0.014198148908052646,0.0056411938895088816,0.0013331109067288792,0.007283436430446206,0.04148550427404924,-0.10956542994329682,0.02303041540194769,0.02926071033458777,-0.06972242502705815,0.028351554258773483,0.01453463623786085,-0.04763534749486189,-0.025396314436754948,0.0204989268629381,0.01622948269266162,-0.045182579447740005,0.03647236097405081,-0.07355706077896361,-0.012119278016361219,0.028586791419353,-0.08242156142441728,-0.0037391820276494385,0.017379448351003655,-0.07613906363164619,0.012146427534611546,0.029307315183957384,0.005703618241375923,0.0037881430201105216,0.0034783862114576673,-0.017077085815806244,0.011470690989153277,0.005525952905633623,-0.027928896172333868,0.01440457569018116,-0.009873858634823096,-0.041501164437327695,0.01889987794537584,0.0008088027226230045
0.012600236629648171,0.0011328178273663353,0.002464300195126367,-0.028577969719998493,0.0028140328556765693,0.017612489480472625,-0.027450496014583898,-0.008837526689069645,-0.0017941060999063726,-0.026781663529108143,-0.010635620778247179,0.0008686391161765861,-0.0044250506253577775,0.013762046473294175,0.045441214679705105,-0.10546354524986473,0.030602925250555028,0.03208112940959955,-0.06783697121835737,0.026374169224839632,0.012315787827227432,-0.04829786824488372,-0.028955958606911768,0.019258417615993905,0.016135655221336507,-0.040533975960019966,0.03809169464089894,-0.07913064456195247,-0.005464437287476938,0.031697741896068256,-0.08395637899068074,-0.005385805682915006,0.02002988242554026,-0.08189828953010761,0.008544413698520822,0.0227508961386009,0.007171307969560193,0.0064848757477987,0.0030886218512168767,-0.016488387660506584,0.0028366153833176383,0.0025840535148883904,-0.027891257022562867,0.011166088330432774,-0.0010764427598722456,-0.03690213999218927,0.0165144266880249,0.008503672964591412
0.003217566531407919,0.0037721916872130805,0.010075998424688558,-0.02447154151293932,-0.000742927070974981,0.017497445125972916,-0.027182994932678905,-0.0025679098929127426,-0.0033605408547649593,-0.021319657397589536,-0.01769091807157261,-0.002211973941477143,-0.005832017212156781,0.007845748724331962,0.04014303071385645,-0.10942962601130851,0.02491578072567134,0.02960094502343036,-0.06976456351675364,0.03332818943336234,0.008538272317068177,-0.04810086201135245,-0.027259493289809082,0.02246281688817492,0.011712505651421642,-0.03734408166929417,0.026715261611817823,-0.07670280449356977,-0.007314502728965942,0.03494595511688902,-0.08248857226155389,-0.007025056752110953,0.020044252694681013,-0.07770775170385803,0.006564125209547262,0.028997356958051862,0.008509912214874222,0.00781321590517072,0.005349292257081883,-0.02250218105884569,0.01145847745152104,0.0058819006275734375,-0.031044635768001032,0.012346638505853972,0.00010928695981996115,-0.035001912938686416,0.01680982183188116,0.003534417192507502
4.9579280906440315e-05,0.001918519896150704,-0.0011215653086693214,-0.025727724399169257,0.002626513970972732,0.011351522207658808,-0.025828171609778305,-0.009042009075962852,0.0011363410682364236,-0.02323491595983488,-0.017700971646746496,-0.0005858453739327658,-0.005529185998561837,0.013034317851909625,0.03831676971298256,-0.10817007392343908,0.026462486194530094,0.025779361818156002,-0.0704047273999721,0.03224798740662599,0.0035550857595362034,-0.049865671533904254,-0.027529572392868705,0.02668286612542437,0.010832784881426877,-0.04010558450199686,0.035794988316425407,-0.07779993632093685,-0.007196675302336995,0.03274947488254355,-0.08102553740035232,-0.008664292033808273,0.020058430282786692,-0.08175619433203936,0.01040134210227092,0.021638113335055734,0.005836689314451422,0.0037520896789770765,0.0013901647758905156,-0.015269049796446256,0.011244799869026467,-0.001556274378443806,-0.024928751433360777,0.01315470972333221,-0.010005285144634479,-0.03357559693744873,0.016350314541009277,0.008191855018796922
0.007304841427814254,0.010529989123641757,-0.001108346636170339,-0.028245902015255363,-0.0006720060610272401,0.015617445267990464,-0.02459656066341377,-0.002258087009915206,-0.005973664129500995,-0.025185685219953152,-0.015943611203169908,0.001279236909830184,-0.004599043303116909,0.008839677120208656,0.04608135465189303,-0.11514801156469756,0.02056566014435827,0.01971648918524238,-0.06774474285788429,0.03138355849444492,0.00519309480460163,-0.0505036804270677,-0.02394237482158937,0.0230905644311719,0.01612801212756636,-0.04288404832994905,0.037863135960186575,-0.07967135889570233,-0.005527736536333758,0.03374909132316444,-0.07736897970427706,-0.013119172979570005,0.01608226344021574,-0.08250688746704693,0.012424461654492087,0.02629439476747468,0.005702801189364785,0.005193142717419169,0.002907611304089479,-0.01469971318926516,0.009746434823171508,-0.003900678034332879,-0.028591475221696305,0.013500700102728512,0.005056105048013783,-0.03191256078744413,0.016267949262454767,0.00803548802648685
0.008742821767299219,0.00043627845544476536,0.00798022140250936,-0.02997284117985048,-0.0006619805169953778,0.013476718859126853,-0.02952952378577816,-0.002748282882580386,-0.0021336417500911744,-0.02525595270542148,-0.012408731365528447,0.001760050162197323,-0.004812313426894946,0.012964268023710259,0.04899305671963925,-0.11054428381807604,0.021399605313639398,0.03203901547948957,-0.07226751122937049,0.030903664645864626,0.009775962346414748,-0.05212844363229326,-0.025703923869004122,0.01765039758070544,0.009094820282229252,-0.049303037194382435,0.033381878851846764,-0.07670280449356977,-0.007314502728965942,0.03494595511688902,-0.07663668617346721,-0.007097238442229513,0.015738626893595516,-0.08082511418096588,0.012338310965082144,0.026471248672805148,0.0071700191603071865,0.005079106970333643,0.003664265817206122,-0.015215855476804452,0.009811007853649658,-0.001877052488006089,-0.023721439130722853,0.013063015965514978,-0.0077442761957912665,-0.03175575340583509,0.018032359527303102,0.004687518530257861
0.003541020775751052,0.004875135180771709,0.0022649210161994685,-0.029501281021779444,0.002698144923572671,0.009467047037631203,-0.029261595846397686,0.005576022329108597,-0.0037523766090139057,-0.029339625936299928,-0.010609612853693641,-0.0041435362402180275,-0.00830976348179686,0.0088540749547433,0.04659095481011842,-0.10601384460698786,0.026918021452035805,0.03244792071799347,-0.06822710297911984,0.0296151036875756,0.011675545283568848,-0.047169134960959806,-0.0235333239532072,0.018536283252325994,0.016026709339064894,-0.04058565828925632,0.03925380640565008,-0.07870121160059299,-0.010339258427764893,0.029289129545239486,-0.08116853254262425,-0.008749119903856628,0.02102861239972506,-0.07828171556486078,0.008553423253737693,0.032502769043566006,0.004095528368544456,0.009558457000049753,0.0025408869522460555,-0.012363075755851913,0.007061547458442027,0.0006262791504716298,-0.030496331786969578,0.010647103153124225,0.00616300492825027,-0.033258055351839635,0.015340812056274798,0.001912277073670504
0.005310590682867117,0.009948116640528512,0.0033518553947550506,-0.028096273649612626,0.002738161978658087,0.014011456686183484,-0.030713875866059278,0.0007012567523962976,0.004675048472258807,-0.018659276699403336,-0.012406612334226871,0.0021590731367462654,-0.006712278525285954,0.008316471459109628,0.04870447722297039,-0.10570894503892324,0.033978482123613436,0.02734386240344919,-0.07232021814463165,0.03847420315216785,0.012373519919465097,-0.04939219555079333,-0.02881059022074754,0.010555276198379614,0.010832784881426877,-0.04010558450199686,0.035794988316425407,-0.07952813182154257,-0.010190172072861754,0.026065081438100362,-0.07672365636523736,-0.010382595057423087,0.018403913628777333,-0.08247071327605927,0.010534357890220785,0.02625354070443449,0.011652497734367908,0.0075326280280468205,0.0037092334965016013,-0.011602128719257612,0.010050085975979938,0.00485161067810091,-0.032048076154980405,0.00926345305964664,0.0055874397878564455,-0.033160812483056204,0.017010797143151988,-0.00023347168660507126
0.005402981486059874,0.01026370782279751,0.0011173871933441988,-0.029047158710766217,0.011217328745988494,0.004853074891806524,-0.03235776423132634,-0.00523631655640147,0.0019213091989187204,-0.02348274531015383,-0.015941121386350832,0.0010314495722686925,-0.004576615462281818,0.011167800718375758,0.04635316949514397,-0.10366461866511624,0.024838276805170326,0.030246811897922412,-0.07284516424833773,0.02652740257515721,0.00878431401772593,-0.04809719662049904,-0.028830568876258122,0.015379719244867932,0.0066822204050001315,-0.040112870256253055,0.04084806143556026,-0.0786109095747827,-0.007291260749287673,0.0358258604653442,-0.08027479726276517,-0.009840197504638808,0.016054504625458193,-0.08136216486985798,0.008444479492063086,0.019287673333778215,0.008634322009385405,0.003559150675541902,0.00500075110483782,-0.01086555152863611,0.00830075218641338,-0.005125409667401929,-0.030185631256164483,0.01078256052363055,0.004052557148811326,-0.036682379733027695,0.013836677348174273,0.004370254150259886
0.005212103227420328,0.002597778261663653,0.005657828906281508,-0.02145636834909221,-0.0009564816931146376,0.010030923578657121,-0.02812335959043306,0.0010090791687779775,0.002062458266472311,-0.02557313920069553,-0.007112887605337148,0.00385660821832409,-0.0038470141340434267,0.00810354382273915,0.038702173667741424,-0.10366461866511624,0.024838276805170326,0.030246811897922412,-0.07656228155179985,0.041357297992241845,0.009614742140555374,-0.04770264356073933,-0.025437845805738303,0.02179081877048025,0.010822775218199219,-0.042451093513525044,0.035574088285080296,-0.08224622706947098,-0.01026071716426411,0.030020734902686037,-0.07945817303593887,-0.008618798008500673,0.01825434306416399,-0.081040068096122,0.014261530944848184,0.027667027768524723,0.001320830335763697,0.001324093669132397,0.0023066121990472036,-0.014403685254272474,0.00423299696236604,0.001449169690486973,-0.03251307733100292,0.009060024171302233,0.00875260187275229,-0.028311110769662907,0.018056481149084598,0.001965739758340059
0.003721939087456159,0.0019864911065989206,-0.0021703777856417468,-0.030780117018747936,0.0011827911178508923,0.01927415413049177,-0.0309192622303102,-0.002410840356480441,-0.006449223103459209,-0.025325932185290993,-0.008873266767474023,0.0022423258860168717,-0.0004546596303220725,0.014284942509152817,0.04256285581134605,-0.11327323846553926,0.02496743142971782,0.029169222952651636,-0.06990009061023358,0.03496211714867948,0.00765975570884546,-0.04763534749486189,-0.025396314436754948,0.0204989268629381,0.010656268525254697,-0.03082514975499291,0.03900539775650869,-0.07465339475503961,-0.012001610590986523,0.026388335600469954,-0.07931499061585831,-0.00853395028629212,0.017283940988474605,-0.08261310207566747,0.008677704066435142,0.02736668736494454,0.00990865723712031,0.006310845169042316,0.007725106042609181,-0.012240648094760205,0.00824212682124721,-0.0066963951595009254,-0.028669505804063494,0.010122800358957872,-0.0069321711859677325,-0.036509180932500725,0.018656025906287517,0.00034188743392284083
0.0033099640380282935,0.0040872334930913854,0.007844867439075056,-0.03141726320641246,-0.0004328144988225122,0.0242774942308708,-0.032342295687740934,0.0029608208692682362,0.0016904653026787665,-0.025680764402903126,-0.012423478831249033,0.004507312347215174,-0.00822530347536093,0.004467262283517838,0.044866210062831806,-0.1084510728138868,0.026547185555721435,0.026819958740747222,-0.07572107550568392,0.02735560982086501,0.00937632674356096,-0.053434361330816374,-0.024103188090363197,0.019894541876843395,0.011060213747354776,-0.03765586964517911,0.033691607896182627,-0.08010531298102234,-0.011898770251444412,0.027997678285046766,-0.08091855952400756,-0.006979304472633122,0.018240568107946054,-0.07781983604376376,0.012232482491726681,0.029131168870667797,0.0025689351591906082,0.005474528668884484,0.004526532189067545,-0.011085849070734132,0.00998555991312468,0.0028289783092562974,-0.03263301126671579,0.00962429052914872,-0.0008941761648284602,-0.036209479987296164,0.014589977695840877,-0.005261496451137362
0.0034464187467552494,0.002800632601312648,0.0045112939142711705,-0.02556691742915716,0.002601240749302219,0.010150579718497792,-0.023236646403776283,-0.006685082183231295,-0.0015355936448954914,-0.0235179924321629,-0.014173884556446706,0.0012738464986322986,0.000906427667047534,0.01554608356884362,0.047318263481666914,-0.10681066839612072,0.02660564505797291,0.028073930672050038,-0.07080417665517254,0.035486181068085834,0.002919418548051798,-0.05195107641198979,-0.031158141780794093,0.02321734983153443,0.0124004856124091,-0.04502711932059249,0.03805213546792684,-0.07821925635958903,-0.013810592358540052,0.03330154203463532,-0.08093371300776166,-0.017459604202196107,0.017251991011878184,-0.07603302386536259,0.011900772028524862,0.017590216216494592,0.005568875115843144,0.006634219482159332,0.004425538034316511,-0.00850135397405889,0.007270483322812752,0.006350105989443194,-0.025719699892162738,0.00824839955848774,0.0036448103119772345,-0.03521765700397132,0.014952105087323085,0.00808601103337916
0.007068801471721124,-0.0008044540525730287,0.004620345207315682,-0.028749271213149564,0.006274900030266908,0.01840828393794145,-0.03235776423132634,-0.00523631655640147,0.0019213091989187204,-0.019015155662076427,-0.01589880017356945,-0.0063434638438253435,-0.006325500250479716,0.009112186780294485,0.04515225847610784,-0.10766397904181005,0.030714782540220562,0.03291398140091415,-0.06722680782021002,0.034106162483841504,0.009292870678575581,-0.04867533003872963,-0.022059317665510232,0.02466031566880453,0.005964014681908945,-0.03947195985681864,0.028843044313849712,-0.08008878625144827,-0.012141289830380488,0.03429721218453725,-0.07820777036250075,-0.007142782027657922,0.017543312469937018,-0.080788540325206,0.010448339830215795,0.02642891309366489,0.009913649813644333,0.007717518676167429,0.0071407748677770775,-0.01691120495614443,0.007169652220742312,0.00455891997521526,-0.02703737697282807,0.009604823369579827,0.0028674643192809902,-0.03674154789114515,0.013742568891890922,0.005573695593700668
0.0034135819924486885,0.01320230593060667,0.0055503921776706155,-0.023975019789766516,-0.004253937530776377,0.014297943286136344,-0.028379782953483923,-0.0032147821696360303,0.003565427125406435,-0.030825632238497002,-0.010661369418227632,0.00546830343825664,-0.008398242391250435,-0.00044825072997253817,0.04551122585650247,-0.109284405899058,0.022945647584062485,0.028220896200567384,-0.06772581592616725,0.028060063182186876,0.009195196393371862,-0.05037807950330116,-0.022282356181838162,0.027577809509168997,0.014323295342577569,-0.04275673069629808,0.03748801393726089,-0.07184255257038567,-0.008881573856675054,0.028965792154867304,-0.07717331632211615,-0.00814896942719773,0.011596306707723682,-0.08239795099287864,0.006754518020280275,0.026172582494274933,0.0053677110169187085,0.009498777457551033,0.0064181947523271055,-0.016427108596356797,0.006145363949194398,0.016471924927800568,-0.03038543425967205,0.014659644603479058,0.007445683368294883,-0.033579562247658304,0.020887946442276435,0.007776796429017919
0.007162332122161529,0.0012671565729351518,0.0023629136211085816,-0.02243818266871358,0.002630770683148457,0.016837647398019063,-0.026724163338280465,-0.006403013534081728,-0.006011236710111349,-0.02259491441038575,-0.017734374766756402,0.006039094418313046,-0.0038919072558061154,0.0034445982607133625,0.038158853982628124,-0.10900334087794958,0.022860881300419744,0.02718104230898587,-0.0678483510880324,0.02803380922950664,0.010315389220850927,-0.05352009740159117,-0.02972954780626895,0.030634095321477883,0.010921668665547868,-0.04474511321766867,0.03419072352149729,-0.07835659622599826,-0.007015691401824251,0.02850095043790557,-0.07746018000746838,-0.008318762571778413,0.01353790745618244,-0.07660026870541888,0.00846761929975629,0.032676281711969304,0.005504092763093114,0.0038422025032509182,0.0066100985275624885,-0.019196521280153672,0.0043719480742720265,0.00638106658314568,-0.03290854577719931,0.010827726525071218,0.0016439751665150227,-0.03343583406461081,0.015058100583207492,0.005523244500238599
0.0053510034160563925,0.003070139219605547,0.002309026204178848,-0.03186505430581054,0.001091575458190653,0.012331439350470914,-0.02344825977656857,-0.0027247589310779477,-0.0002730746042976247,-0.026140506148201417,-0.010670748101768008,0.007493238754640647,0.002480251151507141,0.01267678314021408,0.049156138594956766,-0.10695661834063094,0.028575553827672306,0.029452525374168228,-0.07078954661340385,0.033826113274061875,0.004918463836494201,-0.055192040935972214,-0.02595053316316581,0.017041430678286153,0.009629148154593717,-0.05139403053017756,0.027346175696030622,-0.07924159687971681,-0.010401957554856778,0.031340182174481104,-0.08481257607489615,-0.005006688490965952,0.016981809768479704,-0.07796136064624502,0.010376161589696618,0.030239909992452917,0.00290556548294294,0.003980589641507511,-0.00013307027637747353,-0.02263552754663606,0.008621094542594228,0.006235710568436765,-0.03112762098349328,0.014955429981301753,0.002020899205539278,-0.02812826393877059,0.01379879485628661,-0.0012286713927190634
-0.0001280453065592638,0.0048101509140741445,0.003329990164947699,-0.027769346599886034,0.0009695528954853319,0.011812589366341398,-0.02627341880519027,-0.003163766207990907,0.0037239186005968007,-0.025008426448807287,-0.01416890690836194,0.00014515934492750972,-0.0002867558381039973,0.005491204784422916,0.03910051320532052,-0.10444810655185179,0.020671633998405083,0.024164526970359517,-0.06699044167837111,0.02821770299689771,0.002472053283174254,-0.04750654049435047,-0.0237404193505425,0.02499396038633193,0.013987939197958007,-0.04525816988647316,0.04074973837553287,-0.07958559612557246,-0.01372427957367176,0.03212840774114421,-0.07859870564673382,-0.00810953768771979,0.01243086057129383,-0.08178786155286254,0.006869141677227577,0.03326751859078434,0.007302204196501381,0.003637635199498635,0.0021515180502756524,-0.016419260234202968,0.010191959845423306,0.009804662358036505,-0.027699617903008008,0.007292883546952535,-0.004468385605102399,-0.0366232239504438,0.013930797823829841,0.0031666955108782422
0.005164292716233278,0.0006823844890260886,0.006792707876819041,-0.03251474332819939,0.004629000730996279,0.016723531878503,-0.027892354538580407,-0.0009089204582726278,0.0007361628808565022,-0.01777372546879308,-0.01414368630619252,-0.003590741740184856,-0.002355994329697082,0.009629317925436774,0.04227245757268454,-0.10475496231469421,0.02846420307055947,0.028622630749613114,-0.07002372232001394,0.0349347334210489,0.008780446280335662,-0.051680873235586795,-0.03256368760674773,0.010964903394611746,0.00934431086965538,-0.04217005442670286,0.031709393785989116,-0.07689065436197966,-0.015542268744050425,0.03435731406728758,-0.07970318439433495,-0.009500891450467973,0.012171799154565104,-0.0792483459722799,0.008505958780143921,0.027714379641553287,0.011772244198088692,0.004682195388844872,0.0028004148241654514,-0.015591889076217837,0.008661876394498539,0.006450886949493688,-0.026021960374462316,0.011978249592372604,-0.013751570727172459,-0.029952802881697764,0.016657086948954552,0.0018606367759537602
0.005393215618468108,-0.0020467014649514434,0.0012532834491668246,-0.028428455039059216,0.006224634288645127,0.01600815487250451,-0.037046235403973345,-0.0014970432187429255,0.004257650840189256,-0.0282378090516825,-0.012398139164404045,-0.0005011667149268933,-0.0004773954015598528,0.01195363518979852,0.042289307486415045,-0.11050883005882021,0.024687330832223405,0.02626425633967972,-0.07091481875314926,0.03806447704126288,0.012628061188073138,-0.05759733754097151,-0.031377219777999,0.012980528557491834,0.009126833832872052,-0.04227280441158473,0.03403508568413467,-0.07760432820450164,-0.010456938094796977,0.031486966145586326,-0.07867677741686928,-0.01139497571751148,0.015097874491166775,-0.0794640905141368,0.010428864917869337,0.02891134106943821,0.005503023208052612,0.0052469455909355004,0.006040121487462219,-0.01452697599558086,0.010185553629297874,0.009350447976602203,-0.025906728686407636,0.011413810281921125,-0.004095631414447069,-0.034980761341490044,0.01532898323729884,0.0032723607287176116
0.0016315427161197825,0.0010860773874227265,0.00449033674172027,-0.03202115007322548,-0.0006010509685882254,0.013737025976926213,-0.02977550066843506,-0.004925655959319829,-0.0006891657885951903,-0.024190475380469763,-0.012428683886628815,0.005637831079196715,-0.0007360825026533276,0.011421512387377783,0.04465817929959107,-0.109284405899058,0.022945647584062485,0.028220896200567384,-0.06607696439521067,0.0353050398569258,0.00978810327048869,-0.04959714656901881,-0.027363398296974994,0.02151597752361393,0.008909384631150003,-0.042375504204619295,0.03636037733650763,-0.07900847392483905,-0.012016359699317452,0.030196174903125574,-0.07578420116261102,-0.007476270346545022,0.01878611919721516,-0.08390249351071627,0.0068069115098531585,0.024845869415991248,0.011765407110925538,0.003275370045401324,0.0033904516687604325,-0.008119757564882552,0.014582819659530736,0.012512224254615439,-0.025013866367964946,0.0104845702220939,-0.010860763182229389,-0.034836439800939686,0.009501202235352191,0.0010243454039790293
0.0055838607626337,0.0056166934738770555,-0.0032949319590328094,-0.03170025835475928,-0.0006519389338410439,0.011335755680649269,-0.03260388658827416,-0.009462513236710239,0.003423748398941073,-0.023340736639668156,-0.012399071458221273,0.00014247803606730534,-0.0041216586138124196,0.018952805658885283,0.043618399340195034,-0.11243801300257603,0.02857100050752222,0.027777953087816026,-0.06950548428732319,0.03172177198358729,0.008296530546815914,-0.056043369094963026,-0.029649678618075152,0.01970175125271586,0.013108302185094177,-0.030627808476189844,0.03242400443084611,-0.0797450457169196,-0.008819097544675228,0.033510022291076205,-0.07748965436500259,-0.006718060400305211,0.01269035513440287,-0.07817561891015697,0.00830609943353598,0.020788587032745314,0.005568400632934924,0.00803980174844267,0.003854788956197593,-0.017077085815806244,0.011470690989153277,0.005525952905633623,-0.026292553591330273,0.013178855484531092,-0.011210185899011522,-0.03181507027316082,0.017937899798329663,0.005891049165783749
0.0037259309362774177,0.005505762194557234,-0.0022012156226240195,-0.02839596103051092,-0.00408124003840879,0.017225021319674946,-0.032110732251144226,-0.0010088562551214262,0.0004199953737994331,-0.03121554024710588,-0.012443791435217483,0.007979861319238375,0.001439810079784287,0.005216864950501668,0.04002729100244641,-0.10574445662454147,0.030687519073577935,0.033121934316785555,-0.06825242417009383,0.028667278162991885,0.0010906461122992073,-0.04829786824488372,-0.028955958606911768,0.019258417615993905,0.017837522611173447,-0.03835971539759742,0.03986247076714318,-0.07573463027313893,-0.012126584378585997,0.030490784890922995,-0.07720223396059983,-0.0065480905551836615,0.010748672848780085,-0.07795912741089499,0.006382814645146164,0.019589177312811453,0.007036675701777891,0.005115004763084374,0.005752605840641961,-0.014268975370845144,0.010153291657241952,0.008339482086405203,-0.0255232540759822,0.008946424374920393,-0.008118381413073127,-0.030088264893034053,0.013411440133955156,0.004948464813992404
0.009207303563977136,0.0020089875438681305,-0.0031893767809386647,-0.0345535244219048,0.0012540873147886978,0.017391459233119577,-0.02532711967479638,-0.0046923514565612645,-0.0017560846122381265,-0.025290978446056094,-0.010641072161552854,0.0020010052151755464,-0.010551024906293524,0.00806649149815247,0.05039642179283223,-0.10406639135970179,0.01918675963324914,0.029248339480454865,-0.06786787299546942,0.03135674710872705,0.006313821331401779,-0.04959714656901881,-0.027363398296974994,0.02151597752361393,0.01647004708310534,-0.038027608617797734,0.03483424392334731,-0.07564373100054778,-0.009077954047087037,0.03702412988374432,-0.07555088787244987,-0.011304843830003812,0.011486491092711928,-0.08318520898033861,0.010667424831660935,0.030866866153714284,0.00736779921155057,0.002214319441555637,0.0016832604879267695,-0.014630900433746315,0.01305140491284354,0.009989955894366267,-0.030496849734555614,0.009235635303016847,-0.016109616324985254,-0.03143345598799369,0.012483836373162914,-0.0011754749304541021
0.0017785212268666265,0.006839919404112082,0.0011144027219382024,-0.032341959208043156,-0.0005501478543035464,0.01613781323315244,-0.026731799485996837,0.0006699000804505151,0.006374423463301056,-0.02883992571590978,-0.014187874799548597,0.0033834961177318427,-0.0062583641592105655,0.016094476411899535,0.04596709352847397,-0.11026330866224605,0.021314800966043563,0.030999652376096302,-0.07146804973574576,0.026100246015645017,0.009047844717875399,-0.04839836447928839,-0.023468506003062252,0.012416067229020052,0.010951522785688918,-0.0377077903899602,0.03485398206185908,-0.07794918863356107,-0.013779474588953552,0.032276413993912394,-0.08252715703725967,-0.005424814665201884,0.019196858173791184,-0.07602578029742378,0.00647846814064698,0.029169058723041236,0.004099922700205443,0.006747700164709791,0.0036734061146357928,-0.011774181634173977,0.010301667938450526,0.012484708606181701,-0.022738959606613783,0.014802399261320215,-0.013655105305896831,-0.030266494243832633,0.013129191787696337,0.008558895234021825
0.00553495651711753,0.0019415845529311285,-0.0021373158458814884,-0.028738493784969527,0.002839330722531993,0.018812592225210315,-0.03212736189378461,-0.009204044020016082,0.0006544343068853273,-0.020786050427611308,-0.012424050506328223,0.005151306902308874,-0.008869070272779656,0.0031448277188479683,0.05078665846919705,-0.1066756427196339,0.028490908002686416,0.02841180458049905,-0.06736727443104389,0.029800832371968965,0.003832327543591598,-0.050630522348465906,-0.025601357363512503,0.018600264490345114,0.005287861952234714,-0.044461996771917346,0.03539422622658693,-0.07124842531115341,-0.007415953370893272,0.03333042677567372,-0.07853402742626531,-0.011310246700000606,0.014127197273063464,-0.07584683942974774,0.0064450911156058,0.028014777824138252,0.0026309389287648877,0.006861044515118101,0.002921098027122502,-0.018769691031355208,0.008829276011214299,0.01195611568219248,-0.02882495541517999,0.010055039667426656,-0.005875994509412942,-0.03507336034316913,0.009126156004045274,0.005839067821753109
0.007024790154047969,0.004309796420409492,0.005664921300441948,-0.02667438356720964,-0.002373724667830185,0.019160623193536216,-0.025554987000044542,-0.0027757447168609752,-0.00043128676831038495,-0.0321431445062372,-0.019494751234536943,0.003179880701845554,-0.0031535049862448966,0.0057079045017195,0.049106128632133796,-0.1055981644265419,0.028718071115123107,0.031744288742706656,-0.06467935120121897,0.02988721872792417,0.016049937096688942,-0.04713515583805819,-0.030628665096981,0.01958056896236195,0.008985917332443643,-0.04935359757175673,0.03454513315508129,-0.07783724594098837,-0.008842522006617476,0.032630788923633317,-0.07881950254955847,-0.011479693135853718,0.016068480373354503,-0.0765962479770003,0.004474282495298744,0.022024921756759682,-0.0002730636830330545,0.001475039510705279,0.003622562969924999,-0.019254910639055753,0.005805872896000867,0.006705328970661938,-0.024051969471678997,0.007658525467250281,-0.008396659569267394,-0.03333850299602309,0.01672766105457181,0.0033780857913552342
0.007023176582581084,0.0007952266135997684,0.005712187921501379,-0.030780117018747936,0.0011827911178508923,0.01927415413049177,-0.02811021303144218,-0.006067676693717704,-0.010328771382957184,-0.02195727458769877,-0.017712727332513042,0.0019144384764459997,-0.004211827313299198,0.009636158822676075,0.0425282985645124,-0.10810476716564597,0.02177342895161324,0.03767342649743472,-0.06597377846964947,0.02771573325414759,0.006094326264005925,-0.04547324228391437,-0.021736388973720055,0.02269453957339456,0.01027887668670325,-0.04270779363444756,0.041385819372354415,-0.07721390971222948,-0.01697752075689738,0.028966316026323283,-0.0809456649061109,-0.010976903795089343,0.012883978872142666,-0.07720877359790855,0.008353515688246663,0.025579470540278787,0.0024979123653569497,0.006896680866425291,0.005009887613542129,-0.016935080457111465,0.01025648911132937,0.011826325402468358,-0.028240932788838016,0.01426927139256553,-0.0077612108203480275,-0.035099184421663564,0.01514052012356653,0.0056794202729301075
0.0016372464829720072,0.004606195899999136,0.004471441611174444,-0.030298770523480432,0.0011066584605238254,0.015673681281244092,-0.018352822091999375,-0.010276037119338614,-0.0052462158656316465,-0.02312830824129491,-0.012391623399259089,-0.0012318481347306292,-0.0049240715176150545,0.001327110402492072,0.04763635033895036,-0.10972814136877657,0.03271254372848025,0.034089376513463186,-0.07331079974069785,0.033058451119133206,0.004157569346829673,-0.05245639447952618,-0.027488205597004246,0.01703694211804322,0.010724049547444353,-0.04015721488647966,0.03695734850799104,-0.07565893446073274,-0.008834545867476009,0.030725691015541526,-0.07629411881169715,-0.010128337018671212,0.015492365985936143,-0.08318520898033861,0.010667424831660935,0.030866866153714284,0.0036928075223531752,0.011069816619539959,0.008244163801290791,-0.01757060527376061,0.004399431553689886,0.006945718406857125,-0.032648879981738384,0.014208311350627292,-0.009264190486524259,-0.034980761341490044,0.01532898323729884,0.0032723607287176116
0.007163780605411432,0.0047822010795205185,0.0023144696376077188,-0.023687380011854827,0.00428345875484855,0.010892827430599699,-0.021852601110556393,-0.007019821288566079,0.0027790012562727653,-0.028342364625548986,-0.007093563621351961,0.00021202190474606136,-0.003998558620224504,0.005508815659505675,0.039615344897802246,-0.11081634365871308,0.017629800204867752,0.03135821180854799,-0.0719380351404808,0.03429710071741579,0.0024186134492611335,-0.05032338832187349,-0.030967844389885334,0.021575038917747102,0.012645931616079157,-0.03788353350458357,0.03639741435356241,-0.08026520682139907,-0.006992512935857996,0.029381118303726857,-0.07416594429670105,-0.010631377439479853,0.018675370792563564,-0.07871198897739545,0.008406014719920809,0.02425207450217713,0.004030921290053311,0.008170637416180918,0.0041519337535660525,-0.009881566619291418,0.010295171060527129,0.012029934191119125,-0.027344093438031375,0.014041588767127303,-0.0033883535659584426,-0.027043448819637127,0.015831018736961768,0.009971275920215815
0.005261370080488805,0.006272260262208015,0.004504453237484985,-0.030610386808756933,-0.002277592412482182,0.018482802625206445,-0.027182994932678905,-0.0025679098929127426,-0.0033605408547649593,-0.024260450989877277,-0.008893858673930048,0.006122187759420936,-0.0016861483978949192,0.004903913738966201,0.05240124984748637,-0.11069758877016318,0.027224835677980862,0.03514330284927657,-0.06933971752208853,0.02677313463883307,0.013173990252293315,-0.04925745412296062,-0.01684806441732667,0.02684482872443951,0.014549514358918903,-0.040304908560079566,0.03538933506117972,-0.07432992391164146,-0.010566980839639846,0.031780113576018516,-0.07754268051385906,-0.011604021334407329,0.016204473442280858,-0.08418896662617802,0.012510647422595004,0.026117231800949728,0.007036675701777891,0.005115004763084374,0.005752605840641961,-0.020548262940458365,0.010017334400019628,0.005099732940422995,-0.02518707497193297,0.018927993819235673,-0.015833625276911043,-0.031853214520183644,0.016362267452923913,0.006832154074758365
0.0031713731756267444,0.003614696256244034,0.011191382292451727,-0.03186944374811292,0.0028097987787786007,0.012126805253607516,-0.03048026556659876,-0.00121769295811324,0.0033482412859913865,-0.027700587918799584,-0.007129613576107261,0.006837220118076986,-0.002417369793694776,0.016353396955577637,0.044275594708060424,-0.10351711912824844,0.022869597167744237,0.028874227489095593,-0.06773119858584722,0.03732835602019116,0.009774304586062207,-0.04450635672400257,-0.025108151805004215,0.019811892107641504,0.012220498195173967,-0.03574431550019627,0.04126881834117012,-0.07821925635958903,-0.013810592358540052,0.03330154203463532,-0.08130576908680805,-0.007945948854707556,0.013128523652243892,-0.0840450407189056,0.004950437165094178,0.025961241445030887,0.004302092498006474,0.005289115603540431,0.001106403900194389,-0.01773942133320527,0.008700151335646748,0.007913638795390254,-0.026801267344976256,0.011639855328508962,-0.008468764611869689,-0.030325928778499277,0.013035133044354497,0.009762137648816576
0.0016287134113568502,-0.0006735915201358636,0.004500415738639409,-0.02826801598314585,0.006199507098721184,0.014807909199767022,-0.02392756448386773,-0.0029834353768702737,0.0024972627865536188,-0.025928120450568793,-0.010663356087830398,0.006120473115783721,0.0017900650041096594,0.015080165518395203,0.03875301168846381,-0.10821550694340969,0.027029049160243186,0.03327547827506599,-0.06850965262562186,0.03027504849398285,0.0013310573387424593,-0.05344007458219825,-0.03283997359607544,0.015199033736236756,0.014331746722782654,-0.04040826786729417,0.03771395768525901,-0.08185172312458265,-0.016780329698543508,0.02749316360260425,-0.07920454157855109,-0.006848665833199251,0.015465887054986492,-0.0774997204461897,0.01405594325126499,0.02686957788319665,0.0012283796494196402,0.006956443488651315,0.001124053639228257,-0.012167385218824368,0.011547157980352553,0.007190954887568464,-0.026915947700261546,0.013611471726610858,0.004149314954663319,-0.037215338675292906,0.01299013393902391,0.015197008087355931
0.005256937076338288,0.0009970826171219265,0.0045609284463182485,-0.026346674512945943,-0.0041419823126447606,0.016962421733896803,-0.025577894302569758,-0.006867368445573208,-0.00030991260823747116,-0.02688541537038602,-0.01600115780119153,0.01226964241193468,-0.008371863198335137,0.01556625675818289,0.04858749047876968,-0.10763213238098622,0.019150866692573442,0.027764809551016505,-0.07089685837563083,0.03214036828147039,0.008037785233729897,-0.05116071654836511,-0.027508878293834905,0.021860713392824378,0.01952541722502986,-0.040889193450906657,0.04116995893375472,-0.08147244928599891,-0.011812435524794745,0.0268244498865271,-0.07368860355330119,-0.01357709522669516,0.01745932336390658,-0.0729572345379605,0.01200759723111649,0.03081238274465025,0.004038914825599772,0.003956454467424195,0.0058487759447917185,-0.017390797962704756,0.012936699007830428,0.006860491733895356,-0.026800612148993,0.01234349617525518,0.002666213473474486,-0.031891330082524545,0.014787061505359855,0.007773623896838337
-0.0001280453065592638,0.0048101509140741445,0.003329990164947699,-0.024960826744051878,0.0010505237905524705,0.020897389910114746,-0.028371443313274642,-0.0011676952232583058,0.003506273278864783,-0.02249103813456033,-0.012369171337907816,-0.00535599763116183,-0.0006678748228019725,0.018414151257042575,0.04547912252071782,-0.10764307890149491,0.023005044300725308,0.029478587889910434,-0.07370288239181459,0.03463185572212368,0.005523031468371691,-0.05317882547161169,-0.03109801159605376,0.017104189419176467,0.014549514358918903,-0.040304908560079566,0.03538933506117972,-0.08174248691284546,-0.011843711364350603,0.027850049574988333,-0.07541816906219738,-0.012106769664367752,0.019387383355166772,-0.08307675683939011,0.0049986342308268655,0.030748471807404223,0.0057689380527168556,0.006580665006843156,0.0012919820487774915,-0.012327041883184496,0.008714362644715128,0.0075680006993251135,-0.02676710691938237,0.008404754157589957,0.0003298239675501549,-0.03826589082288438,0.012533104814164805,0.0030610901378371282
0.007116687574055426,0.0028671426255968257,0.0034552232293763026,-0.03157765131313647,-0.0004073326716245906,0.025476976583223402,-0.02650237339741021,-0.0012470320204765843,0.005048956232062365,-0.02816774532877299,-0.01593379190925589,-0.00097479770539335,-0.00934822621038755,0.01510558892687045,0.040280453718697665,-0.1079241946953526,0.023089788975145836,0.03051823389462615,-0.07143721739327248,0.03700886024670303,0.00652583833392492,-0.04287723365013866,-0.023354759934868522,0.0252636824779857,0.008931181348303665,-0.037687858888473334,0.036796943054540246,-0.06801261725406782,-0.009172267767794012,0.03350500251927774,-0.07842354476433795,-0.009625204569129254,0.012308098014686523,-0.08411379644497131,0.012723345176246398,0.03666942019498839,0.0031091637473845087,0.0025223024803118915,-0.0027036508882731605,-0.013494876124148885,0.01005649830053655,0.0053061525633257365,-0.02968190410643005,0.011618381212395772,-0.009822467625116463,-0.03843024326140678,0.019840111095758246,0.005574920334072123
0.0018653473484587283,0.003634090099567221,-0.0010983357061935364,-0.029982747754406017,0.002773976118406935,0.013069183399030725,-0.027643712512544053,0.001267985401907349,-0.0007081266003260607,-0.025680764402903126,-0.012423478831249033,0.004507312347215174,-0.001990917115953154,0.008095980546439818,0.0384455649670142,-0.11504659824996626,0.019163647334861828,0.025832959236338084,-0.07267764271181486,0.03413377759317114,0.009143115711098142,-0.046377997345845065,-0.01831595393750117,0.024275327353765194,0.005626059753102891,-0.04196801902516472,0.0321183431912251,-0.07785313046428972,-0.008598898363181087,0.026330325645193078,-0.08090801223859846,-0.012576898646950732,0.013732913757982313,-0.0745613196970179,0.008315220788499842,0.03054180544835532,0.0071728522310411155,0.007891021346292458,0.0025127248440962938,-0.017450835765027217,0.010321013416877,0.013847700545241235,-0.029992993918515048,0.011482844572976766,-0.007709799692423808,-0.030071517224691313,0.016468367250137065,0.00426825992855546
-8.543721790663261e-05,0.0032066482955081634,0.002219301118082896,-0.027930037044858674,0.0009949133772587059,0.013013345207155263,-0.02792779494487315,-0.009096029054714143,0.0009759094537824267,-0.023305535081123437,-0.014166517711166256,-0.00010066205179582093,-0.002013489104293944,0.005765335818604386,0.03817317869049323,-0.11191291643657236,0.02511113367526895,0.031465627658218004,-0.0639378177213463,0.03171603558558595,0.00732485306014552,-0.04999383414492028,-0.029186498106653372,0.02219127493256519,0.01063570637247323,-0.03551774504637517,0.03856176756066739,-0.08053547958789097,-0.0070240815354988585,0.030406879746276448,-0.08023588231117694,-0.004953618859918093,0.012540497566918087,-0.08150320253911214,0.010581387764087716,0.031042677726029817,0.008379441487577471,0.009255359608940776,0.006858580537180603,-0.02100357451622134,0.008647481281655016,0.006795261027472792,-0.030770285081588827,0.011143996712484635,-0.0024296326562865153,-0.03710078492531361,0.0177114764475194,0.012374584646096812
0.0018653473484587283,0.003634090099567221,-0.0010983357061935364,-0.02965163140224772,-0.0007128646389739542,0.011075218194155398,-0.025794501215790962,-0.0029051063366737516,0.0009539319405620839,-0.02692404160583893,-0.014178487546497578,0.0017647799729148483,0.001767165816112904,0.012746912519123937,0.038478599561456474,-0.10502376104892534,0.024694743623861933,0.027951933716133318,-0.0674684271601937,0.03238723117439568,0.013534325221285766,-0.05070608555130446,-0.024066214082742093,0.026963338930673066,0.014189100091456014,-0.04985045753534059,0.03797529541817456,-0.07657646118180282,-0.011734893736888415,0.020964069000353237,-0.08027479726276517,-0.009840197504638808,0.016054504625458193,-0.07531000811181678,0.006344979223041113,0.024551146907392185,0.008643739664253124,0.007777633785320202,0.003259971154400929,-0.016473607497026064,0.011625244774546187,0.010126415894455384,-0.03235800494658866,0.00842102570958746,-0.003432457531116228,-0.02800952156736744,0.013987139893316083,-0.0036375178227436296
0.010973704436665704,0.0018066024389676181,-0.0020394902688049845,-0.03201692312824463,-0.002318890702861043,0.01394246489272192,-0.029283049582556432,-0.000570533447218645,-0.003578036039113919,-0.028272732911037702,-0.010630093506823257,-0.00026380279289901066,-0.0023107736421404132,0.014289588670500298,0.04281810135461793,-0.1065869448873542,0.03094130974810144,0.0362441104929768,-0.07115947899565456,0.03374460424443495,0.008280579653505664,-0.05188434820044695,-0.031116412869011362,0.02192499907540352,0.008877021341423357,-0.0494041454011692,0.035708287396872644,-0.07600488316940882,-0.012157811878155218,0.03151619328107488,-0.08173486384389715,-0.008200686085925266,0.01604033619652683,-0.07552707697402643,0.008267740245617602,0.025752324434054383,0.007035810680105708,0.0037097838797307274,0.006327464853987923,-0.014766078250828409,0.0071317541360433985,0.003098249885566069,-0.028318908904820292,0.012299467412886624,0.0025177474029033737,-0.03165400067121336,0.01516393638443032,0.002959434081941962
0.0014646814902795537,0.011017812188365063,0.008903659368541397,-0.028909648331326546,0.006300038581964745,0.019608167330640906,-0.024571811868087278,0.001834957662208359,-0.006094110589400659,-0.02607445798174288,-0.01414914727484381,-0.0037327678666476106,-0.008460724075566093,0.006263464576778627,0.04750469778147598,-0.10971950368607757,0.028856300435782765,0.032363907696778944,-0.0679909953579781,0.03132994125151534,0.007434453279853204,-0.04637012328200028,-0.01989052055427721,0.01719800043971301,0.010921668665547868,-0.04474511321766867,0.03419072352149729,-0.07695124489880774,-0.005455775000217617,0.029791010048064136,-0.08273063720785477,-0.00790671242457072,0.01396238567388688,-0.08383194301968656,0.012444254526445615,0.023810445116310096,0.00830925217213631,0.007866568556386726,0.008482654073857407,-0.01896953221838374,0.007427997691136051,0.012642386583568388,-0.02171116346285566,0.01078216498186924,0.009162641054507405,-0.036923173784367366,0.01799471508174156,0.008766006039823662
0.001772952443347144,0.003318805726787213,0.001133633306063828,-0.02826241298101281,0.004481402282453562,0.015009726574633233,-0.03234998188900277,-0.00113827987006276,0.0018050754734122304,-0.02355316755277227,-0.012406501536439338,0.0015166090428590073,-0.002591843256020935,0.011427520049976648,0.04491388501747152,-0.10560976495035651,0.032572488077381875,0.033459437992503394,-0.07187854958833222,0.02932879675696297,0.00841263800335672,-0.049462990415019614,-0.027280189362422266,0.018931649458654963,0.007116512134465274,-0.039906646178514533,0.03619922564273894,-0.07713885109566529,-0.01368608300660049,0.02920054043383632,-0.08240527078275997,-0.009337282797082298,0.012869453488835699,-0.08204039501436118,0.006687741940527175,0.023864242212608303,0.0053022759784950154,0.006705587129269328,0.00860245565217618,-0.013752925435129158,0.010088763992861292,0.0063173343797669704,-0.029446506221281008,0.009783993323047717,-0.001652146543533412,-0.03523450407885695,0.011897951543542883,0.00876661485158853
0.0036314101792715332,0.0034308072980738496,4.691085064108877e-05,-0.03519715604354727,0.0030732944750308006,0.02198431065540541,-0.02692396479047672,0.0016565031723724027,-0.0048651307947991706,-0.02036354107375282,-0.012351561288648796,-0.008351592728683358,-0.00011203525021250558,0.010420283070388269,0.03846164129431791,-0.10844108790512398,0.02269135333586166,0.025101215253139495,-0.0679909953579781,0.03132994125151534,0.007434453279853204,-0.046537629469771545,-0.027113965932646963,0.022117187300767154,0.0159177704155586,-0.040637328070530845,0.04041581810895808,-0.08282241348721198,-0.011968750933251438,0.03195163259898779,-0.08180971267182104,-0.004999601093840801,0.014344856299144641,-0.0778490869637402,0.004708368309813203,0.03010751499850002,0.00830627834000143,0.006460458381472034,0.009061837319687845,-0.01836887193438011,0.002841057145933007,0.0030273874267804303,-0.030303984675254057,0.011347306502256136,-0.005597475255867003,-0.033258055351839635,0.015340812056274798,0.001912277073670504
0.0034485872856039224,0.004559923561759369,0.004497262835436873,-0.02432399110676641,0.0026665592610288485,0.01589568868567765,-0.027431758923975147,-0.004744325972135508,-0.001915139091055736,-0.024723853178803358,-0.007082490032691633,-0.0016349469401244659,-0.006174192162579144,0.011705130487499032,0.044239386684599445,-0.1007498891822242,0.022590241482741334,0.02597340643698597,-0.07103617597664742,0.03377176839247109,0.007159968959517234,-0.05389520913893163,-0.02597205944780059,0.02186668604749878,0.01284523775301844,-0.04247533663393411,0.0336247226523577,-0.07216615065992334,-0.01031620645603723,0.023573624783557113,-0.08366975094220772,-0.005215748359522326,0.018089450257268103,-0.08057268215231005,0.012517780777279086,0.03587232055376305,0.005170276256080165,0.005336562303969999,0.011259318893761031,-0.011553622362527934,0.00861755052665114,0.004535365574882257,-0.026644759957124387,0.01241109927230134,0.0016107275624855344,-0.03373641219868535,0.019123037890908978,0.011122875464269197
0.008882305324063726,0.004420844094079928,0.004573366266019889,-0.034383026567486076,-0.0039245840179482645,0.0168113373795233,-0.03140248162956812,-0.004718852250438384,-0.0036192168603531344,-0.0226654239094709,-0.01420081314828228,0.006524848522308993,-0.012534365801920164,0.0078093679534936775,0.051833172016210516,-0.10821550694340969,0.027029049160243186,0.03327547827506599,-0.07550298392755309,0.029989100958620982,0.015728793548459512,-0.05291246973152311,-0.03093076516739248,0.011931588761652364,0.008583263019306835,-0.042529459784457414,0.039847564354243456,-0.0781075229809333,-0.008873952594950966,0.03365622850925262,-0.07725697998243736,-0.011434604789245652,0.014263178439981311,-0.07692644811061053,0.012066587296461484,0.023362334668658516,0.005166656072385005,0.012363791644289562,0.008412286970188929,-0.009274146220419664,0.007367289478334275,0.009381478151093607,-0.0261357595488896,0.01394930660549048,-0.0011282884230577129,-0.033118333334312966,0.014048075172825943,-0.0007573626680090776
0.0056276584508653475,0.0022565543820414254,-0.004371032610180521,-0.028594399823751854,0.007967857997232784,0.017006741579797313,-0.032106634928647716,0.0010406057192224167,0.00036240036226110086,-0.0235179924321629,-0.014173884556446706,0.0012738464986322986,-0.004705684037632941,0.010902154511028495,0.047537210379705826,-0.10995562479692575,0.028374920963094845,0.025907391402604642,-0.0681305046950701,0.034629841095803485,0.004553462590220745,-0.051288611234891875,-0.02916682803701725,0.01736909390294522,0.005287861952234714,-0.044461996771917346,0.03539422622658693,-0.07855272161726798,-0.003754868044431352,0.029765606036635278,-0.0720645144893598,-0.007045918096024646,0.011292648399047147,-0.07863705268951394,0.0046266886817429515,0.0241648008345749,0.004235551862619527,0.005307042132362544,0.002150780623140265,-0.020778441556431864,0.011703266006404455,0.01306049022339288,-0.02905900287651568,0.012593812440800326,-0.002909113545077957,-0.03359249659477819,0.013295165986880849,0.008871716683750273
0.0018083012178043989,-0.003562981608809406,6.200687133167664e-05,-0.02586981437877737,-0.0025013897894586813,0.013157586507793015,-0.034699515955808405,-0.0033677800701701205,0.003088728863857128,-0.02522085496338717,-0.014176244379400797,0.0015194607270822022,-0.006808028878733679,0.007382234309318558,0.031831648876321984,-0.10545168471196496,0.026748707632299515,0.030367598177835298,-0.06696903470565975,0.030830987187069444,0.011053960917386451,-0.05206129071416542,-0.025662459287604824,0.016358390505551785,0.016376412833205355,-0.03337650353949148,0.03645617077178839,-0.08095209907544193,-0.013637973029930433,0.030955078414397985,-0.08148592466121304,-0.006430295009918001,0.013251236098840798,-0.07453056456060185,0.011847916497839272,0.018920060798287786,0.005369891974731457,0.005282800487573209,0.008128048384880106,-0.017450835765027217,0.010321013416877,0.013847700545241235,-0.026570784444637896,0.009807847241387257,-0.0002993000705581176,-0.03682186758174348,0.01512851959055678,0.007038577238762
0.0018191480967265983,0.003476439422520515,1.7709341616340718e-05,-0.029992853022722674,0.0062105368240239585,0.012663158984773661,-0.03210256164141664,0.0030903337068143304,0.0003052112394160252,-0.02809052623455174,-0.008912339219864613,0.00934300625928133,-0.005764767336058049,0.014831001099419363,0.04095812874739174,-0.1062948630891949,0.02700268066326765,0.03348802235173087,-0.06949203309981138,0.03006233615902004,0.010295852219734558,-0.0485330481396033,-0.02355150955276155,0.01500073689912267,0.010842838782788381,-0.03775969858677946,0.03601625616609238,-0.07731238170953487,-0.008535926900935279,0.024278249589508392,-0.08330216358689445,-0.00824635225256538,0.017844350580086907,-0.07692644811061053,0.012066587296461484,0.023362334668658516,0.0073012579563512935,0.0022324489910082717,0.0027271878455141663,-0.014062360286285045,0.011553957135413488,0.007647562989072697,-0.027423773278102477,0.012073080208816485,0.006887298377090667,-0.03359249659477819,0.013295165986880849,0.008871716683750273
0.005116445826435363,-0.0012325738365531155,0.007927494264277857,-0.027941346630567757,0.00443099616196402,0.012608774357094657,-0.037046235403973345,-0.0014970432187429255,0.004257650840189256,-0.018269601032576976,-0.010624391451632019,-0.0003402116894104746,0.00016951875731424255,0.013285059010756294,0.03636522389530614,-0.10527014996160487,0.02806770189139393,0.023207604248736344,-0.07191928590040224,0.03263978010730273,0.004416878526191708,-0.050630522348465906,-0.025601357363512503,0.018600264490345114,0.004172906410649832,-0.03700633308540788,0.028674478958178307,-0.07402128859279633,-0.008889477263452456,0.030871576827049232,-0.07820777036250075,-0.007142782027657922,0.017543312469937018,-0.08236444583942436,0.014281560124799515,0.025182283683647885,0.00397250162793218,0.003974455584222451,0.006892556132117139,-0.015484700615080319,0.005795426898258619,0.005810121587687615,-0.028941838579484177,0.011324375692639584,-0.00439266893030296,-0.030270910754249033,0.01766670456402313,0.008141065759525596
0.016035939512024186,0.0021677085712668463,0.006955665625283802,-0.024176871350206332,0.006076979655336456,0.014295519715259889,-0.03049830255665327,-0.007361185445672127,0.0035249301267561016,-0.025962994875997635,-0.008895740392564414,0.0063606611557157945,-0.0023168358354233106,0.0005749922932481474,0.03999960260986262,-0.10241935877743812,0.030237421507523614,0.028125878148943288,-0.0740725109304393,0.034550074798542926,0.008884850443104888,-0.050490885508394576,-0.027092514528103157,0.008934761335752295,0.01052710153571596,-0.035569880863683574,0.03972355533179576,-0.07870121160059299,-0.010339258427764893,0.029289129545239486,-0.07938304454051211,-0.010931635054157205,0.011078601150996676,-0.0835086048960176,0.00485006724173416,0.0224981963520933,0.006971056505002974,0.006538461721588778,0.006221805786189371,-0.01816625666148041,0.01303345484181866,0.009895210054248045,-0.02282710532145774,0.012836392544966376,-0.0033716417124196353,-0.040145062784459985,0.010760431149088336,0.007768838145915394
0.006931278503542209,0.0022376881011796418,0.007920980704686649,-0.02872270019350156,-0.002312890607417796,0.019421887867061855,-0.023954205660374525,-0.007072860868259699,0.0026196159292866525,-0.023765600980607243,-0.012413913633913283,0.0028905448856444767,-0.009734546232755064,0.014308003627311593,0.04383337424676743,-0.10474246364017038,0.024610060156859175,0.026911965052534032,-0.07244999786922345,0.03584562155456132,0.004904538700026922,-0.047568069150391704,-0.025354762753337288,0.01920688766138699,0.012537182069592468,-0.03793545065101281,0.037559538941228765,-0.0748095690222618,-0.007093720500752489,0.02776591557155115,-0.07800255841579547,-0.010258275756869597,0.018267925339346857,-0.08232463684142416,0.0029751683618092256,0.026092624172009804,0.0039060992477753147,0.003992453963879404,0.007936253674476439,-0.014336554182114604,0.014670147001429087,0.01591835882075573,-0.02333988593159788,0.011300274386511409,-0.0006315923949823935,-0.028209060347042573,0.015186572905086492,0.00023721821185466812
0.005209138019240682,-0.0009180679043426321,0.005696349454648989,-0.02997284117985048,-0.0006619805169953778,0.013476718859126853,-0.029988616714434688,0.003138277647758672,0.0004620700693160695,-0.027813132817886062,-0.012383365349696878,-0.0032491615389008996,-0.010808304692690408,0.007536972641078018,0.05276355997337375,-0.10930291038206595,0.03065739911316849,0.03166473800347954,-0.07078954661340385,0.033826113274061875,0.004918463836494201,-0.05036184976927492,-0.025435261015284958,0.013431309590480132,0.0159177704155586,-0.040637328070530845,0.04041581810895808,-0.07456219230192136,-0.008952328373726356,0.032922754137885785,-0.07966844340316542,-0.011101180975713585,0.013020300364772733,-0.08229208571877998,0.010501099147593606,0.02509988091709908,0.009903920112824205,0.0049045484829459045,0.008309184176309943,-0.016935080457111465,0.01025648911132937,0.011826325402468358,-0.028319347909068072,0.011595274689334335,-0.008617342946675207,-0.03506111364213874,0.016715466765569047,0.0047379678544998615
0.005215128645368453,0.0061146653576155735,0.005620992175637293,-0.026370745820096336,0.002727644730234432,0.016154084564176097,-0.027413117974428136,-0.0006500612022090849,-0.0020345485274320734,-0.02057355429739546,-0.012416615621859334,0.0037773470509890163,-0.0005000930004290953,0.009622460059339605,0.04201604565276288,-0.109284405899058,0.022945647584062485,0.028220896200567384,-0.06913673874373832,0.03773829589662107,0.009520340290962276,-0.05753957492592003,-0.029755132323441943,0.018755439390965394,0.010724049547444353,-0.04015721488647966,0.03695734850799104,-0.08093230685239985,-0.011749864708886249,0.02477300579065098,-0.08116268778528213,-0.007861013245964377,0.012157776798985071,-0.07653133532031459,0.010110218482461105,0.021007471115234086,0.008580386485876924,0.009202255355924923,0.0037241729182387992,-0.01570968346799296,0.007481249361594627,0.013763066755574156,-0.028980380262459995,0.00998727861807003,-0.0048199037068921155,-0.03357559693744873,0.016350314541009277,0.008191855018796922
0.01074114853928853,0.0010204432827698924,0.003547984080655042,-0.03030362234659642,0.00282454918458627,0.015470003839900348,-0.026284133826121527,-0.005209577245063916,0.003784141790811713,-0.015504698329149517,-0.010641949734843361,0.003297965531582457,-0.004340910533113124,0.009370601103858978,0.04371275939696321,-0.1097105350364778,0.025000518150815772,0.03064105115783335,-0.06900090506332814,0.03016864809845214,0.005814211406028305,-0.05370386491673794,-0.024268115462053163,0.025058450127136332,0.009354953949776056,-0.03982535916297594,0.03192823733094644,-0.07713885109566529,-0.01368608300660049,0.02920054043383632,-0.07238521449494045,-0.006503683145791037,0.021258108483544858,-0.08100370706029934,0.012371502705012439,0.027624664551658257,0.0024979123653569497,0.006896680866425291,0.005009887613542129,-0.013200790922930652,0.011676142205000016,0.011235811601247437,-0.02465828180696509,0.012657677055548674,-0.0014079739276450503,-0.035336179088413334,0.01476373812856851,0.010492133010064766
0.008742673401621794,-0.0013195594538872458,0.008008887681314946,-0.03219004157299102,0.0028603681137162476,0.014527636845807988,-0.02532711967479638,-0.0046923514565612645,-0.0017560846122381265,-0.02209832283549448,-0.010644260539900443,0.002891939679527312,-0.0004160703711869951,0.005225823665768111,0.04028550173396981,-0.10601384460698786,0.026918021452035805,0.03244792071799347,-0.07010947395853896,0.027328419620045827,0.007311995132493948,-0.04984652934641918,-0.020375153226057707,0.024322054140306224,0.012338677536253562,-0.03334471726288082,0.04033124005930717,-0.07527004141993413,-0.015356174158419847,0.02820635462491539,-0.07896220282433285,-0.011564398955027321,0.017039014919626637,-0.07935279126734236,0.0047604774060771545,0.028782723621043303,0.0026267636277842047,0.00826584226314602,0.002359580983983021,-0.01736651741656022,0.009849600608418392,-0.0004112866117913906,-0.02186849776289744,0.010012205550403507,-0.0009107008581741091,-0.02991472136527294,0.018233496542801434,0.0009191257258715669
0.008742673401621794,-0.0013195594538872458,0.008008887681314946,-0.03219004157299102,0.0028603681137162476,0.014527636845807988,-0.02532711967479638,-0.0046923514565612645,-0.0017560846122381265,-0.02209832283549448,-0.010644260539900443,0.002891939679527312,-0.0004160703711869951,0.005225823665768111,0.04028550173396981,-0.10601384460698786,0.026918021452035805,0.03244792071799347,-0.07010947395853896,0.027328419620045827,0.007311995132493948,-0.04984652934641918,-0.020375153226057707,0.024322054140306224,0.012338677536253562,-0.03334471726288082,0.04033124005930717,-0.07527004141993413,-0.015356174158419847,0.02820635462491539,-0.07896220282433285,-0.011564398955027321,0.017039014919626637,-0.07935279126734236,0.0047604774060771545,0.028782723621043303,0.0026267636277842047,0.00826584226314602,0.002359580983983021,-0.01736651741656022,0.009849600608418392,-0.0004112866117913906,-0.02186849776289744,0.010012205550403507,-0.0009107008581741091,-0.02991472136527294,0.018233496542801434,0.0009191257258715669
-9.238256266029498e-05,-0.0003150630427819007,0.00223023508423106,-0.02399533315902413,0.0008982817035926222,0.013694733173406831,-0.023208552001872225,-0.002595389024027585,-0.001658468678578357,-0.02401035843561599,-0.010710993748293457,0.01524704650604914,-0.004576615462281818,0.011167800718375758,0.04635316949514397,-0.10746211548277493,0.02432266170844932,0.02231908887089794,-0.06696903470565975,0.030830987187069444,0.011053960917386451,-0.05252338007826058,-0.027529762153485526,0.018329158379928885,0.009354953949776056,-0.03982535916297594,0.03192823733094644,-0.08130971655508341,-0.0054731304838512365,0.033603953860897144,-0.08037958331998805,-0.005038693025519143,0.013511189236514004,-0.07871198897739545,0.008406014719920809,0.02425207450217713,0.011819188178532208,0.0004445922885672297,0.0035261463034270005,-0.010616789800219392,0.011353644440693107,0.001121510554607667,-0.025823510941485335,0.014084438052264479,-0.003239930892383864,-0.028268457822710397,0.015092312935242443,0.0014413107289304814
2.0686487132463783e-05,0.010569206204258387,-3.0105170157560402e-05,-0.03218577843157056,0.0011423078955438508,0.014732369534696943,-0.027892354538580407,-0.0009089204582726278,0.0007361628808565022,-0.02458031690832312,-0.01421044907168716,0.008143461790679403,-0.005983301650105615,0.005252597998420268,0.04105670835997722,-0.11148783582978591,0.023055782787912572,0.029042603948374966,-0.06978725945669569,0.03665204266623226,0.004539411908712838,-0.047966622239791694,-0.027176226287244122,0.019878467405617654,0.012854322550116542,-0.04012768755273148,0.033848609913968035,-0.08546834215438841,-0.006615715879294421,0.02366719887400892,-0.07708666287871997,-0.004861838327147428,0.008930333244352133,-0.08390249351071627,0.0068069115098531585,0.024845869415991248,0.004235551862619527,0.005307042132362544,0.002150780623140265,-0.014097265908079583,0.00990151676441041,0.000703615875063305,-0.03556884295705931,0.013554800469701636,8.978204504689562e-05,-0.0352598726494721,0.01791302165735865,0.008610228989161974
0.014453215104525968,0.0065074500254495736,0.0012494105520467391,-0.034880532409711715,0.004740648823520481,0.019379501897013294,-0.02137395199701791,-0.0067613489590470375,8.96156704502978e-06,-0.02525595270542148,-0.012408731365528447,0.001760050162197323,0.0009902964220576695,0.01114939425726436,0.04558623686207708,-0.10364304310875737,0.03198058702419594,0.026170646427811677,-0.07026607657342895,0.030616161929005334,0.004433773347736451,-0.05095958116159778,-0.027384182465675644,0.017984474362796814,0.0049746239287463065,-0.042275785145635875,0.03909421124117048,-0.08357776731774402,-0.008528818284086,0.028968528515183115,-0.07549662823692863,-0.007306499472830002,0.01684526913856243,-0.08239795099287864,0.006754518020280275,0.026172582494274933,0.007042690310745771,0.010739656506785973,0.003450639375944734,-0.01347868428307595,0.006970264318844629,-0.001956747847002337,-0.030179818973522267,0.005501076320713645,0.0012922038017265283,-0.031692019451267484,0.013588638758179662,0.003901586768553458
0.0034421268263842655,-0.0007171686221215629,0.004540618935232212,-0.027930037044858674,0.0009949133772587059,0.013013345207155263,-0.02814049924405194,-0.003085449959830305,0.002180534034512303,-0.025680764402903126,-0.012423478831249033,0.004507312347215174,-0.0022881060398092733,0.016619922326375134,0.0430913529825029,-0.10260139418860674,0.028918235825356808,0.03528501430238532,-0.066599574009394,0.03091122734793142,0.007692625988508481,-0.049462990415019614,-0.027280189362422266,0.018931649458654963,0.01636875360472829,-0.035728237149237445,0.03622613633855947,-0.07483261056653094,-0.008983744360464917,0.033948220433827246,-0.07570407183072829,-0.012276010436460174,0.021327988802327443,-0.07999969443588405,0.006535244855519784,0.02172734662486206,0.007103342022287176,0.00509705723527966,0.004708477151407102,-0.011343997009369965,0.010017823564597112,0.003840330481385976,-0.028165087390607437,0.007089515456344929,-0.0013005605495293529,-0.03361780957024176,0.019312109030496367,0.008716844858530791
0.010648748903333127,-0.0010489992410212415,0.005815978960631846,-0.032025426691646625,0.0011169397832382696,0.013531964822590269,-0.030240896264519316,-0.0010883033014732531,0.001963286326110472,-0.028874842262858625,-0.0124201650308839,0.00361936179098737,-0.0008200136545115301,0.015816613885679082,0.046389273914831185,-0.11092601221741556,0.02288619933097034,0.026962679179285992,-0.06826397975631009,0.03032828186278519,-0.0009110871649928107,-0.04600090299831436,-0.026780015588440204,0.011774990291858226,0.014331746722782654,-0.04040826786729417,0.03771395768525901,-0.07821925635958903,-0.013810592358540052,0.03330154203463532,-0.07498912847504013,-0.011852821512464331,0.016475940165058857,-0.0810726121358766,0.006735544583426745,0.028653026244489645,0.006837609616185122,0.006574172018408983,0.00831018185134043,-0.01215498350593608,0.008462184125710037,-6.791092396177706e-05,-0.028552502428797605,0.009558922800801417,0.002718980598678065,-0.033258055351839635,0.015340812056274798,0.001912277073670504
0.007256458898083783,0.005097222425494886,8.022977890628262e-05,-0.02792445676216455,-0.0007229014887634344,0.013216197274375212,-0.03351530396145508,-0.010919413892226127,-0.003602409973902849,-0.03139313497139359,-0.014218600943527792,0.009120005443306933,-0.003953627204047273,0.010167465714294147,0.04015905048963898,-0.10323565592767467,0.022784904917222914,0.027834758712744698,-0.06933971752208853,0.02677313463883307,0.013173990252293315,-0.05311220995447866,-0.031056230460539905,0.015811260195808877,0.0037822518455831716,-0.04885803500109828,0.031110571386765724,-0.07801168859449104,-0.003691309218285126,0.02771339632906513,-0.08106185788371954,-0.00706423229212055,0.01921086232938201,-0.0722420333774602,0.011874918915050157,0.026196786053824545,0.0001980463109928669,-5.471152954089281e-05,-0.0031310548514655342,-0.01650592719255944,0.009972418728276885,0.003180751808052857,-0.02731366646357121,0.005530658367579773,0.002644944486170833,-0.03831208969992122,0.02002930488224677,0.003168122401601229
-7.843166338448933e-05,0.006729400563743866,0.0022100509696579966,-0.034229639303086194,-0.0005146612583914992,0.015197457451545491,-0.025338827547924582,-0.006738074925595727,-0.0016951076060300696,-0.025893174023740237,-0.012430825592993144,0.00588065069371475,0.0012876938882827248,0.002619535409255607,0.04093924668648945,-0.10613665658017209,0.021180122526947863,0.030400238583947047,-0.06936926275330521,0.03008890585111882,0.00917558388383108,-0.05344546475421633,-0.031264932993766065,0.022274433372557235,0.0057469163991648335,-0.03957520457200991,0.03116896198071201,-0.07398304885926203,-0.007243200237201592,0.03098884616286001,-0.07939015450116735,-0.011818446817536292,0.019950190542949494,-0.07957414805731516,0.016098355405467803,0.029042208265595587,0.005635551943956989,0.006616370727528575,0.0033811020174362933,-0.01485183905402129,0.006911227384613635,-0.0035291530596815207,-0.02886470885580834,0.013998658503429387,-0.0035369456798054473,-0.03349511838660165,0.014963887464262823,0.006726665917212909
0.008928624665046498,0.0028215729233887826,0.00348480489680977,-0.028245902015255363,-0.0006720060610272401,0.015617445267990464,-0.027135481978464934,0.0076713002540161135,-0.003654425746164956,-0.027241209571062696,-0.00888259976784185,0.0038538922234805347,-0.0030860736663654875,0.012693073370718967,0.04992248088560696,-0.1066756427196339,0.028490908002686416,0.02841180458049905,-0.07611124931565875,0.0364812092366775,0.012233956514358114,-0.050294725927995325,-0.025393686142142297,0.012138702630491488,0.01027887668670325,-0.04270779363444756,0.041385819372354415,-0.07920461046839236,-0.00875621538748106,0.03145908825717519,-0.07660882554193539,-0.008697687551837639,0.016585906403779473,-0.08182426222554672,0.008758475018971373,0.03330802022049295,0.005635026765721375,0.009428083154206662,0.002238818908555172,-0.010684650297597378,0.0056557027067640495,0.000871856382459185,-0.02707864522583114,0.0075640359915403145,-0.008693354582341935,-0.03816887943142886,0.01420134331644971,0.0009150407286488045
0.0018191480967265983,0.003476439422520515,1.7709341616340718e-05,-0.02586981437877737,-0.0025013897894586813,0.013157586507793015,-0.023489710819624178,-0.008858765816104263,-8.841416620835761e-05,-0.029299543643963675,-0.01243475903814987,0.006365404974899048,-0.0003480350162010801,0.012219792318000825,0.041104708374841134,-0.11089797597592682,0.030034373076668893,0.02291545284831732,-0.07065080843795435,0.03219416678703586,0.005796624653330499,-0.04849869936193367,-0.029081165507656603,0.023135790341039252,0.015808838450817625,-0.040688985303843545,0.04157772975082292,-0.07721390971222948,-0.01697752075689738,0.028966316026323283,-0.07906103108311573,-0.00676370656238299,0.014495301538883917,-0.08060987114052001,0.010415085839480672,0.025275143510558196,0.0013009591417204483,0.005534431965822846,0.000636590757744123,-0.017399421747084084,0.004145665549558797,-0.0006909427236220466,-0.02405071435424434,0.008362718747101101,0.0027374870569720723,-0.03171759749853156,0.019608547789682605,0.0037466990465320573
0.0018191480967265983,0.003476439422520515,1.7709341616340718e-05,-0.02414954272522389,-0.0007938299611945512,0.015096219435019365,-0.020638806248969327,-0.00432968914447154,-0.004209702740890134,-0.022488100848426788,-0.012426425524407174,0.005394716482061423,-0.010840530088717796,0.013581191098619992,0.03670870348217978,-0.10450841734841135,0.02509227158396675,0.033365855682756164,-0.06926097330692255,0.03771043045839573,0.010641093854568623,-0.05415431490288744,-0.027716780380530624,0.01996522750162684,0.013607592904431004,-0.042115103295777584,0.025483041875224068,-0.07695124489880774,-0.005455775000217617,0.029791010048064136,-0.0798111055476199,-0.01118593653773882,0.013991042967787378,-0.0789650108087109,0.01221901156342008,0.025494136472310566,0.003964255589356356,0.00818838192335511,0.00519651180815939,-0.012006475119439012,0.004163504803228626,-0.001017701864016632,-0.0256369307646721,0.010213885323716126,-0.006635147449153327,-0.03848547755668006,0.015210526448657056,0.007194074880123715
0.0017239710605209742,0.0014011016390637664,0.002259486683784391,-0.022108659271963458,0.000862658888580495,0.014635647789533876,-0.03098665311275338,-0.01171378686975213,0.006413341474534081,-0.025715737267667037,-0.010655946093148672,0.0047475123129205625,-0.008696137711215692,0.008058934560857128,0.0501426626264347,-0.11299255391647726,0.02488264618340157,0.02812882031720044,-0.07079064649318403,0.03809237950238796,0.011507498965702922,-0.05193519312730139,-0.024002106250645562,0.020847122017862884,0.012655221469139565,-0.0355356611447518,0.03662166495426549,-0.07825650542994698,-0.015455943102901295,0.03318387419209948,-0.08031018882027091,-0.008239978696036921,0.015206449659361035,-0.07469590372321189,0.002465953002103569,0.020992299867050732,0.0011747415782390506,0.004166572018669943,0.00328165669968215,-0.015527389342599382,0.011277073749313407,-0.0005443116973313683,-0.028591425942525357,0.008222518696113255,0.0022925271696548465,-0.03165400067121336,0.01516393638443032,0.002959434081941962
-0.0019521409202461208,-0.0004290149249641943,0.00330486781714573,-0.026531449560547777,0.00275293688819477,0.017354423253273715,-0.023674403864312278,-0.0008089513384896426,0.00105151449726143,-0.026534318003659144,-0.012396083898546371,-0.0007444322055775476,0.00016951875731424255,0.013285059010756294,0.03636522389530614,-0.1128916777654939,0.023479768279511266,0.03424172011377772,-0.06685884989725087,0.035855027404687025,0.003928562584670732,-0.046070773771834266,-0.025252257298065243,0.020155672415541157,0.012546530212500184,-0.035587843555555665,0.03778360339315636,-0.07641021019397748,-0.005392439321497646,0.027738981326769423,-0.07680807333840863,-0.005581512779410002,0.0158621974039715,-0.07860773453281165,0.012152653572809313,0.023186428273030864,0.000956342949845062,0.008431812124011432,0.004745695141243218,-0.012878116997026725,0.007126130622989657,0.0026481151269726715,-0.028202459770201985,0.011030723110553772,0.0010348763315356452,-0.03541657774905751,0.016149588774512873,0.011956810711695942
0.00562643100532206,0.0004980493656180252,-0.004349795815119224,-0.02875473443740001,0.007992911210464882,0.018206696436496663,-0.026533791847505355,-0.0073843312977884745,0.005229364857232187,-0.025008426448807287,-0.01416890690836194,0.00014515934492750972,-0.0023334030721030162,0.011959387203520843,0.04254513621801181,-0.10302987386598453,0.0309711742073793,0.03769894873504237,-0.06990009061023358,0.03496211714867948,0.00765975570884546,-0.04533787953561693,-0.02165365638250334,0.020111718381648932,0.00554226642230102,-0.037337076538537364,0.033708088602101456,-0.07777846684479328,-0.005306077534020338,0.02656794080109822,-0.07836637402866396,-0.013711228256111214,0.022874762838258123,-0.08272140009002414,0.014347819015555135,0.027488582551322905,0.00275275422201615,0.011041434141663692,-0.0008549281265099011,-0.014578963255516175,0.01161846076997949,0.009670082487023762,-0.02699156895859998,0.015513007804191913,-0.005071741949033929,-0.03183620955991415,0.019419381312843802,0.006153802097356058
-0.00023446205682781343,-0.0025477582176318216,0.005580189318859317,-0.026537528420495112,0.004470639641590986,0.017153234068480176,-0.019661812714039502,-0.0017678217357732138,-0.009816156026751895,-0.022738667859692075,-0.010608891197241288,-0.0037364476317097157,-0.002226776428087353,0.00989506728668677,0.04108782643005164,-0.1105171680635748,0.028544306721167794,0.027989465749600508,-0.07316468291405237,0.031431165643322094,0.005033974995593727,-0.042471860273124586,-0.023105418129441342,0.0175120677486595,0.011188802445826653,-0.032909442224686,0.03297388971601549,-0.07105569702887476,-0.01067713247109935,0.03207270032407971,-0.07988175879842518,-0.01447005809669091,0.01665940309032094,-0.08060987114052001,0.010415085839480672,0.025275143510558196,0.002760001796587953,0.008230366036356327,0.00026992890618696516,-0.01373431959437483,0.014137281579433726,-0.00036216307382172714,-0.026496568083226806,0.007910060106882529,0.008920891087326856,-0.03523450407885695,0.011897951543542883,0.00876661485158853
0.0014035167570078287,0.002058347488203323,0.010056666020597686,-0.028417425009115333,0.00278873877607911,0.01641226597572226,-0.027182994932678905,-0.0025679098929127426,-0.0033605408547649593,-0.023163464236375282,-0.010623967723273247,-0.0009879648853679832,-0.00011203525021250558,0.010420283070388269,0.03846164129431791,-0.11243106188774452,0.024713080293496465,0.026047895773614674,-0.07355667821626276,0.03300444923690719,0.006398910345771793,-0.052724443202907326,-0.027654309936323493,0.022204923401532125,0.007058531886079491,-0.051613000468138485,0.03512548374025188,-0.07785313046428972,-0.008598898363181087,0.026330325645193078,-0.07866958002799367,-0.00579719776029815,0.019607287836929378,-0.0792483459722799,0.008505958780143921,0.027714379641553287,0.00870396739104936,0.004946968652386046,0.003376491555212482,-0.01073237858122013,0.007088196476181145,0.0011868500786224694,-0.027504379096330574,0.008696796401528404,-0.00509810574209356,-0.031793880628456714,0.016456597662765277,0.00562870292708902
0.0015910927377060854,0.004448551012890174,0.0055870774692459435,-0.025560509340004343,0.0008831997062130271,0.010351850888674421,-0.02833277987561002,-0.0021009239728083723,-0.00906248921747309,-0.019757090733757504,-0.010677083893168736,0.00927631464228759,-0.0005453736810619698,0.00496050636510793,0.04147038145929516,-0.106248446139118,0.026436294156762047,0.025993033327915797,-0.07502470249265657,0.03838442476521362,0.00015168888946698054,-0.05285111714485503,-0.029313976640180404,0.01771646906570433,0.00924627024184904,-0.03987700569377243,0.033090947161965305,-0.07831940511156288,-0.005369440572199757,0.028620105958039873,-0.07995540835355569,-0.005673022134949467,0.019470651087574883,-0.07838247655195454,0.0008142827708879204,0.022923273264739724,0.007370115479431568,0.005025239752647776,0.0005311359448064569,-0.020882811528768627,0.005778743505132049,0.00614229725182512,-0.032873787128729,0.011461046900446022,-0.009064094592726326,-0.033397757918079155,0.016633306397122856,0.004581703892126947
0.007070329908898109,0.0027097535225224234,0.0045718442232474754,-0.036912653600497246,-0.0037869254458618978,0.020673074136076983,-0.025315435836933613,-0.0026463619742787318,-0.0018166557297529275,-0.02756572329852317,-0.014144040637517504,-0.004861582631971284,-0.0017481569168422853,0.020018247604337736,0.03862721031786586,-0.10460813754290871,0.026494748409513554,0.027246816185889595,-0.07168495895719161,0.036953455784098616,0.008767465072102876,-0.0485330481396033,-0.02355150955276155,0.01500073689912267,0.009137593492687343,-0.039928639676607085,0.03425355693154102,-0.074344831976827,-0.010323859537498141,0.025479312920626475,-0.07910487824119246,-0.011649093175032283,0.01800947812998318,-0.07932228127467501,0.012285382342403412,0.02780131919156553,0.004028767682660321,0.009576118707823893,0.0035858136075614866,-0.015881651835068337,0.0070404497233948395,0.0005154592610848258,-0.030185631256164483,0.01078256052363055,0.004052557148811326,-0.03177264062580183,0.014975474906150655,0.005366763381271871
0.007023176582581084,0.0007952266135997684,0.005712187921501379,-0.02241633313669428,-0.0025209038143050645,0.017436854259810307,-0.027431758923975147,-0.004744325972135508,-0.001915139091055736,-0.026886155920694627,-0.005331186345293163,0.00158831128586436,-0.0005840278176340872,0.014018569256431095,0.04374725258167888,-0.10185681982954219,0.03006830009355919,0.02604408774488601,-0.0693944908753046,0.033409554223253105,0.0051761499464406694,-0.049837206607076044,-0.021952610179541636,0.017250316809581084,0.009474273644875604,-0.03742836265242687,0.030984824950539103,-0.07689065436197966,-0.015542268744050425,0.03435731406728758,-0.07891749572976557,-0.006678735692398093,0.013524644686865752,-0.0825767268034117,0.00678791085579654,0.027326555580098975,0.004097597808260992,0.00815289017186542,0.0031072730540065933,-0.012277607208232379,0.007281896522021929,0.007251220879813926,-0.02514019368573861,0.00718462493866769,-0.0010037775350495801,-0.035336179088413334,0.01476373812856851,0.010492133010064766
-7.490630746023735e-05,0.008491167046591329,0.0022060573270917716,-0.028245902015255363,-0.0006720060610272401,0.015617445267990464,-0.021613295027469403,-0.006890595685191291,0.0013940565379439343,-0.028519873782117004,-0.008869388061251867,0.001346876325696793,-0.007923288243505815,0.009649789710581096,0.04303826776388673,-0.10806994457766979,0.025059376829878896,0.0318963785802423,-0.0687552943946279,0.030221837239205167,0.003572823529082831,-0.05128459175988796,-0.03073993851342281,0.010287214039822261,0.007345311936173845,-0.037460526754132625,0.03409043151068337,-0.07629057685395724,-0.011946455437335312,0.02624115411251191,-0.08045330825211677,-0.008324864561928467,0.016176988455877346,-0.07674776616652852,0.012033417848687875,0.022208173718238106,0.005836040597793192,0.005157260449368434,0.0008188579570103812,-0.01727977547703422,0.01006925037197792,0.00621457068071129,-0.028046870778300675,0.011098405899405975,-2.0740277151318898e-05,-0.031751350265196154,0.013494531528485796,0.0051052305283322994
0.0016315427161197825,0.0010860773874227265,0.00449033674172027,-0.02667438356720964,-0.002373724667830185,0.019160623193536216,-0.027422426431568926,-0.0026973265937963323,-0.001975046753590533,-0.026212888148335275,-0.017746617151492106,0.00791173359748541,0.0033186118382652276,0.00754129166630924,0.04004245810849058,-0.10957465860698172,0.02688599834291143,0.030981948855500884,-0.06785865168040309,0.02969466852413578,0.008314733722242373,-0.04849565678740897,-0.030651713977390523,0.01605241291250991,0.0090506923160177,-0.035291331459206286,0.03585374029190091,-0.08062551550065174,-0.010072417352638205,0.02386626896317221,-0.07743905512950866,-0.010806126471970115,0.023255066315200863,-0.08275550116146094,0.006821306888405947,0.028480397295916823,0.0024269875059090215,0.008319036074770789,0.005493439263431198,-0.02257310383638026,0.007186318589982541,0.005907248077226295,-0.03108102819996286,0.011008455063509934,-0.0003181669600693373,-0.0350779917642517,0.013660095907453677,0.005417845918186431
0.0034969583080891116,0.0064771511901712394,0.0033673461160223135,-0.026513511021347445,-0.0023992652666718142,0.017960257376412932,-0.028796244868270492,0.0017371533513245595,-0.006408292112789752,-0.027773665465628757,-0.014207540126245434,0.007259205188377581,-0.000522752426929801,0.007291417117776076,0.041743070310389596,-0.10957465860698172,0.02688599834291143,0.030981948855500884,-0.06925934084351448,0.03177547432932865,0.006055365597339155,-0.05032338832187349,-0.030967844389885334,0.021575038917747102,0.006609858223894379,-0.03314003845335781,0.04265588695987999,-0.08330768315392043,-0.008497332976833612,0.027942816058269912,-0.07934802721607169,-0.006933613504846875,0.01643640123517348,-0.07774525111756171,0.008453455084073037,0.02904171095695023,0.0025561567532191953,0.009688665303344179,0.0028427789269170212,-0.015387425043407756,0.01006288643253588,0.005760472564195863,-0.02617705479849956,0.01261390641648737,-0.0015562454146850985,-0.03197191943023818,0.016173643091357836,0.009238704782274473
0.0018191480967265983,0.003476439422520515,1.7709341616340718e-05,-0.025399618573639156,0.0008578487205927042,0.009150738343487947,-0.031163568610717302,-0.004589433367023947,-0.005004724006596282,-0.02883992571590978,-0.014187874799548597,0.0033834961177318427,-0.0039761119983201575,0.00783807459245222,0.03988705444808118,-0.1079241946953526,0.023089788975145836,0.03051823389462615,-0.06951711137878634,0.03931926788712083,0.010883589440321376,-0.05454085496719027,-0.02237538003232046,0.01825951898567448,0.010486274928369942,-0.04494948754467912,0.038841453355077424,-0.07028320079307449,-0.01222969522874457,0.028880506962949637,-0.0760656474066029,-0.014843159462066238,0.017066461408989715,-0.08110931222003584,0.008625139716762424,0.02869441721118788,0.0059032410772552595,0.0037340589026984,0.0003459300906577574,-0.01764930042437816,0.01296895219258278,0.007872136482760998,-0.02617705479849956,0.01261390641648737,-0.0015562454146850985,-0.03359249659477819,0.013295165986880849,0.008871716683750273
5.981740170100034e-05,0.007202969999438105,-0.001137838006615042,-0.025882228934998322,0.0009339130392275678,0.012753713699009338,-0.022758088829221576,-0.006426457446031694,-0.004306484623867288,-0.022203353006644368,-0.005341375449356955,0.003628904569400873,-0.0072499949430057265,0.004931205247641939,0.053168861702774406,-0.11229422746361357,0.02659960784089929,0.026392185972044294,-0.07180881807653651,0.036925761845555655,0.009888136573668766,-0.05388650430025844,-0.027550710919498615,0.014796699877298704,0.008496832768821872,-0.03789523001399757,0.04144483643176449,-0.07511808240306443,-0.00877165463987814,0.028674214123088928,-0.07692408340685067,-0.007267062404973246,0.01767960772207092,-0.08458147127614375,0.01446728115786464,0.02846267085598354,0.002839171857793617,0.003998591207379678,0.0009111645076679383,-0.019687612797285488,0.010140147389611711,0.008690580141186004,-0.029446506221281008,0.009783993323047717,-0.001652146543533412,-0.02860823729232891,0.01758418659284903,0.007984067323763031
0.007439175789936653,-0.0030605641284890857,-0.00425954900965483,-0.028107556281320348,0.006174383696055206,0.013607542767016851,-0.03164601153781301,-0.006897003168287744,-0.002174873325412015,-0.02355316755277227,-0.012406501536439338,0.0015166090428590073,-0.002265400265109596,0.018950388171145353,0.04336489110166675,-0.10282045118999479,0.024584295834556083,0.027127410295038536,-0.0691236987350636,0.030142061820834867,0.0069347634769779554,-0.055326718122513684,-0.03477539354408154,0.01494229768630695,0.013778706581393504,-0.043013583053129405,0.043298750166081444,-0.07215183811621412,-0.010559402323830352,0.029875317564815276,-0.07899560844902527,-0.009964450841917214,0.01619082728959663,-0.08436648064966032,0.0031277511463890526,0.02823135333307414,0.00864034499373597,0.006371095927698735,0.0038404841790112307,-0.01590337509630173,0.01012742561915881,0.007782711411945672,-0.027619858233295904,0.009965233041107384,-0.003615283332417858,-0.035221676402978616,0.019488303018516253,0.0076698243483686104
0.005624021271561845,-0.003018179969769547,-0.0043060593617041815,-0.030298770523480432,0.0011066584605238254,0.015673681281244092,-0.027422426431568926,-0.0026973265937963323,-0.001975046753590533,-0.025322416617970127,-0.008931101972072945,0.012983212436828288,-0.002355994329697082,0.009629317925436774,0.04227245757268454,-0.10437427407966732,0.026976308451034596,0.03370033759750562,-0.06623004333744029,0.030991517265348868,0.004330439854491987,-0.05447339786361537,-0.022334218412400287,0.016968393583610002,0.008485679131788887,-0.04023818006641662,0.0412271142586892,-0.07681550749840663,-0.012251456103269314,0.03459192901362326,-0.07676828080972407,-0.014380525331782202,0.013048113897857316,-0.07553712954549589,0.01768357173632783,0.024835245598924683,0.004164285143979397,0.008135140190408624,0.002062529709481014,-0.014474938653940374,0.008752683490798694,0.00903105236310159,-0.02327246680191272,0.008700826033010964,-0.002541201368469726,-0.03373237942990061,0.014587155182206315,0.011539179625701538
0.005342783685473848,-0.00747570058790332,0.002433171389775383,-0.027930037044858674,0.0009949133772587059,0.013013345207155263,-0.02862715118679323,-0.005390869578499562,0.005009642717140431,-0.02277064814760084,-0.008899374294796784,0.007256221812276182,-0.0038470141340434267,0.00810354382273915,0.038702173667741424,-0.10886768503036115,0.024746310478109868,0.027520613481940993,-0.07216525788209939,0.03258587438490082,0.006658223894211191,-0.05546056623793888,-0.026115874814633695,0.022207311192382177,0.005312803338860447,-0.03978154342685051,0.03581959657711884,-0.07540374488289506,-0.008559359659664372,0.023398161868754916,-0.07870962632251118,-0.009794850903860512,0.014249605323972753,-0.07849572639419113,0.006482916683945474,0.023053725895004054,0.005368909536565959,0.006687749323203784,0.007558350215160443,-0.01205602799664321,0.005596360908539995,-0.0007013437809192922,-0.030148501678802803,0.011415075716529154,-0.006653594537128425,-0.036859921333980736,0.013554388037440869,0.007980226892759647
0.0019196783201604626,0.009074530672307714,-0.002244482325570165,-0.023067952583352196,-0.0007019864583879978,0.022038203876897446,-0.03350759776905407,-0.004770788938280105,-0.0037788581443216605,-0.028480508359569046,-0.010694593818791785,0.011849887536869512,-0.0006520635387580174,0.0070258836925964786,0.04292774769447386,-0.09935736289997589,0.026019308492886407,0.022471943553774854,-0.06772581592616725,0.028060063182186876,0.009195196393371862,-0.050758605267495746,-0.027259303807607587,0.014106909686688629,0.008648434369009602,-0.05184679947883092,0.03781804031710897,-0.07765757966728311,-0.011860053509512811,0.025068042909208645,-0.07853402742626531,-0.011310246700000606,0.014127197273063464,-0.07714251352618214,0.013989719266047994,0.024562357500881565,0.008580386485876924,0.009202255355924923,0.0037241729182387992,-0.010883463578803156,0.014469234317319696,0.009388259626713092,-0.02204558091630953,0.013173950855314604,-0.008652569086869498,-0.03494672919547276,0.021442865078626736,0.0019158000778412563
0.010834160103181372,0.0013348560013087716,0.0013133575909582017,-0.023666389699309773,-0.0008701558920891682,0.011493475198493943,-0.024658826397504694,-0.005416003543199374,0.0067123546600999055,-0.023302927737123516,-0.014222678153454259,0.01064548272630144,0.005091037684064865,0.011936277335484387,0.04151839572306194,-0.10409312287097182,0.026891673917509892,0.032660364335511755,-0.06644907946480941,0.03522255158576004,0.013149860254604372,-0.05056332762155728,-0.025559863748107082,0.0173082467063923,0.014105438961807982,-0.04285950928291609,0.03981260861311856,-0.0800685102358136,-0.010252924075142127,0.028116596794927114,-0.07853402742626531,-0.011310246700000606,0.014127197273063464,-0.07978350771421633,0.0046119420416071795,0.020529909558779355,0.007435465859763568,0.0036015444365347722,6.304877862279144e-05,-0.012611302235298221,0.014226514154558964,0.0022141368597330346,-0.026957054447569552,0.011572175402260014,-0.007412461010911023,-0.0350779917642517,0.013660095907453677,0.005417845918186431
0.005443621533577144,0.0033851314314671615,7.588565263179173e-05,-0.025727724399169257,0.002626513970972732,0.011351522207658808,-0.02886611879726332,-0.005520114931463975,0.006394148321069442,-0.027951117542221165,-0.01598193897226811,0.00839616059226934,-0.008909386177462782,0.012178316605495941,0.053050571866002226,-0.10995562479692575,0.028374920963094845,0.025907391402604642,-0.06826687909930833,0.03793350876237106,0.0016724171519535535,-0.05500105961127034,-0.02424553323872389,0.020232791881715968,0.010605194929304871,-0.042553811205779536,0.037899080904319385,-0.0732866700904555,-0.012088038680792683,0.027561124955086398,-0.07677091691963485,-0.006293048793736553,0.007835614400978989,-0.07706760571116689,0.010209923169475853,0.02447062096923754,0.0026267636277842047,0.00826584226314602,0.002359580983983021,-0.01504292855880774,0.010250073853140883,0.011372163830751968,-0.031630559032821526,0.012709127169646483,-0.0063747580652379916,-0.03010484210057782,0.01035571255198393,0.005630330107336076
0.00539870579958211,0.004986256733129503,0.001173102719254711,-0.029330339040996425,-0.0007637336119206701,0.008673234489133229,-0.037044927458123565,-0.00354812513804484,0.004314063884985921,-0.02450769245070298,-0.0071337746364802355,0.007737132246185219,-0.0015569270717308878,0.005168936620188797,0.051217442889993574,-0.11009175655244732,0.02648867451704064,0.025565461477506067,-0.0705316925039522,0.02961954175495012,-0.003915653180152318,-0.05135545360160638,-0.029208525917020937,0.018661677354370992,0.015816700652263538,-0.03833933182334916,0.04180609780353068,-0.07734985651999891,-0.010182398978720638,0.02416007044490585,-0.07676828080972407,-0.014380525331782202,0.013048113897857316,-0.07735828981646402,0.01591284608979907,0.02576205426657722,0.005568875115843144,0.006634219482159332,0.004425538034316511,-0.01828074349265286,0.011851000079925213,0.017202782077706966,-0.024051969471678997,0.007658525467250281,-0.008396659569267394,-0.031831979166396414,0.014881262196069148,0.006570252237025534
9.912218320201536e-05,0.003837475239359768,-0.0022432232004173606,-0.02964662632424845,-0.0024307795327601447,0.011279453974367554,-0.021785017867756034,-0.003863973257606798,-0.009912231964789658,-0.026140506148201417,-0.010670748101768008,0.007493238754640647,-0.00468323704959058,0.01323013035557694,0.04780921817631847,-0.10021790070510002,0.03012573720250538,0.027293268310247566,-0.06561049937933433,0.02945932943729183,0.0007287420878886003,-0.047832453353859945,-0.027092878026941918,0.017293528747024552,0.010605194929304871,-0.042553811205779536,0.037899080904319385,-0.07686869379642942,-0.013654939721284952,0.0281750861011752,-0.07763332728033179,-0.00680302792411303,0.013661089273340875,-0.07324566984720787,0.01371813369856266,0.021453951109149404,0.004634957937602091,0.005199441902310322,-0.004116719389026806,-0.013959506666732272,0.008688136756961807,0.007009564349435165,-0.028630642771949124,0.011459825906637773,-0.006504834190421161,-0.03016899686443494,0.014798430791177675,0.006413533210562939
-3.395064307989825e-06,-0.0017606235536739654,6.490868867450835e-06,-0.021801606720872904,0.00424749322037483,0.011835863693148022,-0.025063945719627966,-0.00047065800209403734,-0.0032624271544120596,-0.028480508359569046,-0.010694593818791785,0.011849887536869512,-0.0026593883607299255,0.004439388437494833,0.04409726978282919,-0.10212391705775471,0.026299275141625975,0.025379438289843247,-0.07387001002434096,0.037916488589746514,0.0026506803755602763,-0.04986001262970796,-0.0291031052219367,0.019606528494142215,0.010397885298088697,-0.04031203075215707,0.04044382871402906,-0.07952813182154257,-0.010190172072861754,0.026065081438100362,-0.08193796904018677,-0.010683068838509106,0.01080580883139532,-0.08271906277500544,0.004931701678532682,0.028440737817292266,0.006706371625129566,0.009421341873101228,0.00924990366183812,-0.013135613274491852,0.007158420345129059,0.0036589251521010743,-0.024856976707355292,0.011255626679712605,-0.0007797064096732514,-0.03337195846373217,0.010616587329390203,0.004739803767346467
0.003633468659308884,0.005190414725037664,3.209486351250447e-05,-0.02131059650744275,0.002453832012763055,0.008431128033207868,-0.032600177533181667,-0.007414204537963443,0.0033647037962796582,-0.03682163079550922,-0.00892636399341172,0.011898156663243684,-0.006907746408489111,0.0010736200333258178,0.04907719835609274,-0.10527014996160487,0.02806770189139393,0.023207604248736344,-0.07114287721300154,0.032086591889929586,0.010278567500734396,-0.049462990415019614,-0.027280189362422266,0.018931649458654963,0.01027887668670325,-0.04270779363444756,0.041385819372354415,-0.07868024695403722,-0.008449530764817753,0.0231058763650308,-0.07738378237995826,-0.005921421312630094,0.01974375144792563,-0.07685111465572084,0.00828690540982813,0.023270653412466896,0.008643739664253124,0.007777633785320202,0.003259971154400929,-0.014561030122467433,0.008532745001264923,0.0024068649349607467,-0.031630559032821526,0.012709127169646483,-0.0063747580652379916,-0.03696133597917211,0.016420119290338486,0.009706687404040973
0.0055851608802061775,0.007375900071130409,-0.003314709663728085,-0.032358858518841696,0.006322068848662294,0.015319440816465033,-0.027936715134609928,-0.011142141170704344,0.0010368608187470488,-0.026140506148201417,-0.010670748101768008,0.007493238754640647,-0.002872753704055763,0.008566958660383053,0.0470098941099768,-0.10716987747472309,0.020382054402492036,0.019564034239736103,-0.06725879915524151,0.03315555077952554,-0.0012932606174615668,-0.05135545360160638,-0.029208525917020937,0.018661677354370992,0.004770318585699665,-0.0400391846662601,0.041630638440156534,-0.07833545598666691,-0.00512458854921974,0.022317641055904842,-0.07682824275094398,-0.01118039297773835,0.011350700917165082,-0.07910667324740275,0.010362356848903777,0.026603976421700808,0.002901215948212247,0.0053849758936434485,-0.0006951450602781693,-0.016341652560816648,0.005671426317506897,0.002215982794824287,-0.026218334595534788,0.011278535781367822,-0.001983784507206085,-0.03707976507973846,0.01623154055308231,0.012112364695117516
0.010925705972323839,0.005161262203123516,-0.0009905505412376586,-0.032955197683356606,0.002719282227547576,0.005180102090863697,-0.028396534339698788,-0.0073081580226472655,0.0036849524845695095,-0.029936614576102704,-0.012456515193467934,0.01048300602071982,-0.0004773954015598528,0.01195363518979852,0.042289307486415045,-0.1066756427196339,0.028490908002686416,0.02841180458049905,-0.0659792542138547,0.029379792741838384,0.004091546348154336,-0.04922508068066637,-0.03425196524998642,0.01610690464804694,0.00839951918587886,-0.03560397973374045,0.042824463465084346,-0.07625284399526573,-0.010300178939062644,0.026358655999292796,-0.08023588231117694,-0.004953618859918093,0.012540497566918087,-0.0760636793758997,0.008367665385767805,0.029214894238039676,0.0044352062213125435,0.005253254334472296,-0.0009825974805957264,-0.01625591795550264,0.005892327071149269,0.008840835130305542,-0.0256369307646721,0.010213885323716126,-0.006635147449153327,-0.0368387364679503,0.012074637780573492,0.007719113896160135
0.007208724498727026,0.001424500522007087,0.0012462466875862025,-0.028738493784969527,0.002839330722531993,0.018812592225210315,-0.030958893328664125,-0.0014764089030848155,0.0061177004480429936,-0.024225499185873373,-0.010661344375331052,0.005879826610377274,-0.007234165490675346,0.015633692386158134,0.037658026651510704,-0.11543868558775804,0.02837007849934856,0.024229914769049316,-0.0705428861498545,0.0338804802696773,0.002676580400076269,-0.04866780268554722,-0.02363443184472361,0.017584817393189456,0.003156932564127943,-0.04448676231518336,0.03850763916457563,-0.07353339371475888,-0.010229730262466036,0.022401063172598917,-0.07600763615309646,-0.009958773663660105,0.013550977544464066,-0.08136216486985798,0.008444479492063086,0.019287673333778215,0.0029719699256029897,0.00396258533849404,-0.001177387705389007,-0.01508891769443684,0.004551202861838526,0.011103670269374038,-0.02633298128187767,0.012546304392917434,-0.0005005018815942581,-0.028667699723462784,0.017489763739718563,0.009187381249025042
0.00706662170927155,-0.006073813671568138,0.004696253841649117,-0.02651944086097394,-0.0006820155659366309,0.017757934907240095,-0.02603397848417287,-0.0030344468337170625,0.002339000396864479,-0.029654561492177586,-0.015984048606164595,0.008642322123229181,0.0009038126994781424,0.007157563145441946,0.06308233012577133,-0.10484217340139333,0.026012943752978034,0.020790094210260523,-0.07182366946657649,0.038586038487353334,0.007890712298046611,-0.04733555725904843,-0.030754295968293065,0.023459043256027632,0.011134177123832367,-0.03626507303147938,0.052879697507411276,-0.07682321781829789,-0.0007624592196320959,0.03644772583390478,-0.07864346563946262,-0.012994817846724451,0.015946426828143227,-0.08146679012775886,0.008691800973680611,0.031001481455852783,0.0022984536515754826,0.006950114864826307,0.008142452155925661,-0.014320669885274702,0.011586209572741292,0.008658858725755602,-0.023808955377673146,0.010394560930720586,-0.008599538431254185,-0.03510325646494386,0.01967744709206327,0.005263225444543745
0.0013424567861134798,-0.006893803252192045,0.011218113179326273,-0.030279859965419268,-0.005763394260189176,0.016492168661216704,-0.03164601153781301,-0.006897003168287744,-0.002174873325412015,-0.024260450989877277,-0.008893858673930048,0.006122187759420936,0.0025214536271455945,0.008947893110211316,0.06546464679956605,-0.09793473205502316,0.03246155776348783,0.034279522282013544,-0.06459167760610683,0.03229466584805418,0.0003420353971699875,-0.0520845859992972,-0.031241538661056622,0.025801609461769365,0.014619549506944319,-0.038909651132429064,0.054578474172265766,-0.06664610569968399,-0.00925870015319756,0.03467574725989068,-0.07760357456327233,-0.0084036417453158,0.01450860082653844,-0.08368929015546842,0.014301618164248166,0.022697144240636954,0.008509912214874222,0.00781321590517072,0.005349292257081883,-0.01035107256747629,0.008927982113195067,0.013736646909169061,-0.02707864522583114,0.0075640359915403145,-0.008693354582341935,-0.04027113253992273,0.019637432131528392,0.009339425372235312
0.006835048599759555,-0.005102729160808323,0.010247894186555723,-0.026012709676081616,-0.007627441297402379,0.01496722567712911,-0.030259659867272456,-0.0072319296229392815,0.0021402361123501034,-0.027738678852511207,-0.015974784012129057,0.007022664654782822,-0.0010568993763619644,0.009227671789988512,0.06479314123821632,-0.10470253622899318,0.027626866602813265,0.04222975186219241,-0.07128587880423878,0.031117146259420306,0.0008112024180415585,-0.050630522348465906,-0.025601357363512503,0.018600264490345114,0.01971168204848977,-0.034736380180699584,0.059664328167977454,-0.07653722435798424,-0.000976326954551445,0.041718544467526535,-0.082631708201372,-0.007109976318606824,0.021014398293281545,-0.07734995177083552,0.006497364852773929,0.026688883381782273,0.004095528368544456,0.009558457000049753,0.0025408869522460555,-0.02003258007853406,0.009952758166490674,0.003077076718508962,-0.029370371450170307,0.012458431606739349,-0.0007975657481209516,-0.03480321953773143,0.015611768053188927,-0.00033910755715758846
0.01578409948983963,-0.018033014403564057,0.014195992799610244,-0.026779932118929286,-0.019510740299474656,0.0224058557429179,-0.026100082364139212,-0.015305590525248337,0.002706949759502635,-0.02979704513861613,-0.019525212468754955,0.00954928790760467,-0.0009935686199007974,0.004795941885904021,0.11559023486299397,-0.10897593960513681,0.03716093883882345,0.06873904525078857,-0.06557461188961342,0.02874724838783852,0.013313813999111909,-0.04882936150478584,-0.030861055165051585,0.022517219661335096,0.014290711424312581,-0.028346803315675614,0.07927982874738604,-0.08167214308605601,0.011788014171454886,0.05690460132194642,-0.07525537161215509,-0.0073124535785506605,0.03179013157088399,-0.07393044291669988,0.019939829677025796,0.047319564301911435,0.009672984667280296,0.014826001188367025,0.00839779689011237,-0.010106381287844498,0.014372568780431768,0.006352666761083684,-0.026374945864449766,0.010506959989959208,-0.012065777519781001,-0.031793880628456714,0.016456597662765277,0.00562870292708902
0.008179400261325047,-0.034747112847951823,0.021939658951012866,-0.031831788132345905,-0.031235169153534213,0.03162204315027385,-0.02329312363076962,-0.014861276342661857,-0.0012849729132106817,-0.023305535081123437,-0.014166517711166256,-0.00010066205179582093,-0.011668926711449024,0.004931201788580872,0.14797119072280177,-0.12342171339269907,0.04456821195025749,0.08858690518538197,-0.07121243690012707,0.018817092679308377,0.028489356517251565,-0.051905472502606444,-0.03826022200114526,0.02428904649899947,0.013049604548100783,-0.014922038530428979,0.09452037488989828,-0.08256353651009762,0.030854710292063308,0.07610900097131884,-0.08356183122212203,0.0042795202445328,0.04386352711148066,-0.06697664514587594,0.019771144015717793,0.0574372187191388,0.008327953116229433,0.014902771746390714,0.005582942227735145,-0.015957136868113318,0.011560732097917137,0.008103949206222233,-0.030385357194816207,0.013955647261170736,-0.003685707233924879,-0.028455194326154044,0.023892017175135064,0.004223227204319213
-0.0016411488705410265,-0.05606656831694338,0.036908298136609174,-0.04730332788405467,-0.06428229912367474,0.07578413337938017,-0.019374428795551922,-0.043302071496443176,-1.4357993403335054e-05,-0.013798873726924328,-0.03184272919618933,0.002772219832147836,-0.022847171031962914,-0.02749791496322163,0.2309277652301144,-0.1532173441576594,0.06114606736415568,0.1760978557764541,-0.08108978616866998,-0.0029493029994538404,0.12719436260720762,-0.038115207125572516,-0.04950442594557429,0.033958073094707004,0.008473847256352059,0.007097124235558853,0.12748528607280882,-0.10524323663622337,0.06693333215358888,0.13593315958434787,-0.11220284902169728,0.04479361325032659,0.09913094659520964,-0.06186025955785598,0.042706352443804434,0.08797014122728504,0.006180430855793813,0.018002010665822975,0.014164756961203064,-0.01746238829533611,0.02150774319183075,0.007790724468842897,-0.02922189596130344,0.022389582967273166,-0.007443509110123457,-0.03244514342258771,0.04573007367058674,0.01576298411601045
0.0010895755719891682,-0.0834681317581318,0.058576014546092306,-0.05509506385585633,-0.09765022981839525,0.10733266928914448,-0.034364887076262646,-0.08799323825702554,0.01563293602257316,-0.0039284281113978105,-0.05652133139884297,0.003042415018081496,-0.043862698013163975,-0.042232728628819376,0.2908102404862379,-0.18268937103136554,0.0661859517700244,0.25806178019080545,-0.10198907983637893,-0.02190778635683005,0.24424399217966528,-0.02532358144758307,-0.05347605937345766,0.0969773450431341,0.0071388292133806215,0.02165099899383543,0.16394385767230343,-0.1255920214483571,0.10448963848676565,0.19324743761340432,-0.13784981078468125,0.07108554368681574,0.1700199510094233,-0.07174224502042659,0.07475418962709701,0.15973233131799378,0.01181221471500662,0.023283688954424207,0.01988034340163555,-0.0158652377327882,0.030100725422652432,0.009257483331887991,-0.026265106428010027,0.033594910223865036,-0.011224661639031276,-0.03466066425381939,0.06462463985291783,0.025473084318109955
-0.0027664110315773053,-0.09787756608430435,0.06147232008583229,-0.06788976202086243,-0.12248041358891502,0.12930424139882765,-0.030260722485458597,-0.1110956656347594,0.028081629823128274,0.00614793824511947,-0.07057338372649524,0.0018677380639806156,-0.0468980369156268,-0.05050781744651033,0.31840019866672176,-0.19340215295145233,0.06376509533573486,0.2960782649529959,-0.10919722587200481,-0.04129340389346702,0.3035733662445987,-0.018614637260084315,-0.05256630020978592,0.15068484053557335,-0.00037500348246266704,0.039231336319539505,0.18949750485720498,-0.1414221459247722,0.12266399762605135,0.23669922849522276,-0.1549364701929633,0.09164758238516384,0.21552588722362498,-0.07218979388949216,0.09421966126932903,0.19376776258800946,0.0028723785007299663,0.030981575037408306,0.012882573660051324,-0.01206119137310806,0.031510457188687106,0.008608806594111841,-0.03277612220951717,0.03863763890269084,-0.006909656266091966,-0.03817851323668538,0.0705171023342716,0.029291208313749675
-0.015588155624015571,-0.1498450485076779,0.09433940308594142,-0.06648098439443582,-0.18244774151663729,0.1847525747147873,-0.030697554820160157,-0.1860223312454868,0.05637751162512463,0.03911421245009077,-0.1406036559986894,0.011047041706713162,-0.07552993894208666,-0.09682652326244594,0.46465646619384354,-0.22746783993862965,0.061930850578582275,0.4063561420777738,-0.12873279679655314,-0.05561345089034578,0.4447194393608728,0.0016203815575711756,-0.055480545844801256,0.3974963746832989,-0.014229188786266002,0.08610264446708658,0.27166526375016664,-0.17358200073134744,0.17626936587555148,0.33400119127956224,-0.19918398698162093,0.12326357505725488,0.32839652086157484,-0.08670845701381369,0.14965820668771823,0.30523749551669144,0.006127734487810729,0.043672025421999106,0.029606347192754255,-0.013519326319863832,0.04859925008271329,0.00890048578024051,-0.031936806026558566,0.05888926264814935,-0.002427864435016215,-0.031930467942729655,0.1014891867894064,0.034567238245952335
-0.013379192946291392,-0.2385345984215039,0.164228033324696,-0.06670263779005291,-0.2613720376994752,0.26815794302961937,-0.025101411841416645,-0.2780112092308869,0.11750552236704226,0.04870493388718433,-0.19640735714587268,0.02268461869685518,-0.09307463776232272,-0.1505852136713242,0.692227199995882,-0.232584134562118,0.07109008179534392,0.572150083096883,-0.13656973192114816,-0.08359287322034238,0.6071685658953779,0.01724265251721615,-0.05834467950862716,0.5689139884843003,-0.021522169012203655,0.1508056655816639,0.4266557572126817,-0.1891512232085959,0.2420714768524594,0.49663551419627056,-0.2397298771781679,0.17324464763439337,0.4567644928771245,-0.0767745697707546,0.24190320264483778,0.4950938945216999,0.011444596568093213,0.07631071304999844,0.05889078384935834,-0.010000866405636057,0.08004256700397547,0.012912565948390232,-0.02741942457685667,0.08992886648748462,0.0049999589822866146,-0.02404407810485552,0.12483582855947942,0.04079087384532713
-0.015474552814564646,-0.29200150973257694,0.2052313754939034,-0.06627261221956109,-0.30376982245973067,0.3132608667594787,-0.01781554560726288,-0.33288247001301663,0.1511057731773611,0.05747772329296375,-0.22760523648746153,0.03954109390436847,-0.09339608776619762,-0.18532637245833805,0.8070664259081141,-0.2298915498560106,0.06551897432519337,0.6430331837689155,-0.13191656125206153,-0.10091626147513143,0.684641796887052,0.03240922034340799,-0.05348369272405088,0.6347650617666799,-0.0023935842606590263,0.1977801830814637,0.53662023524791,-0.19132099931894045,0.278854278222939,0.5728185129980752,-0.24630477920186203,0.1893411029113726,0.5177416040670686,-0.0677586876310484,0.25863181143170927,0.5324794306087205,0.019407825082298824,0.09600481916591165,0.07960330455786224,-0.00936412162272281,0.09018096343050086,0.018717998323463204,-0.026240897680477587,0.10298696757567871,0.014961856688140223,-0.016549886993569313,0.15062501265540235,0.05489488922955669
-0.021512034238929337,-0.3454767168811131,0.2450573973693427,-0.04224373654831414,-0.3869909298782912,0.38664002521910124,-0.004902280418129063,-0.4155426303966965,0.22015560187347794,0.06875249845042704,-0.24654637575474514,0.03974202026545863,-0.09616143537026843,-0.23292771200221396,0.9253996892446289,-0.19701421218059267,0.044611947412254,0.7807204641473509,-0.12236601417354809,-0.132514468823003,0.8044700280155964,0.03815544134497856,-0.055796360496704334,0.6813414408680285,0.009389458981876084,0.23083477624300716,0.6437731046706542,-0.1818006729435124,0.3155613037895576,0.6429582489889594,-0.26285600843790735,0.22217949706495813,0.6063282474695084,-0.057501484612527604,0.2753876988755989,0.5824855273344687,0.03524643850615522,0.12406571836463531,0.10808164527744608,-0.00360517658792105,0.10891496073470748,0.027756478383550325,-0.020190161019852507,0.12846967368592416,0.02204758667469038,-0.014995774830661677,0.15955746846029753,0.056532657345946875
-0.007469955838759178,-0.5155671291070053,0.39848221886805124,-0.016434201723660998,-0.4475897809734671,0.4608430825063642,0.0005967393222771089,-0.49273681250922063,0.2734044825707957,0.08269225357784737,-0.2981622303725514,0.06447587885220347,-0.07894495097057183,-0.3716825185998418,1.2575990240887382,-0.15591986172458566,0.013965448835031025,0.902515861984372,-0.10826747729115713,-0.1650536543567228,0.9044961219958045,0.05839924166018535,-0.05807977740585095,0.7811482727660188,0.053478861655521515,0.37186407701478,0.9875918283723019,-0.15695723500866315,0.4046331036988598,0.8376141715848537,-0.27171677615637374,0.2517169648154336,0.69210443234621,-0.036864163492720724,0.310166491776008,0.6494913164499905,0.07651698395217281,0.20248661617585395,0.1844251868942215,0.01192554959530061,0.16324316836803707,0.043328332407116255,-0.018556588791748388,0.1574625231160886,0.03882045711030474,-0.015323928414276877,0.17273978477065474,0.06285069164236134
-0.009842781862312374,-0.5655281074210401,0.44331407348184204,-0.010874780355308786,-0.4906937397040106,0.5000852745129762,-0.0006665060204393867,-0.5294079651647117,0.31088080354364256,0.08836500830828704,-0.3255154995614907,0.09037602788747176,-0.07215306330700713,-0.4084818683265776,1.3603684320751632,-0.15602689904845857,0.004910009406578918,0.965823174716094,-0.10257100973853357,-0.18060392923393587,0.9559588582911808,0.06329575369020875,-0.06881897723128681,0.830788194721488,0.06697209836274029,0.41925373956146605,1.1010803504990991,-0.14679531865892662,0.44089913838361466,0.904536194910941,-0.28107933313809724,0.2709611921820748,0.7363481516479475,-0.03093978223367503,0.3178171015063543,0.7045163110432215,0.08110557724699345,0.22728193982713843,0.20415803777811728,0.015290014798516362,0.17468215436898385,0.04756174321470361,-0.012858120666427214,0.16607128520413283,0.051134533084962595,-0.008509545630332955,0.18818281460329536,0.058082826843629684
0.010841199620288946,-0.679820653890772,0.573169303657904,0.01766069757061956,-0.5524639984924881,0.5580643720573225,0.0058763150838478505,-0.5907652752656102,0.36004724369244,0.10681548342866529,-0.355972371032172,0.10514554176849264,-0.0515743446858644,-0.5059908300401412,1.5973668398286687,-0.11118351042809232,-0.021683154346092345,1.081690071476679,-0.08953075545689444,-0.2118619152671807,1.046278439224346,0.07687417717505553,-0.07108435393780067,0.911646652576236,0.11841066422643862,0.5350595212599449,1.3827807813135335,-0.1074610063109474,0.5056982921697525,1.0227958536600983,-0.2771567720284073,0.29098213956791324,0.806557990783975,-0.019661254988083805,0.35479605188969787,0.7670190013652977,0.1284051483579148,0.31469108053609524,0.2714677531029669,0.03011657798070953,0.21899620681709514,0.06824415197027008,-0.005075795993507949,0.1976414255929813,0.06535638786846105,-0.00550936058377159,0.19978907644873567,0.06383228625558765
0.030273706217410677,-0.7808585712531575,0.7045211077300515,0.05523074568465071,-0.6023065394554301,0.6118111427579288,0.021690192064295816,-0.6249698053520245,0.389204791791605,0.1229159931884374,-0.36760912009860547,0.10330976109671736,-0.003050882549275054,-0.6063333324421851,1.7895698145842704,-0.039651904214516344,-0.03567567232527426,1.180507149703516,-0.06535373836768688,-0.24623497142027626,1.1031999069817144,0.10275844344169006,-0.06401290455819425,0.9187898337307729,0.16995532010667577,0.649272934723073,1.6771670764087283,-0.04679216881014706,0.565372280219774,1.1119813715833808,-0.24505850931756284,0.3054020945595353,0.8487299954443348,-7.211287263381058e-05,0.35901377539051543,0.7767131166970728,0.18265587532497016,0.40509250927587676,0.30906679046887287,0.06589996063640238,0.262539958218777,0.0838433724723082,0.012649051538543565,0.21122219148181848,0.07427158672402732,0.004373905176331097,0.2024781786106487,0.06347101208335286
0.027830350683668216,-0.8010201239533578,0.7125579122170362,0.05878999235767095,-0.6117794663291657,0.6180970489157926,0.020239222693601185,-0.6403633823094395,0.39486214138809744,0.1262198136498317,-0.37267507022153173,0.10237702665973895,-0.0047719574863595675,-0.6122902084294262,1.803609805558007,-0.03225119801346696,-0.03766813788553703,1.1995059834620534,-0.0643724488027417,-0.24961951233462126,1.110284366530901,0.10563435798386227,-0.06527024318344257,0.9137631257121779,0.17125545452057528,0.6586274664011804,1.7122166221787032,-0.04032130959424933,0.5740083276839679,1.1265212861972471,-0.24310282037429218,0.3142771285948859,0.8483566571274536,0.003191939632567946,0.3549671718212103,0.7664924148388573,0.1895700195713704,0.4185997748334947,0.30998220886135663,0.06640836234460731,0.26819784503682176,0.08390629898857167,0.01388393460255376,0.20836137323127646,0.07553225504194516,0.0029311200897077874,0.20598489193859426,0.0594700432069115
0.0006074280916232774,-0.732908225358327,0.5677196292610766,0.02966141755217993,-0.592264927308357,0.5834035275509433,0.00928630726107785,-0.6454703203518418,0.39481914652620786,0.11900493142173818,-0.3881387087670043,0.11889712856506159,-0.037407345912606,-0.5547515094964699,1.6277426430725486,-0.0643630504486088,-0.04257135911334785,1.1341032286373385,-0.07519568219825187,-0.24205878321376167,1.1028757228079993,0.0893183092251978,-0.07274300983056596,0.9626160593703768,0.13222733630525646,0.5754981193828663,1.5096903675453401,-0.06788457208923712,0.5526084627220513,1.0887787389345744,-0.2676733982712467,0.3084835415369866,0.8570431496181602,-0.013918941060613166,0.36964787195114807,0.8123238505514553,0.15847675837806488,0.3724688892627268,0.2718869667439603,0.05260056793131495,0.2542129614306555,0.07741672534142716,0.008086152621930645,0.2149550150764051,0.08278691133855674,-0.0024485978081598444,0.2115184467323144,0.06840674387017903
0.007728280692807075,-0.7138362108035059,0.5557423742615806,0.038533017397890355,-0.5849118554649836,0.5659791241898005,0.012433372220064545,-0.6251325693639509,0.37555795334257,0.12336828122297042,-0.38466871470935654,0.11089326232346315,-0.028749600338663084,-0.5370598744405366,1.5967282959541425,-0.06763185800538805,-0.04378375216767369,1.1189960692190215,-0.07072350954630072,-0.24273350549948905,1.0889107627147987,0.09821682480328146,-0.0699260830089247,0.9459474940189585,0.1370996740347529,0.5727931896813662,1.474780189426062,-0.05960382471482454,0.5397162003427957,1.0629543772988934,-0.2577223335775745,0.30710281963832164,0.8391781974037973,0.004436417762189399,0.36464834320058565,0.81897649580459,0.1579701221855728,0.3575151498572309,0.2632747675785988,0.05735394130541741,0.24834400711474583,0.07357510259625544,0.008633504826738607,0.2151391567917077,0.0796451380123808,0.001994029243511581,0.21349946045841417,0.07811849708082454
0.009986831830572264,-0.6953468533075482,0.5520989846020937,0.05051691882890927,-0.5729765983227032,0.5412279369985574,0.022808331391456795,-0.6027553712684461,0.3553784200682491,0.1219037400480697,-0.3608028382460572,0.0995426670717364,-0.019679662266763633,-0.5226863868123487,1.5622068426757947,-0.054374749166060284,-0.0379164313826909,1.0884142115271564,-0.06587750069334165,-0.23733422095358753,1.0590664273806942,0.10279248739795507,-0.0634895446549503,0.8961707345113776,0.140736236737918,0.5602558494827028,1.435636026440822,-0.05016375362538968,0.5286379307315925,1.0334214983836805,-0.23257343776335554,0.2934370286294706,0.8051758754767422,0.0012191240603378825,0.3440161356479852,0.768391582209958,0.15423033267862307,0.34711783675774993,0.253628568922236,0.06127832826312756,0.23685182478991518,0.07075873672040055,0.008856588068419175,0.2022027249413777,0.06951365979934665,0.000721478911155886,0.2065625676180348,0.07072695522671123
0.013690584059298735,-0.6354436665650091,0.4792659667662784,0.03928961104929443,-0.5339256427182061,0.4966513078073237,0.030320525136291274,-0.546432005538222,0.30682018060555133,0.11518707844827276,-0.32000731319373693,0.05004169414340531,-0.014091462559427764,-0.44917509258129645,1.3911493754399427,-0.04912895253810026,-0.009120970152963205,0.9948692330113414,-0.06321758413761307,-0.21196987820067867,0.9598933792130057,0.10512572899311083,-0.05826295307852782,0.753713245848903,0.12989922125066802,0.4914051809084328,1.2744759706598985,-0.051467066460480895,0.483645147712927,0.9276629388562058,-0.20338052457112774,0.26331027768729187,0.7163674145994563,0.006389259443746661,0.29975336297452104,0.6553670155716206,0.13505973181799247,0.2952900148071664,0.2176896785101971,0.04074301928230995,0.20858006401887338,0.05682491254613414,0.006897650212503054,0.16708858857033432,0.04691432182592864,-0.005060909763154874,0.18065735877041147,0.05501997383505594
0.006346199398709196,-0.5864763658089347,0.41514190960577985,0.040079091224873784,-0.5075613748825005,0.45889521204731176,0.02605287624414432,-0.5045101006334297,0.27497648235613875,0.11605139548717226,-0.2976020458272464,0.044394527799164966,-0.01783283852249378,-0.40476251793957363,1.281662295957114,-0.06113841677821845,-0.005103579940645763,0.9331725976647967,-0.06619161566873762,-0.19027303683106334,0.9091377448021326,0.10252626552243697,-0.06009416016097249,0.6872291104250073,0.12161118173777064,0.4480100211130701,1.1349883428844956,-0.04954999794641459,0.4565444861933691,0.8674741453514877,-0.1904977895787109,0.24851484419767692,0.6692817103326378,0.0019948646396695914,0.2771186694249673,0.601426361552102,0.12257635084805421,0.26290749908557504,0.19069612991678742,0.04159025646982319,0.18564455798854443,0.048000263504298174,0.0037945007078803894,0.15560061895964197,0.03709726976770499,-0.001466009548988451,0.1657189875242724,0.0492484022370531
0.003471904151356904,-0.5221797980785968,0.3469037767794526,0.02126494217349909,-0.4758595719824195,0.4241453195997641,0.028773873147455546,-0.47007636731679636,0.24310382190906443,0.10661902517977925,-0.2736446092801624,0.03323826245571301,-0.027339326173815966,-0.3509271596593765,1.1314912376871693,-0.06608904251036503,0.0045767294674781455,0.8548818545532338,-0.06370437003713524,-0.17823811134137663,0.8586307151384837,0.09776039674018643,-0.05099948576008089,0.6317357330854528,0.10257351662398416,0.3893423811018008,0.980992172498514,-0.06090554569210435,0.41936565999128333,0.7861872891766951,-0.18216508746101182,0.23669264872532583,0.6238804535175779,-0.0019731419322948857,0.26191909109726663,0.5546875382745556,0.09986948595084436,0.22363117280504335,0.16135114794826802,0.03651000202516115,0.1697621867890591,0.03412075200815736,0.006748266196606331,0.14105911697443158,0.030106525660612806,-0.009850929626116714,0.15969488699253503,0.05245285322801683
-0.007045540090744693,-0.44393606989899176,0.2701723284071758,0.01342944423378212,-0.43807555779646096,0.3716029847878114,0.025191270949126536,-0.4365314728888898,0.21009408400015048,0.09846130199032213,-0.2582422885232403,0.023929123707220827,-0.028873340626096367,-0.29016423585108986,0.9676815235199813,-0.08639968910879374,0.025278290028078625,0.7742752710941629,-0.067045346106457,-0.15725234683258735,0.7871693961638324,0.09068823895918605,-0.056648697010945534,0.5725189402109198,0.08578243969633335,0.3252137496116963,0.8129264287789508,-0.07259170651830966,0.3790509495392496,0.6990227876305982,-0.17277201344683651,0.21429574463346387,0.5646577855652811,-0.0032601565118687806,0.24081684276398532,0.5013284122948758,0.08022262282769832,0.17870415471898046,0.1238408288350506,0.02928663749485267,0.1399948694863393,0.03209774395662425,-0.0038485315814677694,0.12804762378329648,0.024569523317947463,-0.009619174885688553,0.14480261267516997,0.048263947932848744
-0.005592607969230906,-0.30209708944343766,0.1600361315135694,-0.00869191594340859,-0.3481665056357643,0.26520909885876554,0.01758016359576324,-0.3424983050980554,0.13410435991637593,0.07822505387069913,-0.20823211336223343,0.009458993902328244,-0.03015837632513348,-0.18977596764792465,0.641685009782486,-0.12495444014970254,0.034669846636602296,0.583982884971534,-0.07103391837682789,-0.11821880851157174,0.6303144616559464,0.07224363527980926,-0.061100517137586234,0.4255295723872105,0.07566740037010608,0.2087866606843933,0.5044543232823123,-0.08735214220162275,0.2917926729333269,0.5092674033304414,-0.14944481844828658,0.1668469221102237,0.4372050733866625,-0.013510773747696273,0.18952288524248237,0.39061797655274616,0.045826171564271344,0.10302454498730025,0.07109902468058085,0.015564842046693525,0.09569392185062427,0.017565701579519324,-0.015519772724312342,0.0947314541767406,0.015373336257980397,-0.01445295075426377,0.1284182345615376,0.046704826435563396
0.0015061379796130015,-0.19329026676557232,0.09073934711306939,-0.007142300807460401,-0.26153926704375086,0.1829888816093271,0.003653700954706682,-0.2323419818032441,0.0770760765681819,0.057431336110571884,-0.15266286719381758,-0.002258883043466601,-0.008950812093578779,-0.11598652180126594,0.40640250964568336,-0.13384885064995977,0.039765222004604694,0.41143643914819916,-0.05950730320982838,-0.09006099759559849,0.45796886742764004,0.04744592780134553,-0.05887857923342411,0.2529538721966822,0.07232572502039368,0.131931577085251,0.307449469611503,-0.06073848236925366,0.2086106344758613,0.3278514385114416,-0.12369341677048183,0.11923171422522164,0.3043657339231576,-0.03680383836410926,0.13300913454796306,0.27695082394928594,0.02439510418139099,0.053806856255000146,0.03419084809716488,0.0004742904686443133,0.06436779627878118,0.013294280345037799,-0.01705404476816411,0.06654331144091623,0.009100681169197038,-0.025018931195719792,0.0986374162646857,0.02856277523657119
-0.005434137399379655,-0.15565877984548326,0.07704915323965739,-0.0223939069055769,-0.21304860767502906,0.15201461151428342,-0.005426557714998225,-0.18382374616210967,0.05506530466533624,0.04717544155781823,-0.1212348251874861,-0.009326093066623077,-0.0015913358543075383,-0.08716477015411155,0.325823706083116,-0.1327131709533767,0.037137126161131365,0.32955745843295137,-0.05608888515923999,-0.07530118759795398,0.366861713075797,0.02476956097402047,-0.06266813193449644,0.1840160246920579,0.07926581621243592,0.08944572259077588,0.24960187082050295,-0.05665695021438465,0.17570607681310899,0.25666686183867365,-0.113595724209024,0.10640153695612488,0.2336284160461009,-0.03612764127030136,0.10012988063583764,0.22142385437760168,0.030737712312270484,0.043345313372959854,0.033775632405814215,-0.0026191478637395014,0.054527275074419415,0.01674373554652086,-0.017383001846774698,0.053284516419533065,0.0036186632977886174,-0.02816628011925546,0.08993100212492731,0.025978613733930747
0.0016358498644527886,-0.0973201770183847,0.04560489162181157,-0.018047864793394073,-0.14314818884417835,0.09575729516393924,-0.00886656305716308,-0.12017880067355696,0.032013718446414444,0.025793695520228286,-0.0757247222323011,-0.008091054805702116,0.022804966428952314,-0.05225253783059902,0.20525066445503803,-0.11396955797166852,0.026957172260473665,0.20182091763739804,-0.052656107282609874,-0.04954458355689419,0.21680049174235888,-0.0025712046710388466,-0.06474956418274969,0.09390396951955035,0.07531006264412608,0.05021942116552929,0.17462805054364236,-0.04532199389094339,0.10594606210997591,0.1515367889855744,-0.0904220046906554,0.06418748863808864,0.12931942372491897,-0.04607500565464781,0.06159405997934202,0.1372503528675822,0.02381415856384412,0.03090910966268966,0.02270419471459751,-0.0034684635973765503,0.031578026444907176,0.010234399224393407,-0.02412997598497276,0.03394602086157431,0.006544326984670098,-0.03288016715676555,0.06930530236483823,0.02254018803366471
-0.0010819374162749453,-0.055960436179374476,0.02364753044070765,-0.01236756838147036,-0.08088969370665669,0.059713504456760026,-0.0180574734817155,-0.06491051894480102,0.016268925041874365,0.005172420826233733,-0.05470634214847555,-0.0023483992616089512,0.028717051317817363,-0.04002730817688772,0.11800645288897904,-0.10775888293726867,0.027753554146042345,0.11673145884705062,-0.05694286677747119,-0.009755232919824367,0.10170843712745789,-0.024821929477965885,-0.05230471534287241,0.05729948401710416,0.07402110030403945,0.006857061631242583,0.12814761654834625,-0.03565368710159853,0.05111397356865259,0.07388226613774265,-0.08813336959003386,0.038557432177042474,0.08243285934364503,-0.057873325639533034,0.052232831820039245,0.10511644943901895,0.0212104656591004,0.016839612084845055,0.018164615006441367,-0.004667203963887572,0.027445145144611438,0.014375468901252915,-0.02253823752567416,0.025408689769082234,-0.009155223629955248,-0.032307651741955414,0.04898976597801816,0.01269688780290824
0.0029259396245346105,-0.04440326849392601,0.016125319753758628,-0.01927202687694511,-0.05699794743668739,0.04717463100073295,-0.016629482462883694,-0.05708424728604047,0.020291609415359794,-0.007520872095470091,-0.03708805412951303,-0.005708132522816481,0.03658647330153919,-0.026315833386353432,0.09823647699790775,-0.0978034450203175,0.022831124602865707,0.07913833225019479,-0.061940001053074595,-0.001541383900472609,0.06624870820905021,-0.03261830539691595,-0.035292091473010684,0.044788774926820166,0.08524957490936773,-0.004522405226963627,0.10555115115556275,-0.033447084098919,0.02370504442597057,0.054404148235967786,-0.08449267093854229,0.022846998399071092,0.07037684434091672,-0.0570594142276639,0.03496447375308011,0.09060539266012693,0.015063200524927422,0.015927452645814674,0.019049371164567886,-0.0030713830201574616,0.023421290492783495,0.021610409929975972,-0.027572613597347518,0.02713662752117097,0.005136151731936845,-0.030763086560206872,0.04416819477123442,0.015336129816813402
0.0014508299605143313,-0.025750480584176873,0.008022258654118217,-0.0005967522889935568,-0.0356041843266144,0.02540086969131457,-0.023026095527891557,-0.031088840313993445,0.021633238367079033,-0.006892342285654611,-0.026523904488300287,0.0010967601547673873,0.029893759714513416,-0.02190937380289329,0.05909882827876251,-0.10273930831822876,0.016050958206649125,0.03733870955713321,-0.06760903603108008,0.01741378228283582,0.03376129147991793,-0.03694410355049216,-0.033982551667436724,0.04650462390572706,0.06850541624961783,0.009122365208117222,0.09032865233651495,-0.04005501898312327,0.005439387261880594,0.019029295119900664,-0.08899460620075418,0.011881152785198268,0.04794737311033733,-0.06206958248467697,0.02517375240060609,0.05815879476518567,0.015591041117599973,0.014378758102754982,0.01129083701897768,-0.010337074333427568,0.021534413276253873,0.007931753410174516,-0.02102994247066993,0.021573933476031114,0.010481022422463692,-0.03213991499242561,0.028026262792229632,0.011347957098380898
0.005332666981455856,-0.02152224731200955,0.002622271752029815,0.0042432842709330615,-0.023863615080074715,0.01747502579202797,-0.020643678500746998,-0.027763915346909408,0.007738969268787939,-0.009794301279548683,-0.030048330191123063,-0.0016471920280862386,0.016616914179251256,-0.007148925607418295,0.049604684696775384,-0.09780255025239963,0.03434483426789855,0.034607918143538544,-0.07104367914017172,0.023814819466834742,0.020264653353397385,-0.033761837829469246,-0.02815538615284623,0.036437669579469305,0.06094127383375818,0.0007011432392629465,0.07314461296776305,-0.03252008639155129,0.009772888411748028,0.029417554251129862,-0.08519274640166442,0.00583231231228233,0.04481874903501387,-0.062287317116963836,0.02709389250687908,0.059368203084847825,0.012844738137800791,0.01596011341491539,0.006113370853052673,-0.006343139272168024,0.01886851035497137,0.012983728350061638,-0.0228934263082219,0.01613677103184976,0.009670524352507516,-0.03210137102393533,0.029604011129048168,0.010410566372814544
0.012431577548146038,-0.02227887805026745,0.0074666889958647275,-0.0038470263103005686,-0.02022237005767955,0.016993425901596602,-0.030601017857734805,-0.026873804550108148,0.016691573342841184,-0.0066063878755058736,-0.0300461684726091,-0.0008031389842979884,0.020920002825188022,0.000908211821216429,0.045167492092846755,-0.09454271665242807,0.02732494818001155,0.04120380690387342,-0.0745182748141365,0.02451915677027876,0.026447773389587495,-0.03728705815023319,-0.028699668476885105,0.04488569030939722,0.06729738191098511,0.004704995682324781,0.08351358174297614,-0.030825257277326313,0.010869818868280624,0.0422545390893813,-0.0817429876189226,0.007698125377687661,0.03844173583150252,-0.06880362406742276,0.027408779102447992,0.05746796233540239,0.01987484028240766,0.012666004314719304,0.016165241802250433,-0.002678147032179571,0.014591902996707595,0.012138397276608986,-0.02316314068379273,0.01663476722317739,0.0010808214749565047,-0.03043568634600779,0.024981018071579993,0.01066147445687056
0.010607330247425823,-0.015236847590566522,0.0072170785193953245,-0.0038596295690257105,-0.018507597904405083,0.01679947579696406,-0.02130385108093766,-0.022030203990093318,0.011691502920100849,-0.009939532166637703,-0.02298759654962072,-0.0006190810700473353,0.024429010107261163,-0.006412620816862573,0.04498354713764947,-0.09649460649098952,0.02407031162858577,0.046788481338039985,-0.06831219506519429,0.024613017716626,0.018793620270516575,-0.03409851864914023,-0.021314346172110123,0.0419255758979127,0.05777230291356365,0.008306031338561845,0.06857686806246228,-0.03935541738927631,0.009707879460178197,0.03620337524926529,-0.08167861493425285,0.004497121903121926,0.04012765756002671,-0.06502144275024914,0.02339396548330534,0.05543027091788204,0.017190568165079828,0.01282140044355696,0.0105311434401312,-0.01097764751518644,0.017333796460194905,0.010020724822013547,-0.025656890020743915,0.019426048239553958,-0.001523515058980649,-0.02865064231880181,0.02054789732489166,0.008509746043839745
0.005521677176995704,-0.017385917275129743,-0.001884875602130909,-0.002131058995594402,-0.01851502885000133,0.01892984407043988,-0.026803582020113417,-0.013648290528090731,0.006797609270108631,-0.009339597126095866,-0.021254679130738058,0.006267619290990499,0.021110290750383006,-0.005587341607185541,0.041961905781865295,-0.09126776540970416,0.027440749131569263,0.043700760683822636,-0.06730127442896836,0.02410926093875201,0.02241330913500432,-0.040894836244474896,-0.02534155724644393,0.03944263148517435,0.05610468300464425,0.006065176130676168,0.06670108899418212,-0.03110072656919608,0.011086876574109812,0.03698480585002786,-0.08131609288404182,0.002358600322341467,0.031019504836479205,-0.056042540821187294,0.024509765180670873,0.041258407972433166,0.01892196179195964,0.011227843974552794,0.007690979077184092,-0.006133397455187273,0.014792786415127011,0.01866810675145668,-0.02502906918590879,0.020395664163341282,0.0053872598199930285,-0.029995257409554905,0.019621094759144222,0.002385920692922601
0.005243138804574378,-0.016569927754881766,0.004776541180432193,-0.0012740248865497799,-0.023790600953368077,0.013497508106837636,-0.025260832789894095,-0.019037498070201615,0.022462665249135233,-0.013517860737853367,-0.024768097638431692,0.0010222854264738763,0.018709203998727175,-0.008974063476833782,0.046692391701804795,-0.08604457196114504,0.030809010588372283,0.040590681279240315,-0.06972242502705815,0.028351554258773483,0.01453463623786085,-0.0381865371135749,-0.01979769369056577,0.038415172265979576,0.0544441224921369,0.0014371324282405906,0.06453856198808193,-0.036298513797276784,0.011216755853764197,0.03760840027677922,-0.08228753289093997,0.006648520750057061,0.034302631621393354,-0.06504991604508348,0.02129703007564436,0.04483036723825344,0.01866939962352932,0.007051627475382931,0.012662915839815948,-0.004175679579328884,0.018827508932126504,0.01150319048183233,-0.022155466821786474,0.015140730069775133,0.00396648395743331,-0.02858695924216629,0.01610260029525235,0.007721838003041044
0.006830179735060016,-0.01563361001770574,0.010402664686062576,-0.0027970928330817335,-0.016695623907445892,0.023544156628192345,-0.019200757474259148,-0.019930581172994857,0.011789585953093937,-0.016070271109197197,-0.024800092233293086,0.006790019531092842,0.022359578371167216,-0.0022440197125710285,0.04817812938579509,-0.09882886686427073,0.03327828535524576,0.04488673267542435,-0.06669153410982301,0.02423736492475065,0.016817367030239116,-0.03193208153224541,-0.027840399070793807,0.030916884557551615,0.05653246803329948,0.008688950186520186,0.06237193558456315,-0.03583299188264173,0.017598222675985833,0.04330818430201351,-0.08265543346361127,0.003191313661830854,0.0388961610018874,-0.056757413797970536,0.02464054254444182,0.04586683003799581,0.009723047746895972,0.01058486708394554,0.009105938895463694,-0.008379289522781525,0.017694749861238857,0.020766666831315308,-0.022111313257139713,0.015773185639001194,-0.006739289396240232,-0.028748392924606764,0.018876883582987038,0.010653138575777123
0.0014236357673348384,-0.013611300358811017,0.009036723290305011,0.001786514682797692,-0.015179650646747504,0.019203617802787662,-0.02804900397001704,-0.026554265999238644,0.014092220324731298,-0.016815552031828485,-0.019470267361769957,0.0009125432142443888,0.02296594869130514,-0.00560156648043705,0.041694818694207506,-0.1000199684069679,0.027319995038443776,0.03953325471988845,-0.06831219506519429,0.024613017716626,0.018793620270516575,-0.03396253525043992,-0.022791466363902002,0.03225022609625162,0.05779239669911516,0.003519318649399915,0.0679832576110764,-0.036291009603809966,0.010717824326817687,0.05019805953412105,-0.08547980719593144,0.006553905009944683,0.03790144815480965,-0.06161897710262574,0.017348381977254638,0.045075022995931475,0.020225418423524263,0.008329108235718842,0.011747568017700917,-0.0048441405424432165,0.01155194926670613,0.006373731398982223,-0.018595451087724403,0.016058187017625666,-0.00961275213072378,-0.024930634298355396,0.022529683176760087,3.152679111291422e-05
0.010698624236880333,-0.009663895200044157,0.004875723721740692,8.743454470603416e-05,-0.018601215215310003,0.017453779501119964,-0.02055617366962672,-0.017562425311581014,0.007410506320066495,-0.0111829412522033,-0.014196039801603453,0.0075512102323741165,0.02520348585897979,0.006643561212456335,0.04045615950196191,-0.09013997872590122,0.02710296079379488,0.03954600922822963,-0.06179486691977463,0.022401846381579594,0.023460112596707394,-0.031988032480503845,-0.02084167171077777,0.03125965100762843,0.055967860412845995,0.013184515858531908,0.06874117949086773,-0.030876010060395778,0.009469135868813067,0.03585255996073916,-0.08254295110043504,-0.0007181878060907549,0.032571549903941066,-0.06387838092816117,0.02484482201125754,0.036882380879660386,0.01407788721320866,0.010263727104998331,0.012362223944918368,-0.01057757803198814,0.013004777368798322,0.008060850932387053,-0.021059058920244865,0.015612513536617932,-0.0034231372436085024,-0.03035149315852646,0.01905366989804008,0.009606931302425556
-0.00039794387724267205,-0.015332483075104668,0.008969189478520741,-0.0019677303868562814,-0.01854128413732545,0.017727773137047202,-0.021757712014593818,-0.02527115517787581,0.0019714911018035666,-0.014972907429569674,-0.015926922464395803,-0.00021191185479762817,0.023168232263704253,0.0016961888138244954,0.04134659107654339,-0.08632669746597715,0.03089334216207143,0.04162983555188065,-0.06415082330580803,0.029282868027071612,0.024144471740668177,-0.030291418486452802,-0.022172017901953295,0.021224055831881528,0.05676066420498466,0.006411020136152826,0.059763801092069156,-0.03625135201157147,0.012866647742544535,0.037715621039603846,-0.08478160851677013,0.0020944703014180097,0.03655832507102149,-0.06114415110782025,0.028546834827972333,0.040830341714439104,0.014505165143561882,0.01297641923568682,0.004894356136993543,-0.005619964519310946,0.011648631322679001,0.00940758282942681,-0.02117088725254509,0.01617781678879517,-0.013078107530752565,-0.02995708447496382,0.02119809811041034,0.0014452984447642036
0.003425561242585138,-0.014777964216402036,0.004674757196309037,-0.0029602550618182412,-0.016669431235039726,0.02474557446550885,-0.019457524383051785,-0.022098741257152922,0.013238609466889952,-0.010648508515795328,-0.019423002530901654,-0.006734978251687933,0.02176580273154547,-0.010330117093967856,0.05208286497031763,-0.09088766890378626,0.02595680921139751,0.048784335521684735,-0.058552762864796604,0.021649248739524347,0.01950518611183968,-0.039127828663709265,-0.026636693836393496,0.028136352948736388,0.06012781073544124,0.0037094930834638256,0.06262243077091448,-0.040127398549418644,0.011259701270297996,0.03939271094574966,-0.08308529958915305,0.0038270297656085306,0.03294504443848895,-0.06236045064361388,0.015381515141050914,0.03907423574050464,0.017243040396678535,0.011393825139658949,0.010094114025534659,-0.00867991216053406,0.012997547519150023,0.007601706441035055,-0.024615464552043508,0.013992163484440172,-0.0009800226181262413,-0.024909377076777768,0.021046217082443128,-0.00023214506302793436
0.0050596232421003026,-0.013685404139173608,0.009186846259360592,-0.003395669458723911,-0.015155848779510515,0.01280605056090457,-0.02497261354649027,-0.017807619666776416,0.008469038098013614,-0.014688742548458431,-0.019452333597568944,-0.0020940169677559186,0.016640255905048383,-0.004810284511723659,0.04988112408683186,-0.09540687594256396,0.031425303909674115,0.046007542818720805,-0.06255697735663415,0.02628976342171977,0.013594935602669488,-0.03458151023254381,-0.02784026040053386,0.022570417521432868,0.059864800503752175,0.013179210616044018,0.06613642024089668,-0.03142226012213677,0.009404161850031432,0.03790692409912259,-0.0821508565196747,0.0002470562268058461,0.037678157831739716,-0.06988676972631278,0.012114811365339437,0.04402311847221179,0.01748315836862769,0.008503713677917947,0.007131287321064792,-0.010843397296481955,0.016118909385427857,0.016323537449211865,-0.024016682076142156,0.018198041998275623,-0.0028608126821071844,-0.02853177317860533,0.020737249088308665,0.006102917437830413
0.00874215735986648,-0.010094845513251162,0.00815853339180513,-0.001504532488977087,-0.015189879597513323,0.01373647512307442,-0.01142864600254334,-0.012868463437798813,0.0037713843701968407,-0.010010330676570537,-0.019400584521263597,-0.010869179789535504,0.01932550232635206,0.0014515426733554392,0.043062032832918595,-0.09098588020405783,0.027356299745761977,0.04266213245626607,-0.059431068753035284,0.02384922675138212,0.012759620072501579,-0.03763310210549456,-0.026532999025754206,0.029080692271029218,0.056114002019899294,0.0036733525144903474,0.06640689646158886,-0.036895445949475116,0.009751264488379296,0.03325718407980964,-0.07854570702393503,0.0005954504708242589,0.031169238641041878,-0.06782749195074031,0.019482803545669027,0.04095563907444238,0.015564626963622475,0.011559565918555607,0.012496577232693894,-0.006868766664353599,0.01345878204892229,0.021389985164698522,-0.027540036753284855,0.012637700750796484,-0.0027605094633077164,-0.030194457374539123,0.020819248715657084,0.006260092252955788
0.007111794064592899,-0.00942858363513001,0.0036337169656693196,-0.0023206472578187415,-0.015059437609260304,0.01974694062997341,-0.025234922887899025,-0.022021784628216464,0.00997993729771793,-0.01539817091630767,-0.01594176948926505,0.002539346524047016,0.01659361062582266,-0.009487434514217546,0.049328531797997774,-0.08909055270656967,0.031173872522463127,0.04454277939404687,-0.059449284918198224,0.020508023255060272,0.016772864531089983,-0.03471136251387118,-0.020873928180340742,0.024192261547496895,0.05061452305328029,0.013454582097411757,0.06744659807008788,-0.035883854273924695,0.016199648099337622,0.03690338742834661,-0.08412510020874354,-0.0007646489084897469,0.034372250853741716,-0.06124305015046292,0.02480227028296178,0.04185932148303964,0.01572862166311757,0.007280069022114565,0.011171044376145205,-0.004594658504483796,0.009128828552739584,0.018995229441170297,-0.014550772851962117,0.01857053260136973,-0.004086930578920466,-0.03173869572506941,0.02109044368266622,0.004009934087150582
0.005199233942538711,-0.013215332162042733,0.0058444314385058885,-0.004211092309284795,-0.015025416119361715,0.01881654394613068,-0.022376845274860162,-0.013407054908746647,0.005736482288509361,-0.01103791533016187,-0.021203872735354526,-0.004237086636982296,0.017138379770609228,-0.0060891923192886695,0.04486490822748718,-0.08919573171082172,0.025450046387260207,0.04255592329788582,-0.06366098709398468,0.02605555702031991,0.023670791257403977,-0.04084055560630992,-0.02135497283814211,0.022969905613657728,0.06203770793885618,0.0012725131158636998,0.061583228985739646,-0.03301834471920871,0.01135833913518236,0.03157855656329621,-0.08253912469142854,0.005769717671654064,0.028223927501900645,-0.0665858972270694,0.02323919536456181,0.04355203415628181,0.0173336944214236,0.007130186403943277,0.009828574131753046,-0.009332614439222087,0.017357622018974395,0.010567512142243466,-0.024701083609311933,0.011323220180540739,-0.0018355073380574595,-0.02678853554305276,0.019267179690614346,0.004478644660906455
0.004968074717859484,-0.012243124794485137,0.011393081092738113,-0.0017219638217050917,-0.008302017412092222,0.014174424390508285,-0.0224228044324724,-0.019533506571253394,0.005928177640037823,-0.009232758138187403,-0.015894333479875948,-0.005091684315219064,0.018495142744387284,-0.004824136541514223,0.0496161310848355,-0.09456258386836407,0.031171994645181417,0.04288901663061083,-0.06292229902287429,0.027879451884678268,0.01495085603467685,-0.03927682738295458,-0.01964792828883153,0.02971979376480389,0.05420005837301066,0.008492876866152837,0.06772540877878747,-0.035253935539683,0.009697023049596647,0.03339256569835074,-0.07717004733234475,-0.004328663327246085,0.0338403232486889,-0.0646925993242514,0.021231325689060145,0.04252662756620771,0.013123364760243249,0.007418818234015512,0.0044559926751979095,-0.007128645087302963,0.010411029952271807,0.015162240005113637,-0.02667905546983422,0.015648153433846262,-0.007183956620045045,-0.029897772188903892,0.021292840507529193,0.0002413070028641546
0.0031487142648655994,-0.013961755888578325,0.01133886240576711,-0.0039105393383290716,-0.011646999115770466,0.016027452993031543,-0.014075139012579502,-0.01929692475552898,0.00657980304357753,-0.008452082678359356,-0.022990845316145998,0.0004998619357215134,0.021003287688293692,-0.0035105014280611465,0.04342542718082942,-0.09055148368816156,0.025307206934220023,0.040267494154149555,-0.06101633914193853,0.025184537506264176,0.02530791254490383,-0.035323383722496035,-0.022808905478119135,0.02871883684159773,0.0528582810393155,0.006427692160028538,0.06238551341639114,-0.03844369780627459,0.013105555192364756,0.03333741039177017,-0.08084858561940778,0.0010138206502182934,0.028956041682116938,-0.0671518259104005,0.021240078218535376,0.03640140958360965,0.016091232868018647,0.010009089492215288,0.004740505270069063,-0.007385162746721383,0.01591769234855339,0.009789469633075506,-0.019066316388164608,0.015856135549634116,-0.006443691781732487,-0.031993095128339345,0.017654592727642655,0.009500937896716247
0.007111155201581018,-0.01118407502814535,0.0036608998885773025,-0.00437411494166058,-0.01499931822555806,0.020018280343137865,-0.019603388659781715,-0.017046593202873796,0.0018732681473182932,-0.015539481025417244,-0.019481521783806504,0.0034115201390247083,0.023192140706561386,0.0040405036309281,0.04162629427083114,-0.09072659501732404,0.031117009709204283,0.04329897838932466,-0.06154108502081621,0.025788813575211653,0.01721356000361379,-0.04288198625885177,-0.02178541135406195,0.032345454736770814,0.058996582433553574,0.004150891599312751,0.05526174181322193,-0.036204192531269164,0.014516637553075765,0.037823122293596766,-0.07905770877217455,-0.0020555621717870897,0.027874806745189915,-0.06419608203939972,0.023021451584916742,0.03912816386294872,0.01757408496400277,0.004240945386582387,0.006867823312861743,-0.009973673004176222,0.01315866941488342,0.012658790921468545,-0.02477167899922542,0.013924641510501691,7.567609130054976e-05,-0.029876611164166192,0.01981033253449,-2.2020411105271833e-05
-0.002010808427843025,-0.005869404342909987,0.0044233279970332315,-0.0010421052769413561,-0.01183685828767149,0.009746192866979938,-0.020044052556911666,-0.013221914950688958,0.00451329585289687,-0.006860684147718093,-0.017690612148569016,0.001027674901939978,0.01619530645213116,-0.004218667227782188,0.0368317923159285,-0.09208123030037564,0.030975688218453073,0.0410151524223543,-0.06280433704514526,0.024570812408661616,0.01783823596763382,-0.044084619175642395,-0.02723936275518784,0.034342000400935574,0.05016335081415247,0.004689393972131917,0.051996335653952626,-0.03301540036304972,0.011108471493755196,0.03787764091686989,-0.08167644571809504,-0.00020713877581085048,0.026755160051989215,-0.06778869636186059,0.017594255790855464,0.04090141563922852,0.011659932842861898,0.00894041276149376,0.0031189694400245516,-0.010065579062240338,0.016022315777969448,0.013288603239501743,-0.02515577828673901,0.016391421068726097,0.004099004415904301,-0.028094901843154847,0.0199173563171581,-0.002588056434575385
-0.002010808427843025,-0.005869404342909987,0.0044233279970332315,-0.0010421052769413561,-0.01183685828767149,0.009746192866979938,-0.020044052556911666,-0.013221914950688958,0.00451329585289687,-0.006860684147718093,-0.017690612148569016,0.001027674901939978,0.01619530645213116,-0.004218667227782188,0.0368317923159285,-0.09208123030037564,0.030975688218453073,0.0410151524223543,-0.06280433704514526,0.024570812408661616,0.01783823596763382,-0.044084619175642395,-0.02723936275518784,0.034342000400935574,0.05016335081415247,0.004689393972131917,0.051996335653952626,-0.03301540036304972,0.011108471493755196,0.03787764091686989,-0.08167644571809504,-0.00020713877581085048,0.026755160051989215,-0.06778869636186059,0.017594255790855464,0.04090141563922852,0.011659932842861898,0.00894041276149376,0.0031189694400245516,-0.010065579062240338,0.016022315777969448,0.013288603239501743,-0.02515577828673901,0.016391421068726097,0.004099004415904301,-0.028094901843154847,0.0199173563171581,-0.002588056434575385
0.007296489865152866,-0.014067715556456103,-0.0007433171284799892,-0.0043866777693836794,-0.01328433767324589,0.019825315634846276,-0.0198780233853388,-0.02125724463589465,0.0033884924737190942,-0.010507837982277782,-0.015882700337001482,-0.007594954303899912,0.02108666036343647,-0.007929741873818726,0.04168402527893502,-0.08443547836507495,0.03470879653303742,0.04349660723302967,-0.061950391570295756,0.023083655952504008,0.012004525341791706,-0.03806121674316169,-0.01420366701974944,0.027750778539784714,0.05289005571582693,-0.0031276477276737167,0.06122963587235739,-0.03944831088857048,0.006408820297818784,0.035988126023051355,-0.0781378244005378,0.0024519377146636615,0.02741656187277385,-0.06583264906138425,0.021219263825222903,0.03888818280845965,0.011525620782821057,0.008975882229074588,0.005208822256592142,-0.008593662574423644,0.013215823803123252,0.014221939344044728,-0.018909386051854372,0.015923486396790042,-0.007499959357362288,-0.030292089594863972,0.01914821065979356,0.008403722524027216
0.0015220485467495376,-0.009782039497468819,0.006785136039300801,0.0026190041502192974,-0.017025046880720148,0.013381782811429585,-0.022630367382860755,-0.015578455266020502,0.0071841208836443135,-0.009337278501538197,-0.02120000094159883,-0.004494167499363466,0.020290328831005667,0.0019191967985640642,0.05136952437359726,-0.09603030532714923,0.02530084154268804,0.03859139928533892,-0.06251355315711415,0.028917669836315357,0.022162802066206768,-0.036413158185284844,-0.0210981102033202,0.02711642700127964,0.05531922805158106,0.0018940423256968812,0.05528386978077623,-0.03990091654109024,0.009642845191286432,0.03825744269006889,-0.08074212762482467,-0.0028972995934247025,0.02262799925116035,-0.06726786920784875,0.02690760983355801,0.03656899764798256,0.01106280237589978,0.010507330871259898,0.011932580302341261,-0.0045001381329366425,0.011738350452777348,0.011983253791873656,-0.023231635015298797,0.01923485597301381,0.002994950487857009,-0.03304241401874609,0.01719961463239985,-0.0026417626516162455
0.0034821818732579004,-0.005834796094550983,0.003472830619408822,-0.001694780931256827,-0.011733210128342789,0.0145558615445744,-0.022630367382860755,-0.015578455266020502,0.0071841208836443135,-0.013094993210797814,-0.014149732754988617,-0.0015817850670982114,0.018850464254413037,0.00506896722181004,0.0483582280486085,-0.09480436826039983,0.0235629222492753,0.04055951042515305,-0.061165592624609584,0.027537516389021004,0.011848676800989246,-0.03838494532565702,-0.023052147987502814,0.028112819201155898,0.052655490268737344,0.0015351592173494983,0.06412001060114564,-0.04086245927824622,0.004846156541450699,0.03471657555191305,-0.08153194115166996,-0.0001219233403406332,0.025785512067626012,-0.06208331298232929,0.01909216030530824,0.0368864934404038,0.012653535409769932,0.007543604882793315,0.011766879952759837,-0.007515146124130063,0.014736132840258282,0.017107487491861736,-0.021308143593916057,0.012879912654532947,-0.0032237216775537593,-0.029537692510527458,0.017317984505040577,-0.006569735930289314
0.00529364041596262,-0.011145736364774849,0.0035927395878954604,-0.001219061219215293,-0.010095186425754491,0.010758031606672968,-0.017752006029902172,-0.017117477192760872,0.0034200977259205142,-0.014122564565373084,-0.015953472336161248,0.005041095686695399,0.016570345244762606,-0.011825811232121418,0.049052665390499024,-0.09396661703629064,0.03428842717203227,0.03501186777041576,-0.06480255162231446,0.029860601338497928,0.017169818971966618,-0.03919522598428522,-0.026678471070061233,0.029428371001796485,0.05131840747775813,-0.002913510589415707,0.058501421674068806,-0.038537000711790614,0.009805478705507794,0.0331216622906758,-0.08185032599778104,0.006905064701921995,0.03139541237177527,-0.06102439941012951,0.022881116138288762,0.04064622654917119,0.01765580435059421,0.0056316654547673255,0.0052148996913029206,-0.007944984806664076,0.008857334104583224,0.01126298689790588,-0.025896689421023026,0.016687690020557446,-0.0013267968211724166,-0.02845116589094342,0.019349645444299728,0.004636171510184352
0.003241654868837233,-0.0136483303779123,0.009111898128349824,-0.007911507066725377,-0.0029718880837394995,0.01439666440644304,-0.02427236533500515,-0.019463702672797182,0.0043806641480946444,-0.010224487987767854,-0.019463728767162215,0.0012740763156630528,0.016710510116650992,0.0022064319087325476,0.05071216120467445,-0.09249311150941104,0.029179175229446977,0.04173403545236944,-0.05621445623713237,0.01974928588112436,0.012817478864241286,-0.037775588674248024,-0.02111445867832036,0.02358189294297099,0.05655152814445418,0.003902803935462265,0.06178169351085086,-0.03370815332215672,0.00634240426088927,0.03331680778938354,-0.07873887450637682,-0.0034856991271758355,0.02678107324460101,-0.059773665985592445,0.022651820914756614,0.032577179560663506,0.014516179532410535,0.0059146133258773746,0.006846171811862933,-0.0074291532881679235,0.008792833459715413,0.009241863448685763,-0.022581191947644307,0.015570865233461215,-0.003571039628442566,-0.03342280121168842,0.022653847545502735,0.004430295571682383
0.0033430525659732956,-0.0063061130078322526,0.006817266385809879,-0.01041449927130963,-0.007982802439103816,0.018846972233899566,-0.025412157461503257,-0.011935674026309495,0.011048911173865352,-0.012846601086401625,-0.015908755016103955,-0.003213922459479094,0.013451241286669002,-0.003722800896036485,0.04567048704378881,-0.08962230303760158,0.03462535102589932,0.04081704500254679,-0.06003434240504201,0.02539188535350834,0.016352696394927844,-0.0407764309474656,-0.019745856652273346,0.028765401485175864,0.05544705600621112,-0.002832636390860807,0.05354154389471039,-0.03607277589116256,0.009599467609051839,0.03647435878790668,-0.08203490036854386,0.002823809702144437,0.02700422984532656,-0.06503899649507547,0.017310174596261444,0.03416366188173451,0.016266964403594746,0.007137189180277939,0.0028147536812679315,-0.007083345684805401,0.014453985806520223,0.008465563517377673,-0.02555310122662215,0.012884310932513045,-0.005780078287388088,-0.02813298336246601,0.01834000211529254,-0.0016466631322040555
-0.0001986809097344139,-0.007669725114019215,0.004485335403890111,0.0029314462945169086,-0.015362216016576282,0.01078650819217875,-0.01840774068913883,-0.011383224591537481,0.007378678845287326,-0.009762863575722334,-0.021214716737268418,-0.0017386201930348242,0.019847959410988904,0.0025166782012776435,0.03832052151142907,-0.08959923676364226,0.030779482924265644,0.03914141383993727,-0.061349798085357836,0.031790951058732794,0.020651037243776035,-0.031440048848983826,-0.017392448598312873,0.035131129744998366,0.04973332801837243,0.0020730697699591714,0.056340463582236495,-0.04364375557905393,0.013234599276475604,0.033961117637279874,-0.08236230624960425,-0.0022330251638589685,0.03244763846782015,-0.06218151956100781,0.015348485742876098,0.037920997940940435,0.01272940194734829,0.008933450203432631,0.010129431080004133,-0.006353991464419831,0.010314337893458725,0.012130457745347935,-0.02387764148635447,0.012995460375084112,-0.00668801113268199,-0.029935928099093772,0.019715707637131003,0.0011820087388790953
-0.00033753635239770297,-0.008141141030909835,0.007826698679961573,-0.0030693557971146427,-0.01520799533276428,0.010401007886725376,-0.018847254610463333,-0.007559399956991337,0.010019880923730835,-0.011499447507660436,-0.0194526414800014,-0.001225441830645095,0.020920002825188022,0.000908211821216429,0.045167492092846755,-0.08258729880934082,0.03223951880333939,0.03590870697830724,-0.05829557918272375,0.023372680304600706,0.015259036169035782,-0.03749736735556745,-0.024888079968261107,0.03359135638239823,0.050156623756316805,0.0070776973327380055,0.05228211609221925,-0.04168266410643658,0.014863421759296915,0.0331778678685295,-0.07764854367455426,-0.0004940017696102193,0.02619688750093748,-0.06419608203939972,0.023021451584916742,0.03912816386294872,0.009790154788211962,0.01056724617760625,0.008061159706848205,-0.010913941212691767,0.010424132454042667,0.016072243249431243,-0.01980302176159315,0.01685114443935237,-0.000734820843208339,-0.023177555640223797,0.011970974144965615,-0.0007594517343559746
-0.00023797964220783556,-0.0043077259556730104,0.005586120006789725,-0.006614095421818437,-0.011482961756951161,0.021103046707732342,-0.025615580258423268,-0.005932671043107317,0.01224907545282074,-0.012702823995084104,-0.02297362644542941,-0.004235028954071944,0.021359774215901257,0.006393518423866109,0.042170516609289235,-0.09407762281212645,0.0285573193032252,0.03300212961731446,-0.05620928965495127,0.02740214192567219,0.016469663610167728,-0.03586958436217859,-0.019203592385400845,0.023880796669813107,0.05185768354311077,-0.00024213574735794434,0.053000738004710474,-0.04122351659254271,0.011378978231371515,0.03720348803719762,-0.07547168476684378,-0.0025979892131942285,0.030223769617674118,-0.0668336241363776,0.02306358513162306,0.034152327299207946,0.009980620972139592,0.007699718485321521,0.00609627965577517,-0.007215041866856427,0.004719943279724827,0.014929638229780592,-0.02495693519299009,0.01779355497012782,0.0034727172259386976,-0.02979609057321604,0.018422523357371934,-0.0014891251862066634
0.0016638966632647348,-0.007552556773488682,0.0034305579187052385,0.0005071101140935901,-0.010103890476089764,0.012893950882265616,-0.024722096716096462,-0.01563557293653633,0.007022006398223616,-0.004490370818469994,-0.008826152082335977,-0.00339778648516316,0.018957397016220394,0.0029943444586551012,0.0468951865551038,-0.09082425203284462,0.03251930155696615,0.037176045386960975,-0.06292229902287429,0.027879451884678268,0.01495085603467685,-0.037777446389793794,-0.01955002995346494,0.030673828895536475,0.050060913149036615,0.0022443492569583206,0.052868458263229744,-0.038630312838918726,0.006505793905654405,0.03290703615425462,-0.0804939271422867,-0.00201663952578215,0.028707367986467953,-0.07164755231728615,0.02140122170527986,0.03239681848694932,0.014403442532655648,0.008766720874999318,0.007737486620671037,-0.004358223069144824,0.015998146527560337,0.011897520376217984,-0.025240173757752154,0.013722073441733804,0.0032422569753771473,-0.02995708447496382,0.02119809811041034,0.0014452984447642036
0.0016666382435563557,-0.005793849679246455,0.0034185988769892635,-0.0025367123521668907,-0.008173187511704883,0.0201833001770883,-0.016311628943711805,-0.011328101720934293,0.0075388545027589085,-0.012385410897990827,-0.017660269005160024,-0.006223736624636157,0.013935205249016773,0.006427619883043582,0.04322173793991714,-0.09077928602462325,0.024826287120377034,0.03382343060028979,-0.06517264136164885,0.03311442014579182,0.016526363949577755,-0.03491618939599111,-0.015498223171805747,0.019996372242098596,0.04793296514047663,0.006941492989675796,0.056484954201148414,-0.04263823629748357,0.009816182424687923,0.03593183102825292,-0.08362371020368495,0.0027769382088050367,0.0288053873490978,-0.05768960695428707,0.01518965217668745,0.041910410732490376,0.02030622980899327,0.0040647196948066225,0.011510067869986707,-0.003320110845771119,0.01586939194207292,0.00784961691582393,-0.021059058920244865,0.015612513536617932,-0.0034231372436085024,-0.026626972986870095,0.016491321619724927,0.0015457016721639814
0.0016666382435563557,-0.005793849679246455,0.0034185988769892635,-0.0025367123521668907,-0.008173187511704883,0.0201833001770883,-0.016311628943711805,-0.011328101720934293,0.0075388545027589085,-0.012385410897990827,-0.017660269005160024,-0.006223736624636157,0.013935205249016773,0.006427619883043582,0.04322173793991714,-0.09077928602462325,0.024826287120377034,0.03382343060028979,-0.06517264136164885,0.03311442014579182,0.016526363949577755,-0.03491618939599111,-0.015498223171805747,0.019996372242098596,0.04793296514047663,0.006941492989675796,0.056484954201148414,-0.04263823629748357,0.009816182424687923,0.03593183102825292,-0.08362371020368495,0.0027769382088050367,0.0288053873490978,-0.05768960695428707,0.01518965217668745,0.041910410732490376,0.02030622980899327,0.0040647196948066225,0.011510067869986707,-0.003320110845771119,0.01586939194207292,0.00784961691582393,-0.021059058920244865,0.015612513536617932,-0.0034231372436085024,-0.026626972986870095,0.016491321619724927,0.0015457016721639814
0.0033473642305028805,-0.0027901896458335912,0.006786200546558226,-0.001735629777089643,-0.006586194527636418,0.013984272455664878,-0.026149739696300953,-0.016409109110710033,0.015323576617135267,-0.01596494901855488,-0.019441052826545815,-0.004593726531492394,0.02078931559987714,0.0006420872957734206,0.046352441815119584,-0.09138776348352627,0.032688041245428484,0.03925598646639594,-0.05991155782508595,0.025417828712691593,0.015232868773611588,-0.03246100806559348,-0.017199081174648276,0.025140189882441558,0.05006767039329267,-0.00014293503189472833,0.05258359961038233,-0.035574280427239834,0.008014489326457248,0.034313563398928944,-0.0802052741782733,-0.0018464268452426577,0.02676821298881265,-0.06707377387675942,0.017462336572857107,0.03629093406722908,0.0126224416190156,0.013193652325486686,0.010438433882654505,-0.0033425550193845353,0.010397830680271803,0.01425134922337724,-0.023407861185424705,0.013899983651500008,0.0012793978629817427,-0.02678853554305276,0.019267179690614346,0.004478644660906455
-0.00018825585502919972,-0.0023903652474670575,0.004465691795585723,-0.006463389108272152,-0.009793531726912654,0.019708331118180603,-0.020573626565319903,-0.019603255345142838,0.00747538713242427,-0.008911703486277504,-0.021185213222952762,-0.007250495461717039,0.01746966205293614,0.0014624160517666962,0.04332622849941411,-0.08698803431675219,0.03246368567558547,0.03758237041227997,-0.05724872788631169,0.026222379844685187,0.014861531015802223,-0.0393300737896589,-0.02676196459409377,0.032011965225889796,0.0533277848049216,-0.002901400884229832,0.05660060275800553,-0.04031738561911901,0.0049106180480369774,0.032662668473317065,-0.07741210906558678,-0.004320848585498127,0.018897242120216595,-0.05855293754773996,0.018886795885061754,0.03609197040578788,0.014392559109118562,0.007358408232921024,0.008336184844859608,-0.001792307672974317,0.010204489654217474,0.00818682006680566,-0.020634257740259603,0.01518260739767751,0.004114260902697565,-0.03159469925721945,0.015258185152628476,0.0017555936383657161
0.0033010500208523583,-0.002947419554225754,0.007901162756114277,-0.0019942632880184715,-0.015111625766335407,0.01734311670725185,-0.020691518145488995,-0.005441031720068009,0.008414200911189926,-0.008419534050288422,-0.014155009868991564,0.00042622212568930643,0.01579124497223909,0.006419119971536007,0.042959788999400866,-0.09243963900175814,0.028614967337230433,0.03425054340200443,-0.05837448245107541,0.028371750136324567,0.010356225493446955,-0.039611497921916,-0.022986609723952982,0.021996224461753124,0.05107822935016486,0.004134545017396957,0.061674348651005774,-0.033531063285971115,0.0030745526652082825,0.032079904926020864,-0.07949091446977094,-0.0023107841603003036,0.030783236083065484,-0.06271830845137463,0.015447583528679979,0.041380317229614494,0.01328928489886208,0.0017353309860547736,0.0037016969496620694,-0.005579191782803037,0.010217634673839163,0.009098027706849532,-0.0261357595488896,0.01394930660549048,-0.0011282884230577129,-0.02536425273809935,0.018806277543341875,0.009135160019944103
0.01055928222886701,-0.01188728997706368,0.008258845989823838,0.00018066311232972805,-0.010052218193083346,0.01529843395768108,-0.032176520833215934,-0.012359091801155894,0.013332185414062513,-0.012100690537975762,-0.021185595569617185,-0.008113842437117531,0.023120529895095596,-0.002992044253696565,0.040788044161804454,-0.0927748309232386,0.02926361583173571,0.04277316356717441,-0.06180868381738043,0.029788000032692392,0.002861283638280116,-0.03886862548251931,-0.01939970743613223,0.0219732120628332,0.05177113789992608,-0.007462621964925537,0.05329865446571355,-0.03894310195108082,0.014690042138440274,0.035500885147573435,-0.07929158206790532,0.0026612820177895503,0.02630969225027844,-0.061587336365578844,0.020882224126761773,0.03348740601235946,0.017401044697789057,0.00711231729279305,0.008784203134231955,-0.0024188861235531728,0.014559711196773567,0.011126832816259539,-0.021862634614392182,0.019206693363332094,0.004198202350511992,-0.031874399516020106,0.017843452088728444,0.007094462605368776
0.007158974331773876,-0.007515900625016099,0.002491390282400025,-0.0013548411599777189,-0.01350057471673339,0.012342455352999672,-0.02937376296293714,-0.013962452088284208,0.009403614889889896,-0.011427365953793562,-0.022984271894977214,-0.0017380998858928208,0.015222905906919368,0.0006758578509516216,0.04714447525288269,-0.08946989265611335,0.03266018580695262,0.03945900665101343,-0.06295719722512583,0.028590435808375305,0.0023673446607918908,-0.040640376379253065,-0.019663255693789725,0.026183818178153098,0.055200794215239504,0.004228843957216957,0.0567337554935015,-0.03803367695992366,0.007971588965118527,0.03725876072219852,-0.08159979108586146,0.0030799513126717705,0.02409525528849165,-0.0630619900637019,0.011525545634338554,0.0330139499019162,0.014583319955977198,0.0058966796771683936,0.005801818736386798,-0.006095741132629084,0.010282104727008476,0.01111971970792988,-0.021040402744096888,0.012383948461046502,0.005369147839427965,-0.026826724575778005,0.017690343431628383,0.005419649225819934
0.005243138804574378,-0.016569927754881766,0.004776541180432193,-0.004274718934507885,-0.006448595426225231,0.017855744499334313,-0.023793284410885518,-0.012138493561309366,0.013977061808647284,-0.013873954514553925,-0.017656247074364657,-0.0073482577442588425,0.017292211078072238,-0.0034840586440048576,0.043956599181497504,-0.08491566017312059,0.03047169963600035,0.03643366661306777,-0.056983106080321096,0.027952840972391986,0.0106124039170187,-0.039679134908276285,-0.023028234916753577,0.023288255314576935,0.04785255208865803,-0.005039152560057739,0.05623427071701438,-0.040224859452056304,0.008209885228249518,0.03287794255390352,-0.08120879488938304,-0.00155214767228435,0.024691636772557687,-0.06557532413474988,0.017409075775885463,0.037622837723094334,0.008327953116229433,0.014902771746390714,0.005582942227735145,-0.0016905645176427317,0.012814627732360697,0.0011636617221644297,-0.02204430610748745,0.013875333028485442,0.002482876891985865,-0.025283361123219994,0.01741853224040743,0.007669154413412243
0.00329452255861267,-0.008220676898606312,0.007947804265417264,-0.003949243236429524,-0.006499964339980891,0.015452402385409698,-0.020981583240272488,-0.011696396116958219,0.009986538677056199,-0.01589509810706588,-0.012366117476307318,-0.004961114964245867,0.017493232446806475,0.0038031333692317296,0.04360408859081004,-0.09149572432183552,0.026960527120069865,0.037258167099899826,-0.05679245682562221,0.02297305214815574,0.014398534588092201,-0.03682018725871999,-0.02290971507702147,0.027770206756026494,0.04773182782263813,-0.00032782464676781264,0.05795343603801665,-0.04008608749198491,0.013159520411700033,0.033202957358545455,-0.07905770877217455,-0.0020555621717870897,0.027874806745189915,-0.06664794019703646,0.01760696445664837,0.04453764241564695,0.011861482064253593,0.00888718803156275,-1.64296220727403e-05,-0.006139290488834304,0.008631560145977739,0.004187795255877445,-0.02168572630414477,0.015342925131088776,0.0008000186869048814,-0.025045201405190162,0.01779634057574616,0.0028541872427207595
-0.0003873692754089346,-0.010057195397940704,0.008946849141929421,-0.008340813464394704,-0.011474528469111912,0.018968939102967434,-0.02074278969088839,-0.011567378185567401,0.00860249407238949,-0.013271912187135334,-0.015923732712432866,-0.0004614690880626647,0.023323015308453408,0.00430729119530192,0.04044094136632157,-0.09810026240863123,0.02729348457664499,0.03974401278338495,-0.059238357761200254,0.028186658549248993,0.018197445932796985,-0.04211794949418937,-0.026844173541897772,0.026246602857464368,0.05406825769375659,0.004669707472933215,0.04936844178246207,-0.041134962517856866,0.004813935356555952,0.03574340673173421,-0.07988444515972166,-0.003276587072926899,0.025674539992832666,-0.0635007067538404,0.015368460053062395,0.03543736125396896,0.01082907944344388,0.0018388437758220485,-0.005138978817291783,-0.007429652459149174,0.011874179383479407,0.016484050360948115,-0.020930655368398488,0.011119480717099733,0.003886547716555164,-0.026724512997965345,0.014820584557657595,0.003691679578687786
0.0033915461947230576,-0.004391113669999835,0.005686635923123779,-0.009776242821839497,-0.006369618174787545,0.013846469181052952,-0.020691518145488995,-0.005441031720068009,0.008414200911189926,-0.00774538700770612,-0.015898309579621715,-0.003965607064618308,0.0171253722680477,0.005344505136824618,0.04743648048162331,-0.09151773467277248,0.0308068785390544,0.03893603388905127,-0.05990094150068363,0.02709036381968258,0.01322667171237944,-0.035187805732869004,-0.022725541831784168,0.02613515276518208,0.049637239300215824,-0.002756067855470039,0.056929738268516696,-0.039401862986221885,0.008058300918123042,0.03609561039057417,-0.077992474718699,0.002537261816300312,0.02644695717006504,-0.06248088351041563,0.021046357428234876,0.03925157369653127,0.011451298373602103,0.0075860847333301725,0.006843090886635888,-0.004937504937600489,0.008941689503273027,0.0133878704853752,-0.01822109227721883,0.014297469799539265,-0.002500359128597364,-0.02684801041732205,0.019172603688470534,0.005682339904686085
0.005203388232186835,-0.007946637446518292,0.005778442004553748,-0.004274718934507885,-0.006448595426225231,0.017855744499334313,-0.025376447214240393,-0.005803535852284531,0.010865120633495642,-0.009232758138187403,-0.015894333479875948,-0.005091684315219064,0.017078307458906088,0.000664617968083417,0.04688103503505545,-0.08944656636806893,0.028814517049322187,0.03778499350643641,-0.05735352526574587,0.027873627075201638,0.013973500986162816,-0.03512004332016638,-0.022683829536965218,0.024843089785960816,0.04994505643044166,0.004574639474831061,0.05431093375340226,-0.03110313915135829,0.011336773206797369,0.03068530545333427,-0.07603988652741372,-0.0020485156171609654,0.025239141442157446,-0.06411700669228167,0.019244257142715437,0.03901215167521028,0.014223674263724834,0.011637218284177074,0.009674590004806506,-0.00013985427135832147,0.013307789237132885,0.015967133310432605,-0.021234237246352927,0.019475855470126598,-2.365327398518775e-05,-0.028484788065785444,0.013234048210131393,0.0059950551947739765
0.006925614582400428,-0.010055822893927533,0.008093980082919651,-0.013695842629697858,-0.009706999085656347,0.013569545987224945,-0.022838958343877846,-0.011622497230235378,0.008441885356753647,-0.012457691800297623,-0.014184209484208576,0.005048170659505864,0.01716179759705142,-0.003749431453537867,0.045141721769212245,-0.08847122288004702,0.030441980687206445,0.03498321316957192,-0.061288635714435956,0.027511240704900713,0.012968863665776088,-0.03838494532565702,-0.023052147987502814,0.028112819201155898,0.051413061746325615,0.001918324538724556,0.057917154072233044,-0.038357602035764195,0.00653813119946413,0.03187984305201994,-0.07589513493051246,-0.0019634135158381415,0.02426929641461247,-0.06615083395572213,0.019396420854756388,0.0411365361857124,0.014594200430315733,0.0073048721078420534,0.0052025756860616485,-0.006095741132629084,0.010282104727008476,0.01111971970792988,-0.023677657828385608,0.01439728781373752,-0.007316018229400207,-0.033473881526460525,0.013483321167133824,0.006465150021455601
0.0031553538874516803,-0.008691552686238915,0.011290198350248925,-0.00917575985763381,-0.007914381868881305,0.024585915532657678,-0.022824195138935823,-0.00957963785892701,0.00837937853597387,-0.015008541444454033,-0.014160335603816585,4.1350617123917596e-05,0.019064341123281786,0.0009193578173620867,0.045432135673719745,-0.09013090319893034,0.03423200521513593,0.03541490207373243,-0.05666984512708815,0.02299864274502072,0.013278591133964223,-0.035665471798274194,-0.01907903351015128,0.02000545309691193,0.05921561575830972,0.004265886168255228,0.052947438142123805,-0.034850691994765065,0.004811420621556253,0.031020360508476435,-0.08070376456313752,0.0010990746931073105,0.027986560985914236,-0.06495929385214107,0.01353292662927066,0.03405033388405863,0.014538027597962615,0.008731203935170684,0.00564796458159324,-0.010019651074060868,0.014590474095335218,0.012973577632024674,-0.024191125571898696,0.012157794450447701,-0.01571692939770083,-0.03034259267911848,0.00998039353795099,0.01044383582307135
0.0015768086403772728,-0.004349397941756411,0.005636491318473773,-0.00413791607347788,-0.003042333274186156,0.01627255696590372,-0.02470939458184724,-0.013592191084365086,0.00695926427321236,-0.009765641316733234,-0.010610245728584083,-0.001556437060428973,0.01419576914045359,0.006960540470431227,0.040851725471989904,-0.10218671217484988,0.030717526996371244,0.03457766206199572,-0.06194741866679313,0.024751254124710863,0.009999355004262135,-0.03586958436217859,-0.019203592385400845,0.023880796669813107,0.051507666766804565,0.006752740887082,0.05733500227734354,-0.035621658443071205,0.006364578384182602,0.034207495654505586,-0.07859465153504415,-0.0034006670846006455,0.025811352223562137,-0.06464150542920308,0.015355440306252797,0.03179965415081081,0.01344983077507566,0.00592137494496813,-0.00017259220328608418,-0.0027512731482809507,0.007473103693119934,0.011618146987207313,-0.029762006047884534,0.014930128751852172,0.0032250576270256466,-0.025483422303647432,0.01861723453113053,0.011541630621594322
0.0017048672343046019,-0.010912223464441604,0.0023416268842955078,-0.002888964721002635,-0.00469097397118777,0.022205388919225598,-0.020981583240272488,-0.011696396116958219,0.009986538677056199,-0.015469261192935273,-0.012408702509753832,0.003044726911207541,0.01543677529146031,-0.0034708627052635064,0.04422132878969084,-0.09082425203284462,0.03251930155696615,0.037176045386960975,-0.06111289157688644,0.03017154559893122,0.02041553259050526,-0.03838494532565702,-0.023052147987502814,0.028112819201155898,0.05544705600621112,-0.002832636390860807,0.05354154389471039,-0.03977222238678389,0.004975105070352294,0.030608435102782897,-0.07661864433587086,-0.0023888080307658804,0.02911780819318147,-0.06507864086593997,0.01919898240905788,0.034220700838532875,0.010120096273443582,0.009071416829983674,0.0034216592136416322,-0.0014492122569767128,0.010391194755435873,0.013795571005976994,-0.021308143593916057,0.012879912654532947,-0.0032237216775537593,-0.031658310031140606,0.01970314905716033,0.0025429717272087656
0.007158974331773876,-0.007515900625016099,0.002491390282400025,0.0014162520882999832,-0.00998334111095774,0.021039303698297356,-0.018847254610463333,-0.007559399956991337,0.010019880923730835,-0.013768478380570204,-0.012405831494004043,0.0027999302327125337,0.013414212144639427,0.005362544524203791,0.0479604572358844,-0.09449033686119922,0.026759880516017735,0.03371914995975112,-0.059063467525371144,0.023926320192486375,0.009399235347257388,-0.03757314026690117,-0.019425923840051332,0.026801168741193992,0.04827769718406437,-4.385538464386297e-05,0.052166082794058134,-0.04090858627727081,0.003196878379802095,0.03460915155177468,-0.0813874117273301,-3.669630570177843e-05,0.024815792747347222,-0.06641878028255987,0.011697148375742454,0.03266585401016914,0.014336166226268257,0.008784475239201683,0.008782123672760753,-0.007601584082340347,0.014518405213204697,0.010489037836826044,-0.02617705479849956,0.01261390641648737,-0.0015562454146850985,-0.033321519570970085,0.01978499721847864,0.0026997174152197114
0.007160272290602576,-0.004003458443294826,0.002438736754590998,-0.001912210102949174,-0.004844625322480954,0.014996416367597036,-0.020725675140489824,-0.009525528710315674,0.008539323796629712,-0.011253181221792042,-0.010605591273317335,-0.0026880008260662634,0.017623725449727137,0.0040694736422961135,0.04241902901019885,-0.09077928602462325,0.024826287120377034,0.03382343060028979,-0.059553586945437116,0.02382353999469303,0.013879559157552193,-0.035801459249051294,-0.02621985301827562,0.02356226768100025,0.04772617031405355,0.002056523779286888,0.05823474901427239,-0.03868162720248999,0.005104155662170048,0.02649898948589998,-0.07929158206790532,0.0026612820177895503,0.02630969225027844,-0.07139283542734982,0.01758931511962059,0.0311408845209647,0.0163084262690194,0.004301840032007622,0.0029794381826069105,-0.007687077161790091,0.00882508440219412,0.010252461161003196,-0.02000737836545958,0.01545202295236504,-0.00010788968266690422,-0.023263667780565392,0.017902178025202362,0.0002876813744655085
0.0036193754003319553,-0.007121372381494438,0.0001446468164597392,-0.006487558813527318,-0.006362337613608228,0.0193228369446998,-0.026294872882318222,-0.007255122268888857,0.003844770869719882,-0.013591410371971558,-0.01063157511784155,0.0016807358174156576,0.013688342443353178,-0.005530611802758118,0.043024544851558454,-0.09003350565229352,0.032828882276970534,0.04153853195671685,-0.06430989922328402,0.028300163084283524,0.014692473199104071,-0.0348491708834284,-0.0225167772133463,0.019673364928986192,0.04625460073858923,0.0070932555866310655,0.05490240087246777,-0.03826415036602476,0.009838024545148845,0.03209426149184354,-0.08088619976177316,-0.0029823963241972437,0.023597922377937477,-0.06550488199115374,0.01905510393979686,0.02596677916529862,0.012595072377292368,0.008968913298583032,0.012218209413199498,-0.0023457599251809837,0.011699161145582544,0.01051445050004679,-0.01917500441178606,0.01712040978375245,-0.004958484471337227,-0.031853214520183644,0.016362267452923913,0.006832154074758365
0.0035306037529571972,-0.003919508462890533,0.002341248225414834,-0.0015864600629676424,-0.004895812141514961,0.012592459436952756,-0.027479570199576496,-0.005855634218379245,0.01070604411179736,-0.016072072873100068,-0.014140771737084402,-0.0038381574039240696,0.018015271797737265,0.0048688773694570186,0.03886319744842172,-0.09249311150941104,0.029179175229446977,0.04173403545236944,-0.06021312761308772,0.021063403713282157,0.010912402467052768,-0.03797923334629505,-0.021239023546888707,0.027456506303590117,0.04870833581377078,0.002570281693794633,0.04781738740814976,-0.03822527294835646,0.001621056448063759,0.03053335594572394,-0.08067122188616178,-0.0005014682293148156,0.028831558148777008,-0.06262211687240435,0.007682610632272979,0.03058923428375387,0.016199633699747563,0.007155058740502077,0.0038595792755090137,-0.0077305527283967135,0.010256411062475067,0.010564154283728009,-0.015284881079413564,0.011724280519743224,-0.0030613374775328816,-0.03707976507973846,0.01623154055308231,0.012112364695117516
0.007298574977070858,-0.0070450045832991855,-0.000856030362150703,0.0026624989682692206,-0.0033265330266385373,0.010671760582172408,-0.025173714082654498,-0.011806651546624384,0.009665067047445094,-0.014227459065474663,-0.02120396960906778,-0.005101254754425121,0.022597372021542942,-0.0040551970210771,0.04552949020160918,-0.09039025169513104,0.03046927759116664,0.03477731973171176,-0.06455614300504704,0.02991384164585657,0.014929960643062545,-0.03471136251387118,-0.020873928180340742,0.024192261547496895,0.054177581204758865,0.004727184182555465,0.048210791366490646,-0.04031234829233912,0.004662834220567129,0.03896096631373628,-0.07836381034537059,-2.906952873559731e-05,0.022180582590215825,-0.06256560378450018,0.013314677360807953,0.02960952711890887,0.011832264331527679,0.0032572835854509314,0.002346299826119105,-0.00971495329294416,0.01312644751591596,0.011647517976211337,-0.022536339758553802,0.016904389719673757,-0.003142104874383406,-0.030152131455789433,0.01785558714612703,0.005734221198737697
0.007065243796515769,-0.009585418921799496,0.004748964370025488,0.0032285323957174203,-0.01198329107898648,0.008002495826345268,-0.026305635973780352,-0.009300401279465725,0.003905805837321308,-0.010473193728085466,-0.017705372165365264,0.0029087072837899936,0.014088953689510762,0.009033378143274286,0.04231423988075364,-0.08716593486410582,0.038273936602350275,0.04060948464445093,-0.058868172135891114,0.028265950344101544,0.014837490357453603,-0.039477589991118445,-0.021338436576104517,0.02650482725534191,0.05228728561875906,0.0023753923935052757,0.048657668125220856,-0.03102149236289442,0.0045187178681103555,0.035539485351831164,-0.0791172459506336,0.00114561836759334,0.026184667187053066,-0.06480040580147436,0.022911440246357044,0.0320300885959307,0.01463976200726751,0.004470842145131796,0.005356638980894327,-0.0036088732583491132,0.007349947546057127,0.00802837932660787,-0.020164135354914334,0.015384669600431267,0.0009477767747251571,-0.03195487112343097,0.019230262913493865,0.008560436364416614
0.0033409193123716836,-0.00806368434010197,0.006833430737081929,-0.004086265437132776,-0.009905626209063219,0.017037221724692034,-0.024885730530091927,-0.003500534795221332,0.008036134537415224,-0.013555869419246903,-0.012398261131824656,0.0014249465442927362,0.013958658330235097,0.008766669816063735,0.04349909817513815,-0.08783403638640096,0.032716649443399824,0.04070145216462952,-0.05735352526574587,0.027873627075201638,0.013973500986162816,-0.033145552528505776,-0.020732819431148738,0.02385081451856479,0.05028621185392336,-2.9216496168751246e-05,0.05026805679294444,-0.03876324583010062,0.011422824254436375,0.03425681916978534,-0.07747668163653829,-0.002009457187966824,0.026072292722919995,-0.0635007067538404,0.015368460053062395,0.03543736125396896,0.01760316043194977,0.0070586935364945515,0.005650594271871962,0.0006699988647609148,0.011781754896973501,0.012631311547556198,-0.026611711987385097,0.008472464187145185,-0.0007259011459088856,-0.02862946498454075,0.01906595226939546,0.008246703337362599
0.0017129642737446114,-0.005636645529286328,0.0023038982146344165,-0.0017631107081795836,-0.0031540957060637843,0.01360510187035736,-0.025173714082654498,-0.011806651546624384,0.009665067047445094,-0.01341298559435124,-0.019463543286724654,0.0004054456304320753,0.011512307839943546,0.0006982867101144471,0.04766964290425577,-0.08944656636806893,0.028814517049322187,0.03778499350643641,-0.06480246636063995,0.03152764674534113,0.015167880280036248,-0.04037275827557962,-0.01792965057030505,0.02810576378557954,0.0481509701047286,0.007056684828735011,0.05417102973477478,-0.03070233199284415,0.0064494908450811765,0.028316069649000672,-0.08153194115166996,-0.0001219233403406332,0.025785512067626012,-0.06278512278833476,0.015236381000471469,0.030822484578685916,0.016253981017190618,0.0057283478808525055,0.0034194106163507178,-0.007472336109268789,0.01022417089481408,0.009553298700339417,-0.021012684725842744,0.01694512426271886,-0.002994208171657919,-0.027081631556202145,0.014255423831055401,0.010912771847770376
0.005064025164073901,-0.008417421473312628,0.0091226228690706,0.00012354521712882845,-0.003189302596592598,0.014542802731407851,-0.02254040703360767,-0.003320233330611789,0.006809775734095609,-0.013627408753337874,-0.008805396378724125,-0.008821649030265732,0.013604670191935904,-0.0011197224429694774,0.044761514664061655,-0.08473412688532736,0.024664105526713876,0.03342326477344061,-0.0608656696661139,0.030225010631805858,0.018175884081837807,-0.039545465182501176,-0.02137988853608589,0.02779605974539788,0.051646518101968665,-0.00274383348371995,0.055029048196439376,-0.04054373918040641,0.006527864461592869,0.03379726344211521,-0.08009280252003399,-0.00016068946715409825,0.02495308507913836,-0.06083179250731693,0.018861982686916114,0.028812343572701533,0.014706839898179166,0.004452817485598855,0.004312386571241923,-0.008673913738462102,0.007522829212385249,0.013981646546036966,-0.020149528178028866,0.011456787506695055,-0.0013916924722461434,-0.02810680227268208,0.01231692419722022,-0.0014899445913985408
0.003106715752429724,-0.010605392836126585,0.012419691715469704,-0.0019942632880184715,-0.015111625766335407,0.01734311670725185,-0.024684062419145093,-0.009504629340278374,0.0068349976892696195,-0.011181713930180805,-0.014138936521076033,-0.0032058252344906854,0.02105070127370693,0.0011744001646540624,0.04398243356724999,-0.09289356396113735,0.034513298931987,0.03833497025475851,-0.05977785165779115,0.027116591423890814,0.012106482663053917,-0.03723491772642579,-0.017654145910814236,0.027437631339358653,0.04838689193264559,1.2976111666414702e-05,0.051008311960936976,-0.03967941713449857,0.008274789342227487,0.030823293790174195,-0.07775674935198709,-0.0012892698511409995,0.0191456665921214,-0.07232371069426137,0.019643371458091707,0.036955084414158866,0.008848464595426353,0.009131411365258883,-0.0004561942698759664,-0.006955854184768383,0.010159686839223279,0.007531371607318003,-0.02204558091630953,0.013173950855314604,-0.008652569086869498,-0.030113953157077857,0.019431905061287308,0.0047933930131870296
0.0012468766851153569,-0.008965917914363202,0.013455649084929168,0.0020099792535237205,-0.0032245009664985933,0.015480398734187896,-0.02278004973570237,-0.003449463665513473,0.00819429340579409,-0.007885971871647291,-0.019437717206687098,-0.003112229342506021,0.014018651887477607,0.0020157850833578527,0.04148273803517576,-0.08583361033546184,0.028281323780334378,0.031757615446286455,-0.05504389270527717,0.02262440021692278,0.011297473837397003,-0.03539320600403304,-0.024410086144261628,0.022909907145661,0.05016335081415247,0.004689393972131917,0.051996335653952626,-0.030153871542116167,0.0062656425125974585,0.0325620281484657,-0.0784797531645724,-0.001715103798741874,0.023995902258537573,-0.06653756676185373,0.017363430728836345,0.03283169350316456,0.016523075336980792,0.005656500122377506,-0.0007596543872509308,-0.0045785698280959115,0.014599634531215462,0.012600389902223364,-0.02287175047825476,0.011502920956959706,-0.003799271659680885,-0.026703071433701313,0.013338744937904864,0.0034301712703700537
0.001437956274153103,-0.004821043965763769,0.008979728986410352,-0.0021974480470971715,-0.00994015804691251,0.017970789726835842,-0.020229917867563455,-0.007225135545516327,0.005707671515219664,-0.014370744388634551,-0.014137740512118977,-0.004085868050280542,0.018858048260547863,-0.00029460712602797956,0.029726641469653658,-0.09039882583820394,0.023342646449874136,0.03891247884635826,-0.06254280746828726,0.03129935080021729,0.007581115304900511,-0.038656543619080684,-0.02634368439655866,0.019088102345064892,0.049637239300215824,-0.002756067855470039,0.056929738268516696,-0.04004987432054283,0.005190977801066159,0.025333902115273255,-0.07358045759919012,-0.003982438662320563,0.027326614587953532,-0.06274457825995482,0.013347754579120798,0.03076379704699249,0.013373598640247057,0.004531543546068352,0.0014676532836380269,-0.00639564243744501,0.011745302217845397,0.012440786481138692,-0.01711039298358314,0.007623419600350066,-0.003432742261298502,-0.03198879727624643,0.013118222803432491,0.009918633608039058
-0.0005688901231163411,-0.008926494599459458,0.01339321580616621,0.0021730782133419003,-0.0032500146624205267,0.014278420336203041,-0.02494766965119214,-0.013721211198286747,0.008343321922947792,-0.017418255239366683,-0.01065213096676055,0.004914290762578911,0.019563031809154925,-0.0003582680646452857,0.04041315091454545,-0.0883421749413179,0.032322811277826366,0.035299478948873135,-0.05979860000501145,0.023772183066833343,0.01611915359260725,-0.03777599566205271,-0.022677077116333603,0.016483119500468626,0.04658653247732251,0.004880951039576996,0.051150364958203666,-0.03999848119206393,0.006592547271874993,0.03174298552095255,-0.08051971316508048,0.00047490948467274896,0.018995978771447104,-0.06750042504152065,0.017317833898834033,0.028039016668111604,0.013267152928000996,0.008791488337178917,0.0017710119485778437,-0.006612225567462393,0.01034656981981936,0.013141123807351248,-0.02083892137463305,0.013082315855658222,-0.006392039337565769,-0.02686924590091531,0.02065504332426245,0.005945437276429816
-0.0005688901231163411,-0.008926494599459458,0.01339321580616621,0.0021730782133419003,-0.0032500146624205267,0.014278420336203041,-0.02494766965119214,-0.013721211198286747,0.008343321922947792,-0.017418255239366683,-0.01065213096676055,0.004914290762578911,0.019563031809154925,-0.0003582680646452857,0.04041315091454545,-0.0883421749413179,0.032322811277826366,0.035299478948873135,-0.05979860000501145,0.023772183066833343,0.01611915359260725,-0.03777599566205271,-0.022677077116333603,0.016483119500468626,0.04658653247732251,0.004880951039576996,0.051150364958203666,-0.03999848119206393,0.006592547271874993,0.03174298552095255,-0.08051971316508048,0.00047490948467274896,0.018995978771447104,-0.06750042504152065,0.017317833898834033,0.028039016668111604,0.013267152928000996,0.008791488337178917,0.0017710119485778437,-0.006612225567462393,0.01034656981981936,0.013141123807351248,-0.02083892137463305,0.013082315855658222,-0.006392039337565769,-0.02686924590091531,0.02065504332426245,0.005945437276429816
-0.0007076592053154179,-0.00939750296482839,0.01673167308154031,-0.003474064942541262,-0.004860764358852437,0.011655703389511607,-0.025376447214240393,-0.005803535852284531,0.010865120633495642,-0.01196081199094133,-0.017701445043319015,0.001784277762984608,0.019456099762699238,0.0017177308283440524,0.04187681820753211,-0.089673663643308,0.028334853589895202,0.031340567638458015,-0.05874476137730185,0.028292391999398054,0.013717316008975028,-0.037030215973796375,-0.01753019383604069,0.02356471498115843,0.05238878217546349,0.004823179396521699,0.04778855425311112,-0.03716424952024101,0.009469482993377068,0.04058227421886426,-0.07589513493051246,-0.0019634135158381415,0.02426929641461247,-0.06456122744065676,0.01157817565340486,0.03168593676009252,0.014538027597962615,0.008731203935170684,0.00564796458159324,-0.0033425550193845353,0.010397830680271803,0.01425134922337724,-0.026218334595534788,0.011278535781367822,-0.001983784507206085,-0.0299101469220375,0.013693796654563925,0.0013369796304952355
0.0051583726605996276,-0.006346909516578111,0.006872331700706246,-0.006138020159390781,-0.009845238263289589,0.017305263708924736,-0.022107336028654088,-0.009192284987634983,0.004226157599592957,-0.008526853315637893,-0.008856121771827085,0.0012131479270623626,0.01845444081172361,0.010354605855382339,0.035864275844197664,-0.08803587147605324,0.028392491124900488,0.032588603276489964,-0.05333239080205475,0.024907529507269183,0.017871466242170207,-0.0345076796460265,-0.02074894533452396,0.02031581640597538,0.05219350831762594,-0.002460787348323771,0.04923975783819402,-0.03990582009319594,0.009892218841420648,0.03195861288727802,-0.08203232071674826,-0.0027732705996803214,0.022490858596727167,-0.06925605366359969,0.02118329028078471,0.02796785283548076,0.008904317142921605,0.00489305351337846,0.00024323786358261787,-0.00420253066084931,0.010275535271413222,0.010664279639803206,-0.02224591940889661,0.012475096590996415,0.0031105950435532654,-0.026643590339494982,0.013432862960381466,0.00222620799831229
-0.0039697981763653694,-0.008061780131853448,0.007704686266369701,0.00508705755047463,-0.008586329048566094,0.00856033423817084,-0.017909463121823514,-0.009084135372870056,0.004545693471212463,-0.01348457150959848,-0.01593119458948114,0.0009144648516362005,0.017054832312888082,-0.0016751273329441087,0.04660374204868983,-0.089673663643308,0.028334853589895202,0.031340567638458015,-0.061288635714435956,0.027511240704900713,0.012968863665776088,-0.0361415710492092,-0.020931785689265396,0.02194934925453713,0.058831208618208654,-0.007936175582984716,0.056089679235818375,-0.03972581860793973,0.006624898245414445,0.030715724200894395,-0.07845040370579669,-0.0033156234428568174,0.02484155986660768,-0.06696431230667553,0.017218980938093098,0.02457734672123103,0.016241253083014395,0.004319883402455774,0.004023814510302169,0.0010590894833480446,0.00603200549952538,0.010413345340495777,-0.02488535732421307,0.015191706688402515,0.0015595559163611716,-0.023459027205413662,0.014559254470399496,0.004579777592309937
-0.00042649111643608113,-0.006696202595718619,0.010047681092032844,-0.010403679769234215,-0.009698581423991319,0.019042067992473058,-0.01976916265237683,-0.009009067311848232,0.003001294924962251,-0.008383616959039187,-0.01592101352117324,0.0001646447609578264,0.019717328305017656,0.0022502985923051554,0.039506062546787346,-0.08734255336653832,0.030104502998026677,0.03082437637822859,-0.05466818129727305,0.028692174367869628,0.013595057841676833,-0.037368993636673835,-0.019301634896728925,0.02292718294077088,0.04839903914238396,-0.004757773201870988,0.05044455567808526,-0.040728530872533385,-6.94694331624157e-05,0.033368543817093484,-0.07784446491721952,-0.004575923244953796,0.02180778093181454,-0.06760042357470586,0.01357248921213961,0.029083463303137904,0.013132650277773468,0.00882699522659016,0.0038611126012311424,-0.006528187885285007,0.007484773727228764,0.012520667284390254,-0.019945699955594476,0.012855927622366169,-0.0020200306585429046,-0.03333850299602309,0.01672766105457181,0.0033780857913552342
0.0030625927651077313,-0.009005384971426968,0.01351785565665808,-0.010241303030974036,-0.009724436641825046,0.017840704276533295,-0.022555340336986265,-0.005363935352966754,0.006871151870620584,-0.011713987717111858,-0.008794662327778266,-0.010439949082201461,0.014279162124685402,0.0025477135366785827,0.03911213380893207,-0.08913273423592946,0.032013119313398286,0.030935267967189074,-0.05990094150068363,0.02709036381968258,0.01322667171237944,-0.039408693291278676,-0.02286161225894534,0.01811924813922794,0.05418620223298749,0.002334977586289688,0.047919404286015446,-0.03885641380381138,0.008123152156912523,0.03404142435442998,-0.07764214147680057,-0.007691419326381413,0.02253081141473661,-0.0663588281519176,0.017330468508349045,0.03167835057513068,0.01750687057045805,0.004258993782239232,0.007911910333769248,-0.002924710796464631,0.007725107047215696,0.019245799172655877,-0.018006552218438932,0.011770809837697429,-0.005468256091098237,-0.03163715679778433,0.01822131504336662,0.002280105671383503
-0.002157860228519697,-0.009861365929709731,0.007767812932981581,-5.3735220081028996e-05,-0.0014477620872344384,0.015556653246113777,-0.021836917159213737,-0.004976251445552044,0.0027169582855796166,-0.011607029827962967,-0.01415409943176336,-0.00045371261380023714,0.020991352420588104,0.007935715799462487,0.04600486974331761,-0.09272151252718439,0.028699421877529056,0.0352900781914808,-0.05934741005876726,0.02983534700624705,0.01731134205120735,-0.03866476377129961,-0.01927532276491938,0.01809793274272692,0.059226486776301254,0.0018696467423378212,0.052648764709832326,-0.03717361040737005,-0.0003934865915225654,0.038918420225612455,-0.07570154862374325,-0.005079281075464325,0.024990457950840216,-0.06286579794388926,0.019014001501774905,0.03094060955799359,0.011317219553978524,0.007621708851145892,0.008931915921894806,-0.005017307941603475,0.011802782473710515,0.014005082492325766,-0.02282710532145774,0.012836392544966376,-0.0033716417124196353,-0.0269839151454983,0.015925311662097,0.008767974044030994
0.0030672045011870424,-0.0054909314739524095,0.01348830263342766,-0.003298044089327237,-0.006602656720396632,0.010644269037408324,-0.019086652232534095,-0.007688473152685568,0.011403974352315603,-0.013094993210797814,-0.014149732754988617,-0.0015817850670982114,0.02188292222901143,0.007461660061632226,0.03742907235040852,-0.09153941405680874,0.03465369096576944,0.04061651295594136,-0.06328423871702209,0.031138146545389857,0.014304006907085115,-0.035739252511486054,-0.027734873879371093,0.01516058342721201,0.054899445148518945,-0.00311570928254751,0.05932883878007069,-0.044052470463453314,0.00825349152893599,0.03465925824731708,-0.074558402867925,-0.005288468802330394,0.02609642913593767,-0.06660689655435988,0.017153094949731527,0.022268909906613052,0.013065415178925791,0.008844744565583831,0.0049060389601086095,-0.003389313712690847,0.008748249261585562,0.007324615131895846,-0.02327246680191272,0.008700826033010964,-0.002541201368469726,-0.03219234275686733,0.018852170347260593,0.013372298547247396
0.0051583726605996276,-0.006346909516578111,0.006872331700706246,-0.002224351381780234,-0.006509152602801238,0.017589812319612583,-0.02117052152228994,-0.005699314127894458,0.011182661758903102,-0.011535380282494316,-0.01768660698735863,-0.0009685643762265784,0.015968839832619337,0.011366679825384246,0.042331136074446024,-0.08872932339158172,0.026680759892032353,0.03435167536361309,-0.05444749348895436,0.02706229588219215,0.013364739830256954,-0.03634626708111783,-0.02261779005029147,0.018724809805009013,0.0532020165408927,0.0018205263056869801,0.058336331156784285,-0.0441431364035505,0.004955084992664219,0.03444115092053169,-0.07862427935334512,-0.001800235790756135,0.024965735384074043,-0.06446264888650768,0.015322420586852724,0.03064584772275206,0.014943402265792488,0.0001579659155470068,0.001934789467372017,-0.005919555454412311,0.01311187907069529,0.010728774579314895,-0.024899602382558124,0.009921163595143409,-0.0012067708115005519,-0.0265626204008721,0.0120450977619076,0.0007609504987048775
-0.00010948250680734684,-0.009114787319994898,0.0022649367021407587,-0.007876226669479333,-0.008120601275887531,0.014975927818615925,-0.031208699188023683,-0.005701395195222782,0.0076190694310804075,-0.009163506802734067,-0.008820064547809618,-0.0054214516451031826,0.01809851682650522,0.0004513710433248062,0.037121333583830345,-0.0891164857440749,0.021040029664435564,0.033406853036283865,-0.06141835496900272,0.025814799485800802,0.016093829145184937,-0.0397466468503452,-0.02463374677397339,0.017484566805334643,0.05363936281639274,0.002049045839669891,0.05370758649531851,-0.0369854707161275,0.006203092501753818,0.039341963257598755,-0.07603988652741372,-0.0020485156171609654,0.025239141442157446,-0.06278512278833476,0.015236381000471469,0.030822484578685916,0.01925964139450545,0.0054809257225718,0.003876616525558649,-0.002933654383423742,0.004645231506503007,0.01201673756794122,-0.02052773009361196,0.012516105502771258,-0.01964926097775831,-0.028327867673911773,0.014998064984770609,0.0026452860500654337
0.0013858509593244032,-0.008494950365892328,0.0101150417797827,-0.008526158430853617,-0.008017521870448139,0.019781887755738234,-0.023526709165959017,-0.007923809074644544,0.012469407212612525,-0.013697177322896345,-0.015881949851929204,-0.008470370927481149,0.015460143974157127,-0.0011317955604781245,0.04449793917228701,-0.08539675186924875,0.026232339763023665,0.029367373558193216,-0.0603711325436515,0.030332007039629103,0.013695452124318209,-0.043478431813014994,-0.02843035970563168,0.015624330181609055,0.04761707560791156,0.0019995023063729515,0.05939173332995916,-0.035894465684286406,0.0063322684498323244,0.03523455232109333,-0.07560555716296563,-0.0017931745156865807,0.022329392351775747,-0.06931832930636758,0.015547719040171222,0.028960474377032495,0.01467265593331248,0.008695676046776839,0.003558111962650959,-0.009365281950102134,0.010230682923231708,0.010008347809474603,-0.02200011693409139,0.014507273179980709,-0.008224265693108308,-0.02828980947516204,0.01657430735268864,0.0017033218971964808
0.0015248576187075291,-0.008023829985600823,0.006773344724374726,-0.001871401688118401,-0.009991849322225032,0.015567020060165596,-0.024180227782858346,-0.005157543056628605,0.003943092748319046,-0.008455379140137949,-0.012388860026706645,0.0006881651082838895,0.014302595936650451,0.004887338919450095,0.0393892016753468,-0.08849504539908425,0.03428809806773615,0.036656349298876054,-0.057125552312363416,0.02624850576056315,0.013741432175748058,-0.03464620263065108,-0.022391274669071846,0.01579452469916116,0.04772617031405355,0.002056523779286888,0.05823474901427239,-0.042003714486374265,0.003315734666655343,0.03241723218645318,-0.07833520211788492,-0.001629960207558975,0.02302599779708552,-0.06931832930636758,0.015547719040171222,0.028960474377032495,0.011794288172945637,0.008904932345347722,0.0010287860435924776,-0.004460847162799247,0.010307763916831941,0.01167504408208022,-0.02137244213986781,0.015477720049504168,-0.0013113875302838847,-0.0267459042042786,0.01630260355636009,0.003953594579883095
-0.0021494085195619323,-0.006341251258407116,0.007764219674814554,0.004253952356892876,-0.006742126213353381,0.014386465390031052,-0.020931038307571724,-0.005570183485365966,0.00979850646133155,-0.018731289756095042,-0.019425621818312828,-0.008216660053689165,0.021549805320326826,-0.00010384494251061165,0.03896209084110528,-0.09136582408540493,0.028841428162716693,0.03757712541753836,-0.056626390850210685,0.018705781389277625,0.005604834855050515,-0.03307761643044344,-0.02069112944853702,0.022558655429258466,0.05227182095300015,0.007156432879126414,0.049235207941513655,-0.04168534342298983,0.004997358108554739,0.031497990409631166,-0.07873887450637682,-0.0034856991271758355,0.02678107324460101,-0.06316994358440486,0.013202154883618786,0.022506762010842396,0.016253981017190618,0.0057283478808525055,0.0034194106163507178,-0.007687077161790091,0.00882508440219412,0.010252461161003196,-0.019367781891746802,0.011794085350655199,-0.006672079511896518,-0.03005022372157187,0.014986867412986585,0.0040063034255560445
0.003389425403382155,-0.006149024351385234,0.005702575547038584,-0.008340813464394704,-0.011474528469111912,0.018968939102967434,-0.027737142329038258,-0.010075070943507153,0.0122105940828942,-0.010118468193515463,-0.014100714581335624,-0.010089522156325881,0.014386019413343559,0.0004740003539407159,0.03764979357777131,-0.08545383793889631,0.026796771280236945,0.036849554143292884,-0.05962909360766468,0.030492667506548866,0.006971966837577078,-0.03287391446469994,-0.020565937614096006,0.018681294397285747,0.044706668071681194,-0.00460983991586661,0.0507769896409779,-0.03808486883930769,0.006570474872206118,0.03085256837680072,-0.080526654331502,-0.0004162909375275934,0.027862046885240726,-0.06179327665554235,0.018816764210458456,0.02401702145585234,0.016253981017190618,0.0057283478808525055,0.0034194106163507178,-0.0042584876277602275,0.006236521937603537,0.01737067519043971,-0.02566734949202846,0.01415200323891337,-0.004295880938097884,-0.024802335599627905,0.013631577295104726,-0.0015444039405684848
0.0031135282337770177,-0.0053338655887565384,0.012374142067757131,-0.00413791607347788,-0.003042333274186156,0.01627255696590372,-0.020759928276552393,-0.013608961647571057,0.008666070236842523,-0.0099425543357685,-0.012384463292863268,-0.00044153928606878846,0.013781544254421886,0.0038226175147309696,0.04412960076286986,-0.08589049696822973,0.028845044108958107,0.03923894522138094,-0.059408535478655045,0.0271953074075525,0.008745348044984995,-0.03634876888380711,-0.02967077452722876,0.019695664560429385,0.04657635574552479,0.009651496500777675,0.05171183392220179,-0.036123875405489954,0.00819858417408818,0.03006815959322857,-0.08120879488938304,-0.00155214767228435,0.024691636772557687,-0.0640646368743203,0.013367500792780441,0.02828019007252783,0.011712321999035437,0.006107310203043502,0.0032547260476262813,-0.006612225567462393,0.01034656981981936,0.013141123807351248,-0.02508403360207974,0.013789596489148506,0.002186815888052244,-0.026622093768412517,0.01195108521981864,0.001965068674787819
0.003349542641430854,-0.0010318376161046472,0.006771299058578624,0.004744229103170811,-0.006819128119906681,0.01077916430688198,-0.02886611879726332,-0.005520114931463975,0.006394148321069442,-0.006611742054126719,-0.01944869526634631,-0.0006122893285996424,0.017516841013045348,0.006143982875592147,0.043882235173484836,-0.08834920992659996,0.025196685687464818,0.039441180458911214,-0.059688287220553006,0.033107486971225335,0.01665999382326816,-0.030551294620910996,-0.016853284997350535,0.018344105691008698,0.055528877873820964,0.004401150359371664,0.05326245353260581,-0.040224859452056304,0.008209885228249518,0.03287794255390352,-0.07389832583187342,-6.075045070229097e-05,0.018710282089983595,-0.062345795655375846,0.011392968575309005,0.028396243592604422,0.016253981017190618,0.0057283478808525055,0.0034194106163507178,-0.0004497924792486132,0.011692165516431447,0.010056447637213396,-0.02140046246555859,0.010214826552626398,-0.004078552308752705,-0.028489349556661832,0.017773068357226605,0.005577087885416426
0.0068359127607569,-0.003346671537622989,0.010223572443812438,-0.0039105393383290716,-0.011646999115770466,0.016027452993031543,-0.025125179673236703,-0.0036297568428854316,0.009420476843705441,-0.012741105425728363,-0.010600860929932345,-0.003819640401780192,0.020311464319079514,0.010347944805163505,0.03560139919466973,-0.08875328781625022,0.030526353945107547,0.036022822973504946,-0.06151868783303275,0.030802148485998965,0.011198970296987083,-0.0414708301888825,-0.01620857242996881,0.02648770408045555,0.052217127661529306,-0.009626464083827325,0.0483789721074264,-0.03941154732695164,0.00855649104658346,0.023493167170987643,-0.076015156318269,-0.003648970888897924,0.026084457269946362,-0.06653756676185373,0.017363430728836345,0.03283169350316456,0.01617409071452012,0.004337924035762621,0.005068108193031305,-0.005280362692060411,0.00875442736564497,0.007778015388602069,-0.02438922312171574,0.011458406108720785,-0.003947366816927765,-0.03155666881688458,0.0168340386958529,0.0008137263770030314
0.0017592939022855428,-0.005479424398012797,0.001189076468917179,-0.009787414272559311,-0.004653210949961583,0.013652326129450104,-0.027279781988267873,-0.01390633530422835,0.00956552409133304,-0.011855381881649755,-0.012395244085975964,0.0011796477149070446,0.018822466338225676,0.008813056841134531,0.03202767859696746,-0.09041268732424519,0.03431633929677771,0.036455303765296466,-0.05976585856822452,0.028790624537362763,0.010099761859929186,-0.03287391446469994,-0.020565937614096006,0.018681294397285747,0.052537837682423066,-0.00706989540515016,0.04518964102110916,-0.03475551502986539,0.008111770221848625,0.031231592416362093,-0.07938809350652673,-0.006221897172257506,0.024457595578750015,-0.06246787835772823,0.017059240526748842,0.028573640193169134,0.010444056053971041,0.006167682709987733,-0.0006310420664096862,-0.009920925380684934,0.008643759223057917,0.005093697586388037,-0.030660097380563488,0.01515842112049848,-0.0011457105424271677,-0.03175575340583509,0.018032359527303102,0.004687518530257861
0.0034821818732579004,-0.005834796094550983,0.003472830619408822,-2.510387960138233e-05,-0.00487966085327897,0.01593305640543689,-0.024206432621430258,-0.009246347298917127,0.004066083704788649,-0.0073199129471383795,-0.01588308371486677,-0.006720084101700232,0.019634176165559063,0.006668881099958593,0.0412490419812108,-0.09051992826026964,0.028588133972214855,0.034459025437023234,-0.05911497032784033,0.028213083619027017,0.01707755531936458,-0.0406227777932742,-0.02674041867510802,0.027191656477548103,0.05060702754211667,0.002530066027860154,0.04707978150268885,-0.037535044298542444,0.0063867170631591065,0.0350979350657282,-0.07930775551150018,-0.0029362831295568844,0.021794966353538326,-0.05929328607746438,0.01691995396046322,0.030082686791705976,0.013440635323618999,0.004513523911744106,0.0004231115671978722,-0.00898350387462048,0.014461622158198604,0.008927022514222732,-0.020525982742595233,0.013217249533948035,-0.00850468048107692,-0.026707777905037682,0.017879272455768504,0.0030120661261511766
0.005067035040933567,-0.004904131866973258,0.00908191204769802,-2.510387960138233e-05,-0.00487966085327897,0.01593305640543689,-0.024684062419145093,-0.009504629340278374,0.0068349976892696195,-0.0055155799972386585,-0.010572442826636073,-0.007550244310777716,0.017315686102044228,-0.0011438856468446315,0.044233792752418566,-0.08875328781625022,0.030526353945107547,0.036022822973504946,-0.06081168018560106,0.02427446661022124,0.012499706726851212,-0.03866018729505629,-0.0279036521759873,0.011983024792966689,0.046706015366650686,0.00016873573983344292,0.049432446917804906,-0.03845106292711572,0.0032386295407829916,0.031666546576869535,-0.07327106805386788,-0.005412767456229128,0.026232392356380353,-0.06817616382528381,0.015560666639155667,0.032598689130327076,0.01204007465626742,0.004610175272360904,-0.0013777522392204747,-0.007857297937323805,0.005994813340204075,0.010639801601076774,-0.01852501690349959,0.010237827472648136,-0.002727148902214443,-0.02500236234958533,0.014831369038319699,0.0023299166330880278
0.003440003444861953,-0.002475678885109054,0.004555912877358957,-0.0006074636860684688,-0.013352707389398467,0.021688103488020877,-0.02186830909716449,-0.009063125118332042,0.0028414501156591703,-0.017134936357488948,-0.01417819344831852,0.0030385287136850646,0.01637262155714192,0.0007286658366328471,0.036200119878640746,-0.09036748509911616,0.026622676893286068,0.0331019479758657,-0.05390862048672031,0.02214791968708177,0.013796421355642742,-0.03900462189703539,-0.019482528978102574,0.02455599513952593,0.05722796263610391,-0.0005404643030217001,0.05424988265571875,-0.04090858627727081,0.003196878379802095,0.03460915155177468,-0.07908770879728648,-0.00045511324431587595,0.027029595381230273,-0.06075001861074291,0.015084365652830698,0.028690366224204098,0.01477392860660155,0.004434790088924611,0.0032680515166233987,-0.004208766142070911,0.007194447800038147,0.0034267232907105112,-0.022670849968101096,0.012903904922686836,-0.004427655439241684,-0.02999085571344066,0.015081103752949365,0.0028025127391413077
-0.00024148217514573743,-0.006067433461227789,0.005592471649150948,-0.002550062555346641,-0.00645777238328796,0.019992901762180992,-0.029105049460368897,-0.005649339161658921,0.007778503672428381,-0.013768690606489584,-0.01234787114541614,-0.007958949842137944,0.01982424474756686,0.00017386745027698434,0.038041990571318525,-0.09215772449946232,0.028530514331174275,0.033210968854966945,-0.05803609517160086,0.02509846813973912,0.011011183621962777,-0.03954387865696297,-0.022944964216718083,0.020704046314920354,0.046706015366650686,0.00016873573983344292,0.049432446917804906,-0.03343523068200525,0.006374719652306601,0.032289574621665644,-0.0768717324142137,-0.0032696741365574123,0.02303838238431047,-0.06380454837567147,0.009556882086464852,0.027010771079452798,0.012980211985462137,0.006046856149481014,0.0071393259577982645,-0.005235699296159952,0.010404442412550449,0.014706905556422789,-0.022894320588798207,0.015435983173974195,-0.0014593024867472675,-0.03337656211815352,0.015152325721524378,0.0043197058873234275
0.0017592939022855428,-0.005479424398012797,0.001189076468917179,-0.0016812639961931134,-0.013448579960137557,0.014747146763797103,-0.021899797176176985,-0.013148934738119754,0.002967565500511751,-0.017561189152567467,-0.014136177395954932,-0.004966457287451954,0.021621325776040295,0.006927461606759918,0.03980001208649674,-0.08655224890965019,0.03041468006798874,0.03518887777654195,-0.05616013383875862,0.02477877662069444,0.006787682530478889,-0.036005883809614905,-0.02084850154563214,0.019364926617112126,0.048168509394248486,-0.00010067433299231142,0.05332375356573613,-0.0386349443384232,0.00675436592889485,0.02660586319081631,-0.07603988652741372,-0.0020485156171609654,0.025239141442157446,-0.06364896874047161,0.01893591018534254,0.024992230321947098,0.013516962443634779,0.0059034381100439345,-0.0012174825204483335,-0.0022086768497811475,0.012879065485629808,0.003187589623883241,-0.022156632017363304,0.014439797997006704,-0.007167959579629118,-0.032128857502372696,0.01441037893624486,0.012585938576680937
0.003623326783543334,-0.003605020084917313,0.0001103843434635901,-0.0025234118224274193,-0.009888451622568128,0.020374076353455367,-0.020725675140489824,-0.009525528710315674,0.008539323796629712,-0.008630669651225045,-0.014104925615509809,-0.0089616095429749,0.014302595936650451,0.004887338919450095,0.0393892016753468,-0.08535218211897767,0.032520167205997375,0.03882479498187169,-0.05268534657526761,0.026722176352900858,0.010258666528029538,-0.033145552528505776,-0.020732819431148738,0.02385081451856479,0.04860530230610396,0.00012667674817245768,0.04869247011036524,-0.03634958163997682,0.009816347944998733,0.031202274198838423,-0.07981174378816899,-0.005588032509705963,0.01850038148246825,-0.06282552934964623,0.01712512997468951,0.030881422082352953,0.011988046352525424,0.007443478776415179,-0.001515515053044627,0.0009757173463847269,0.005811742353615412,0.0037917280467001306,-0.019572175740660284,0.010395083510503755,-0.0060431332587936315,-0.02822560344395476,0.012128862237199325,0.0009185084710312193
0.007253842258975103,-0.001932458590764397,0.0001803713802198491,-0.0006489823000526469,-0.00820787659179962,0.021117807417176022,-0.022809455969259235,-0.00753651247437057,0.008317277603887355,-0.012492862333593301,-0.012360139609765931,-0.005452899357899745,0.023299087840435006,0.001962696435684274,0.04016114463411668,-0.08931729475804784,0.030695105063637144,0.03810192330868762,-0.058636375854208285,0.02664327817578004,0.014604291204552247,-0.036277329174432514,-0.02101498857516142,0.024533182715926298,0.04704444168987473,-0.004430373678978773,0.045398069892454644,-0.0363967713788864,0.008166137150295735,0.03109563304489221,-0.0784797531645724,-0.001715103798741874,0.023995902258537573,-0.06864256449625983,0.01730523463049794,0.024398850144470064,0.014459762065340226,0.007340565595036003,0.007291731103559742,-0.007299494123417599,0.009972680770465696,0.0019191232663067256,-0.015859945455810518,0.012784015941788492,0.0015895859424272384,-0.029948108335614138,0.012118407215977968,0.0022797443956065772
0.005393215618468108,-0.0020467014649514434,0.0012532834491668246,0.0018766102966078283,-0.006630241226035968,0.017057304559312283,-0.020451961036041758,-0.005311858832000586,0.007029745108478227,-0.012457691800297623,-0.014184209484208576,0.005048170659505864,0.021989801890552208,0.005384114149865969,0.035963565090551056,-0.09220001103911392,0.03622658871228315,0.03657600897237113,-0.058991575119403936,0.028239514217311197,0.015957570127583462,-0.038790276204987074,-0.024865297161893653,0.028770107433891356,0.04998564830009875,-0.009744082538836595,0.05260620909386743,-0.0390475426902478,0.0017719652234516217,0.02731335961667219,-0.08012423175890872,0.001440206856349759,0.024107924841947546,-0.0657429517651289,0.013453433324665602,0.028104945263042126,0.017492800182502877,0.002850770475367554,0.008519879336811162,-0.005922695590789351,0.010030703846966377,0.0034866537162982396,-0.020572953277550255,0.01188487052327711,-0.008932560293623135,-0.03147133227667795,0.01090874394693527,-0.00023219497834918204
-0.0003802442786425085,-0.006539035784066017,0.008934060356355956,-0.008050387887225209,-0.006378831943460072,0.015984084081385342,-0.028413381866975392,-0.011400469822666215,0.0038061013985056097,-0.015398669695315653,-0.01588519919348439,-0.008219865667192806,0.021264642154310506,-0.0029790530572581684,0.041054609567995504,-0.08437774377804369,0.03414734441536016,0.03601773729703141,-0.05987647101996604,0.030439091903550954,0.00921350691321902,-0.03471136251387118,-0.020873928180340742,0.024192261547496895,0.05175590222756948,-0.0026872493525643727,0.05387139024767661,-0.03918042625978541,0.006689619329290127,0.02866095684182445,-0.07988444515972166,-0.003276587072926899,0.025674539992832666,-0.06171170326556268,0.015038358334379364,0.023896228465575802,0.014706839898179166,0.004452817485598855,0.004312386571241923,-0.0073424729979469664,0.014486196129907265,0.009477336664809231,-0.020901098716050392,0.016379916310374054,0.006653284355709653,-0.028446724502915216,0.014809605141943589,0.005052885104512757
0.003389425403382155,-0.006149024351385234,0.005702575547038584,-0.01059845393680647,-0.004525177065199404,0.019659009069020624,-0.021581466751583768,-0.002803100763310388,0.001270202521600949,-0.007604622404638399,-0.012358046279648783,-0.004816207304738753,0.01813482412895126,-0.008650266724327532,0.03482586851307404,-0.08980311962653893,0.02645376098534896,0.031023599868481893,-0.05714343843021673,0.02457179999959939,0.015749743274181945,-0.03668469288665453,-0.022826409498698737,0.02518654409720915,0.04692429465293676,0.00028241847711955176,0.047116306034099296,-0.034850691994765065,0.004811420621556253,0.031020360508476435,-0.07974031003453848,-0.0031915284858373525,0.024704753586882466,-0.07192308285346616,0.013698225823978713,0.02393885962273101,0.013163950166672662,0.0031784539601633728,0.005195169469490492,-0.005538368964589956,0.008786675027181763,0.008788711481193201,-0.02011688185347771,0.01671650962019989,0.0013764957266523292,-0.03159469925721945,0.015258185152628476,0.0017555936383657161
0.0035306037529571972,-0.003919508462890533,0.002341248225414834,-0.004099103586058633,-0.00819002950167447,0.016845488892805304,-0.018904925685330035,-0.013681784860669448,0.010211121170475262,-0.013909897698717356,-0.01594606440134533,0.0036657472390152325,0.015827712698007573,-0.0026747448420115357,0.04066549272717747,-0.0861160049709622,0.028365699684784182,0.032796884393215577,-0.06246037337543604,0.03895656635419154,0.01014103669978644,-0.03695658665119507,-0.02455428436978885,0.02325621060534448,0.045466149580613034,-0.001832211892424732,0.04294477532372332,-0.033486332846158075,0.004972640296697124,0.025883149227495312,-0.07882720442456108,0.0013161777568604033,0.02424519454123003,-0.06653756676185373,0.017363430728836345,0.03283169350316456,0.014696301992943549,0.0030452076238998873,0.0049116554508163435,-0.006870609442884508,0.00729700587193749,0.006909771485216284,-0.025055310042195703,0.009853533973045041,-0.0001510046476715975,-0.031751350265196154,0.013494531528485796,0.0051052305283322994
0.012463154532652653,-0.0028466695901689255,0.005894469717495171,-0.00411199140842477,-0.0064742817767320425,0.016654133822378344,-0.015115356133646965,-0.0106827179639097,0.0006153752996419939,-0.015185537915573243,-0.015934354967202483,0.0011638149166278103,0.021514441855847062,0.009004211391349269,0.04126510527599269,-0.08688121917241753,0.02420912937431149,0.026764988414531295,-0.061033886079005645,0.029236024104651835,0.008722464723669275,-0.035597469719787236,-0.019037473256199467,0.01871337731792695,0.04884914452419267,-0.009303807665786323,0.045247208341197095,-0.03467676491199672,0.0017906166714786967,0.023480753898835534,-0.07296222964322266,-0.0068431205701068734,0.025138331025255284,-0.0663982225637474,0.019219539846346376,0.03173435268432378,0.017513429879236358,0.011323380607836903,0.005913603856310871,-0.0012754287275187647,0.01014003272481583,0.006164734544630513,-0.026570784444637896,0.009807847241387257,-0.0002993000705581176,-0.03016899686443494,0.014798430791177675,0.006413533210562939
0.005065522576282675,-0.006660906786386147,0.009102056981168902,-0.00036521263588446326,-0.003112744382141539,0.018148030092282615,-0.018168716633440298,-0.011254177250139613,0.005994308622642281,-0.013768478380570204,-0.012405831494004043,0.0027999302327125337,0.015744240644357702,0.0017392049674321622,0.04240476162614564,-0.08931729475804784,0.030695105063637144,0.03810192330868762,-0.06517264136164885,0.03311442014579182,0.016526363949577755,-0.035123144616126825,-0.02424250340484032,0.0177381671896867,0.04881130393864215,0.005014806619817108,0.04694294476036397,-0.0356728213006533,0.004962743896822562,0.027801150226352864,-0.07910076268885784,-0.006052052204979678,0.022517686489768526,-0.059538858925764826,0.016742633797325792,0.020669086574728802,0.011853794452730243,0.0074791466884917435,0.0005746323016722276,-0.007385920385361888,0.007361533026799177,0.008930667093953059,-0.02543913409394317,0.011616719349060532,-0.007264045830563269,-0.03506111364213874,0.016715466765569047,0.0047379678544998615
0.0031135282337770177,-0.0053338655887565384,0.012374142067757131,-0.0024277553930233094,-0.0013360682424774194,0.018222636632978153,-0.016072448276427852,-0.011199067215068305,0.0061544591672756735,-0.012528535475994714,-0.010593137431094747,-0.0051952223665947365,0.02517941387731768,0.004297728411568463,0.04017549309015325,-0.08780219991146317,0.03600063690242299,0.03489235942479383,-0.05858803899057891,0.031673619067928496,0.00858178816064256,-0.038326538951919044,-0.017502761946943026,0.01873419956045128,0.05040246937431849,-0.002360041584650767,0.04882508601120876,-0.03666964495898089,0.00813369650543555,0.03212302492357128,-0.07790139983033373,-0.0013744598389984505,0.020115856397235808,-0.0682929235078503,0.021228082197668606,0.032761583906863956,0.010238042403643198,0.00481466479188979,0.0030885412241989244,-0.00041551426039254343,0.010262323782550854,0.009752733850485761,-0.02392019940753232,0.012363795881811766,0.00401804990238374,-0.026681579511486496,0.011857084697101896,0.0031690696549299007
0.003206186494014996,-0.005019682874424584,0.010145457686328905,-0.0021974480470971715,-0.00994015804691251,0.017970789726835842,-0.015571190041523264,-0.008900926706679973,0.003320372625579307,-0.013697601221747294,-0.005330639935272787,0.0024502973439630375,0.020145062146738644,-0.006057609244635975,0.03364971831763584,-0.08982626434509278,0.030300486322677546,0.03269772410767527,-0.05502166604084274,0.024303644314023688,0.009286761514631042,-0.032677802168461376,-0.02592827237028152,0.02286301689448732,0.05154462007254992,-0.005187749296189613,0.05590042658116752,-0.04109419836400129,0.006711659050237787,0.029551410316513708,-0.0772679407325463,-0.004235800500675628,0.017926919844519437,-0.0695358703215492,0.017470029309992162,0.030167094227050342,0.01622878060106609,0.002911795745087742,0.004627965363122278,-0.0019413858836344888,0.00594624738045975,0.008282463421335403,-0.01748496177483087,0.014003330498285296,0.0029256975958431002,-0.028429924252128633,0.017867527268473724,0.00437342237233183
0.007112447980046898,-0.007672832009628263,0.003606954997192154,-0.003962243882676901,-0.0047839840462770115,0.01526147437245528,-0.019029924087754942,-0.0015638279636819568,0.011216648049285401,-0.013697601221747294,-0.005330639935272787,0.0024502973439630375,0.01611185756024901,0.00019678634748515844,0.038571469407730784,-0.08877692127401797,0.03437240900591325,0.03769658286113543,-0.05573785733779556,0.02582752458666185,0.013998384592513322,-0.032677802168461376,-0.02592827237028152,0.02286301689448732,0.05005420014291441,0.004632010449500574,0.05315368473439903,-0.035447473430303515,0.0033446673904674916,0.02666825546508701,-0.08145623440606352,-0.0024327079035209014,0.018610476534479788,-0.0695358703215492,0.017470029309992162,0.030167094227050342,0.010500295770335163,0.0033360188765615404,-0.000503242052506888,-0.005619964519310946,0.011648631322679001,0.00940758282942681,-0.028591764287260013,0.012796881008201241,-0.006077079295768188,-0.03496383049888087,0.018385324390857445,0.002593250199326069
-0.00041925088049551306,-0.003177160285156841,0.01003696857832979,0.001101618362782938,-0.003342316769529659,0.007329087489316005,-0.022838958343877846,-0.011622497230235378,0.008441885356753647,-0.01231596804099193,-0.010585395951513026,-0.006570999495415513,0.019931172535370092,-0.0019029275698892588,0.03657790920797033,-0.09287289334448524,0.030665417540742562,0.03665089080024055,-0.05872894657728539,0.029968893580262054,0.01171008184399901,-0.03914068919718047,-0.019565269262335674,0.027138189040182833,0.0541202976960522,-0.009676286963075598,0.04762675346709169,-0.03790585322612334,0.003302906173536573,0.02961233104664171,-0.07983431620930563,0.0016108425329828108,0.022168178754470663,-0.06809763420156392,0.011783002364483864,0.03249134247250388,0.011846362293434809,0.006071482166449439,0.0011654411842858567,-0.0027267242669268238,0.012943498278540484,0.005211229623943073,-0.02032086758053259,0.01531731589067209,0.0020033573580832556,-0.030109604105236627,0.014892643092396022,0.005209976916029923
0.007018697126791313,-0.009742237227155578,0.005864090691019266,-0.00523755422907047,0.00029904203030140615,0.00894358006654105,-0.022346326012779173,-0.009321423734168457,0.005610714830956669,-0.011891000212949466,-0.010628688065857839,0.0014376100971415539,0.01995486805158486,0.0004400309347300578,0.03685624719471916,-0.09285189176093239,0.026817997157228643,0.03496942362346122,-0.06148657714951039,0.03582645700644548,0.005182068560271978,-0.03981404563168303,-0.024675545199593207,0.018777396020926294,0.049637239300215824,-0.002756067855470039,0.056929738268516696,-0.035075976780734854,0.006429217389679935,0.03215313760237649,-0.07646386137587247,-0.0014134754729260958,0.019282420484316696,-0.06532620951918365,0.019022226349766386,0.024812870351475034,0.017694223312639847,0.002796360467349046,0.005388168206458196,-0.005062577517984249,0.010153159660311415,0.007076047804110204,-0.027152557990840303,0.010872703691898142,0.004349695237701769,-0.03307565275376661,0.011086070718298946,-0.0012796268779027664
-0.002187034405297643,-0.002977502232956314,0.008876091081053599,-0.0012053051593884196,-0.011810951928726263,0.010948791176397571,-0.026762419217597047,-0.005468063402698447,0.006553353476916192,-0.00774538700770612,-0.015898309579621715,-0.003965607064618308,0.022013737290309032,0.007728855016060318,0.0362434392773785,-0.08954420920476926,0.030216092989796692,0.03165786665931534,-0.05628731483244058,0.030736698947734883,0.013572300972401901,-0.04057237567725768,-0.01962192474289645,0.024892805583628275,0.05385807770673468,0.0021633808944323224,0.05139261379592673,-0.03736055395192309,0.0033672083220191943,0.02755778922447569,-0.07548388489159896,-0.00010694625960115123,0.020514137584149467,-0.06110790256321186,0.01515037649278319,0.030998812373425298,0.012930977433762612,0.00888023503214726,0.006995643742965183,-0.0040460369452710344,0.004553516050185068,0.009434861254123555,-0.018632408876729675,0.011501147991625014,-0.0012440930641872234,-0.03177264062580183,0.014975474906150655,0.005366763381271871
0.0035368088093071497,0.0013564970258475844,0.002294189036593166,0.0005832529924634089,0.0001670264850921206,0.010561235262117637,-0.012779046074174873,-0.010498523656050935,-0.0006099502909122006,-0.010793225902200061,-0.012414943774025322,0.005059662485785351,0.012553181548744135,0.002823956839977204,0.03818945890732922,-0.08806014307044506,0.03223847148115096,0.03425949762943526,-0.058323897862986494,0.029338990445998407,0.020926108670244033,-0.041109094598533014,-0.023087596509099365,0.021046555055892986,0.04936342595802167,0.002913351628415445,0.04086797690579298,-0.033984344736438486,0.006558571947861722,0.02804344262230371,-0.07285684008209355,-0.0035574613646726047,0.022477177103518205,-0.06665511153753155,0.023030816057736526,0.03299978274392247,0.017478985246775627,0.0014429239895245795,0.009127595298721737,-0.004241528885480949,0.01170613258217635,0.010972231478525482,-0.022626028684160065,0.014237370301132245,-0.003999556483395325,-0.02985539978147771,0.018328003940400572,-0.0002849411321971181
0.0016175467167263242,-0.007709664825506133,0.004544941270624125,-0.0011540498154118423,0.001894146637267863,0.008231087998158797,-0.023011711548264244,-0.008600272547048355,-0.002858830676390063,-0.013732891864381197,-0.014172308084946291,0.002544884121089132,0.023168232263704253,0.0016961888138244954,0.04134659107654339,-0.09532166139969372,0.034147820950795174,0.03272831448614955,-0.05601419401657086,0.032473320317478696,0.009321564736712723,-0.03375896309332439,-0.022666425207335583,0.028375330678271016,0.04860530230610396,0.00012667674817245768,0.04869247011036524,-0.03144495051324725,3.019340471234046e-05,0.02365387837142373,-0.07529254155224119,-0.00322378614194959,0.02123472261597564,-0.06461150510646538,0.018890747960575917,0.020195921396118824,0.014516179532410535,0.0059146133258773746,0.006846171811862933,-0.01219207134854805,0.007502097334212368,0.01387278359750442,-0.019678939519424943,0.012360278163395385,0.006572038998226628,-0.03040206126258754,0.009886593832873294,0.011646919262153017
0.0014293188127357836,-0.010095978499051347,0.009012662705454698,-0.006937126755237316,-0.003124925652419677,0.00718498902860924,-0.02233110243463683,-0.007278209127007257,0.0055484399352202065,-0.009870894035949148,-0.015917003240935052,-0.0009614685024445104,0.01799162530322187,0.0025270402819358184,0.0385849632053572,-0.08984907809674589,0.03414767266773664,0.034374460624607285,-0.05496642975926055,0.025276415154658522,0.019854622061502944,-0.04090641539423803,-0.022962686146110082,0.017169610859765254,0.050170122110121985,0.0023014675152150292,0.05171092303400786,-0.03048028631605243,0.005079330510929515,0.020880793197668765,-0.07790139983033373,-0.0013744598389984505,0.020115856397235808,-0.06802761215386693,0.013426912590743273,0.020826997000329278,0.014526975839072618,0.00732272022000968,0.006247194717293756,-0.001052139405883782,0.011538075796391064,0.005458127277789978,-0.016700707308058272,0.014339833213312001,-0.0023529530966573432,-0.03005022372157187,0.014986867412986585,0.0040063034255560445
0.005300439609435724,-0.0023611850144106094,0.0034850044715476693,-0.0020886931554549336,-0.0031030644149293977,0.016008718688950728,-0.02212282584629474,-0.011235278192850494,0.004288925365847646,-0.011145872282275628,-0.01590538985980052,-0.0034641890119082417,0.01997860174016817,0.0027831216282447582,0.03713487167274686,-0.09049709071143909,0.024741794938061543,0.03278464794088331,-0.05934741005876726,0.02983534700624705,0.01731134205120735,-0.040083817971106904,-0.024842535757729347,0.023947239943203306,0.05241235311524609,-0.0023474810584324956,0.04692334126479384,-0.03448254844413663,0.008144209944843606,0.030204105609537384,-0.07655658725432543,-0.004700137899285622,0.021944239763314912,-0.06450265578304694,0.01721130219047571,0.03070330371031903,0.01618673448101988,0.005746302977617999,0.004463970254835827,-0.0027267242669268238,0.012943498278540484,0.005211229623943073,-0.020930655368398488,0.011119480717099733,0.003886547716555164,-0.026519466887119536,0.009081845418111523,0.00023981651412003952
0.003572957056456888,-0.007278466827879203,0.0012597468449694125,0.000790117982974197,-0.005007608824533471,0.009922286257058212,-0.024671432390692173,-0.007460449448362909,0.006773473230338135,-0.01883644477088407,-0.01418096114621867,0.003284908536057144,0.020026183634440392,0.007469699581960309,0.03769298010263883,-0.08683444657234184,0.030499028648182703,0.03622835920873144,-0.05733407556900392,0.029552213983052023,0.011965209802585927,-0.03723298449022522,-0.019218674029009095,0.020343789270444015,0.050628306336995985,-0.004634635093250898,0.04622351676747989,-0.04169087057044746,0.005245494123023024,0.02519623991073587,-0.08009904806102762,-0.005758000161024333,0.020440849356765933,-0.06892168829510076,0.01359231379282006,0.0265994349754764,0.0173336944214236,0.007130186403943277,0.009828574131753046,-0.003131225041253926,0.008716004880990688,0.006313820659031017,-0.021777142938670575,0.012677506232979014,-5.617688384741447e-05,-0.030012153865427757,0.0165627210898597,0.003064506950225041
0.006929584978148241,-0.0012760447741401696,0.007968304326313425,-0.004287593279873341,-0.004732778234936901,0.017664717894354344,-0.02019484012616199,-0.003139928083562994,0.005583012479866504,-0.011358555411736629,-0.015912917072578626,-0.0020876575759234835,0.016740292792231992,-0.0008149028646117286,0.03236473379830855,-0.09095407513769095,0.03063807499662559,0.03685675632550377,-0.06121424801264297,0.033492294855556076,0.01752689330175922,-0.036754086290275115,-0.024428775832195628,0.019378100587801515,0.053445580187807575,-0.005234026838040015,0.055154113741728475,-0.03617510945165685,0.006797059191503303,0.02365936160669881,-0.07314636166267652,-0.0037274870812377017,0.024417166105039103,-0.06600134657459397,0.017264553658653866,0.02937127060904437,0.011772244198088692,0.004682195388844872,0.0028004148241654514,-0.002910704719876847,0.010114373442975505,0.005609377797196972,-0.024259807309535336,0.015461650814726325,-0.0026632062314990847,-0.031357617356579416,0.015635300419143273,-0.0030609400953478753
-0.00023446205682781343,-0.0025477582176318216,0.005580189318859317,0.0009824147452357557,-0.008465460367333606,0.009097092600353265,-0.025161544427401896,-0.009762826890561755,0.009603310663470295,-0.013697233346792487,-0.0159386384857853,0.002290203627328833,0.01639616158833614,0.003069824767911902,0.036477671517935795,-0.09315461087397235,0.030749843222542875,0.037690677832538405,-0.05723005997901406,0.027900026179092256,0.012853229874796836,-0.039138479855313574,-0.021130872059682997,0.02004645539492766,0.05369026929115604,-0.012288320829212473,0.05197257266049097,-0.03467319068077071,0.0015434853395997839,0.029783179151634427,-0.07924444052664967,-0.006136980488202911,0.023487676702217065,-0.07173674845248551,0.008243728019809536,0.034348827821956994,0.01299819089758884,0.008862491167436195,0.005950882674019956,-0.007640592558530372,0.004310291272504399,0.00269526643121678,-0.021555111371637223,0.010849628844566155,0.00810759413498488,-0.0263842745514522,0.012327207504407783,-0.002852107205189114
0.005434469737284558,-0.008918545163067249,0.0002249422220322808,-0.009244234947254772,-0.013311735050432979,0.011020620677975847,-0.012701526130776162,-0.00438032941771133,-0.0008060411652562105,-0.01146679306396043,-0.01067156870845616,0.009441384822138105,0.017386340208171442,0.005877426478008343,0.04506709241285493,-0.09049709071143909,0.024741794938061543,0.03278464794088331,-0.05687917783923756,0.026300774177837567,0.011500950760593558,-0.03797881939058886,-0.022802283569965474,0.020361011713445006,0.045366585233034926,-0.0066550204031923885,0.04354900918142052,-0.03785898208513475,0.004952816587833023,0.02971863134203518,-0.07873887450637682,-0.0034856991271758355,0.02678107324460101,-0.06688501067692984,0.013440155287114978,0.02446638743999693,0.015917856511444207,0.0058180959932669415,0.008641382359115057,-0.0065231807783153965,0.01295806989856046,0.006130680838138473,-0.01958483956121533,0.014322413449108165,-0.0037039097897824703,-0.031552040284851424,0.012295772777689376,0.0012327083768582448
0.0034316604431939087,-0.009507117612194929,0.004621298190174103,-0.0066743281163522475,-0.002905006685844774,0.020140009197615865,-0.01596118038019516,-0.0009968125538715783,0.005835162307359593,-0.009975659884910695,-0.02122204766398703,-0.000361139285879853,0.01781397723423574,-0.0024219292259265645,0.03921502079739917,-0.09069443047269046,0.03440067491266195,0.03749566569929938,-0.05433061773244366,0.02109814065309205,0.006586735448386309,-0.037368993636673835,-0.019301634896728925,0.02292718294077088,0.04691892082216135,0.0026675447416207843,0.04739667941662017,-0.03489828393531944,0.0031613927040364076,0.03091516529128605,-0.07723989240644302,-0.005836461578078029,0.018773469940810486,-0.06299100056897042,0.013169095293065888,0.021351682288486745,0.017775793049701286,0.004186783776764034,0.0037350663803424945,-0.00350367367703395,0.013040138167234436,0.00824614980842224,-0.020902330164678642,0.015679909743436707,-0.004479140911321755,-0.024866711559770164,0.018079823030658488,-0.0007582686926768928
0.005020642911006937,-0.0050611841465364425,0.010196789289959336,-0.010263118009447065,-0.006292564552080807,0.017450989112871632,-0.02142260128803577,-0.012890730076414995,0.00019804770223384754,-0.017488705874575242,-0.007118053324775154,0.005416763551422041,0.02193086949530816,0.012150978475678994,0.037989493122065725,-0.08980311962653893,0.02645376098534896,0.031023599868481893,-0.05745783056851929,0.029525541691148748,0.013085653185263727,-0.039070710992374365,-0.021089298213095756,0.018754339140817936,0.04882374051462361,0.00024042757652581735,0.046376228014020894,-0.03827207892884544,-2.8553849815240956e-05,0.03042751278436827,-0.07801751107056559,-0.0030604229226135053,0.021931754780250775,-0.05907302100385662,0.014998405727619506,0.028866165366206422,0.013038577486048244,0.004621600660570044,0.006689122191346984,-0.0073424729979469664,0.014486196129907265,0.009477336664809231,-0.022649423010990467,0.008971305420881526,-0.0067656978414344935,-0.028344454117361677,0.011940848354667298,0.003326492749697536
0.0013858509593244032,-0.008494950365892328,0.0101150417797827,0.006125200089675217,-0.005061513257050302,0.015136297741333396,-0.024432393761284133,-0.007331274377764639,0.005389004382557715,-0.019012496659206207,-0.00534516638250029,0.0045311986361313596,0.01213951848588494,-0.0003114755501542219,0.04146933282012951,-0.09261199451605012,0.03442893710415315,0.037294519706573194,-0.06141167102918589,0.02748497054928659,0.014088955952214205,-0.039070710992374365,-0.021089298213095756,0.018754339140817936,0.05038856090858869,0.0024157416756139336,0.04939555239123465,-0.03284126583530667,0.008089808493944868,0.030339911455253447,-0.07660862455828336,-0.0014986505154378283,0.020252616240435357,-0.06294592123116999,0.022792112214547803,0.031059734425195704,0.009913649813644333,0.007717518676167429,0.0071407748677770775,0.0009938316608625833,0.008890705280220968,0.011016371861636322,-0.02509775959025452,0.008519064678914582,-0.000577600040913789,-0.026924393846893036,0.016019616606604444,0.007564554971905312
0.005297674774720121,-0.005875786252015532,0.003526835654794336,-0.0012606274393375883,-0.004946983811517108,0.010188019466257758,-0.02212282584629474,-0.011235278192850494,0.004288925365847646,-0.007004412272474438,-0.010627078066846218,0.002081897858492787,0.018953090598387838,0.009080315236659208,0.030841624521034075,-0.09054243484219941,0.032434934014098665,0.0361360152109018,-0.06206985890321562,0.02472546015118534,0.011119478876932836,-0.035870267455649626,-0.020765136144261627,0.016779914803651284,0.055804175088523277,-0.00983797606136145,0.04919149089912333,-0.03357898304605859,0.0014246160542854636,0.03197549081495093,-0.07435680152813039,-0.007515766940553678,0.017951678811264016,-0.0652062650308511,0.013354201932213011,0.02464161192336327,0.011825598528915985,0.0018507495264947298,0.00293634958533872,-0.006612225567462393,0.01034656981981936,0.013141123807351248,-0.020524491742037673,0.0139180798303128,0.0026306532335440367,-0.030130892959488422,0.016374025429786644,0.00547189571094502
0.0035285655057247863,-0.005677656494163753,0.0023577765305503573,-0.008363706459378242,-0.008043297402694936,0.018580578911476676,-0.023742277914907243,-0.011032073090354932,0.001358846984952015,-0.017560099354360523,-0.014193036267603326,0.005787837012685086,0.018537490719996424,0.005935642457596308,0.03412056545285045,-0.09270025092954638,0.024852200838018385,0.03361022903273395,-0.05848150675915755,0.0300223509094112,0.009468915712674603,-0.038925743030424925,-0.026511240248784432,0.024259415025502357,0.05019764967533851,-0.007246469275560483,0.050572950737447414,-0.03908734653308349,0.009989916536329762,0.028875961118357173,-0.07485867439764708,-0.002968536103756933,0.018324025792606134,-0.06171170326556268,0.015038358334379364,0.023896228465575802,0.017747234384607218,0.0013700296917185442,0.004952878991342764,-0.006178407505962755,0.0131440919275997,0.011740100334290017,-0.02107707599475187,0.0195431451022617,-0.0010793318651943888,-0.03382987523781621,0.012918999858841498,0.013683443657049288
0.0013366034721327318,-0.010409849575380261,0.011239705038159034,-0.003812651685339101,-0.0030933684085947847,0.013869170516004866,-0.018569008425645024,-0.0033472964138971163,0.00850999922456271,-0.009196740672372115,-0.017660573867569824,-0.005352233127521525,0.010803812617132516,0.000762149969381523,0.03699042521370458,-0.08818911696697425,0.030357608963547805,0.03394356360807777,-0.05872894657728539,0.029968893580262054,0.01171008184399901,-0.040772775387929734,-0.021313488968863932,0.021678241950374023,0.054396249103059395,0.004842175245685457,0.04589519035021834,-0.03249088451785053,0.0017998960318197684,0.021563671215154352,-0.07841221940233312,-0.004026499362607334,0.01681992401806935,-0.0671346184318917,0.011829814603398742,0.037280580033211656,0.013356142429370384,0.0017171430157891204,0.002657769789699981,-0.006051452813958924,0.011931631634501555,0.018047876188253056,-0.015337120810193927,0.01039540728617818,-0.0034885211151448473,-0.03181507027316082,0.017937899798329663,0.005891049165783749
0.0033452008720170285,-0.004548281443076127,0.006801522988968646,-0.003949243236429524,-0.006499964339980891,0.015452402385409698,-0.02015985852582227,0.000946343431382625,0.00545997699928637,-0.01564636113285126,-0.014182768868817116,0.004166812808472282,0.016289314131525897,0.0051445843494871005,0.0379410517388824,-0.09449033686119922,0.026759880516017735,0.03371914995975112,-0.05920802878674293,0.03153865126878859,0.014184855507897233,-0.03804646274291541,-0.022843978425640805,0.021653347863085884,0.04639416120138113,-0.007150832662130961,0.052069786776540554,-0.034533709749222,0.006742557491058565,0.023795972125884857,-0.07614930829978547,-0.0028442406753509146,0.01818760744662718,-0.06714301800410769,0.017251928727913604,0.025731368073530738,0.008588284752697897,0.012017044103228658,0.0025624135748734513,-0.0027138991904100663,0.006043016726980822,0.011312515123102874,-0.025979647627105713,0.014016872507790186,-0.0021840667207038075,-0.028484788065785444,0.013234048210131393,0.0059950551947739765
0.003292376842750348,-0.009977908881760346,0.00796419334404656,0.000670364583843717,-0.010129720936706025,0.011691528204538865,-0.024206432621430258,-0.009246347298917127,0.004066083704788649,-0.012139131464761648,-0.008869712057932687,0.0030703738666595557,0.02261995806615962,0.004373638089486423,0.029753244600821894,-0.08831809240819558,0.0284768932412999,0.0336279608376015,-0.05818175072997987,0.031043479220539332,0.017799647207822164,-0.03886862548251931,-0.01939970743613223,0.0219732120628332,0.05184259671986263,0.004536028815887712,0.053576052994155667,-0.03266744863737019,0.005069448648968764,0.02279984358309206,-0.07712374754159104,-0.00415074081668449,0.016956526232906687,-0.06314291767605515,0.015302414132580646,0.03313018565633981,0.01061924877781064,-0.0009184681049587861,-0.0008334734254638136,-0.0047516500662561,0.014849392752953916,0.020228321844473762,-0.023139541736661537,0.01270136671604924,-0.0012598718808774286,-0.026584121620822215,0.013526993002230283,0.0010221275303136663
0.005301844605456704,-0.0006034940468785337,0.00346472031157056,-0.008247868515005004,-0.0012044685993745723,0.01660715924578921,-0.02139014439209176,-0.008804742011417762,7.1584390081379e-05,-0.00930457706561887,-0.012361414134178473,-0.004569489837024839,0.0207865774145317,0.006728024905428898,0.03029815996766035,-0.09076979139456282,0.0319563905998397,0.029690594884563687,-0.06097810774346304,0.03187195987932348,0.017291189534362494,-0.035052298628871006,-0.02264209692771195,0.0235508795127306,0.04492047023667875,-0.0021150790356215697,0.0487370560133073,-0.03854158552649865,0.010055080227597133,0.02682045207415386,-0.07391408929441307,-0.009748893865063073,0.024755294033830956,-0.06714301800410769,0.017251928727913604,0.025731368073530738,0.01721344222748151,0.008574842502070832,0.011309669844240798,-0.010178798057729645,0.00867602540804772,0.006104602366061279,-0.02083751102495314,0.013783299094777754,0.004741487249047838,-0.030109604105236627,0.014892643092396022,0.005209976916029923
0.006695720993259821,-0.005573590462898769,0.013592859692676184,0.005071183496916755,-0.006870443787985721,0.008373693118052536,-0.028850384298510834,-0.0014263854971661198,0.006275782666592769,-0.02312551781808076,-0.012448534170624359,0.009514803547163317,0.01681108411226604,0.006211093411851808,0.03319823055744803,-0.08995579282583148,0.02841927884975929,0.03238009332887421,-0.05778929159408976,0.03280415993991255,0.012431197616639198,-0.03763991416658627,-0.021031313860436586,0.02099808089918012,0.046492948824945896,-0.0023285851089188407,0.05146892658664086,-0.037633214785674204,0.0033350540583117535,0.028585100922050972,-0.07663394890261517,0.00010251720314307217,0.019407229233669228,-0.06656716501728371,0.01526348995201284,0.022212860611514382,0.009980620972139592,0.007699718485321521,0.00609627965577517,-0.003944197930151186,0.010243305385904896,0.009653443222111448,-0.022069953559686117,0.008612022726771161,-0.00028150615174087437,-0.027988050603543632,0.012505034234729978,-0.003898866437591743
-9.926769764547642e-05,-0.003835733451126328,0.00224285286810249,-0.003812651685339101,-0.0030933684085947847,0.013869170516004866,-0.015251856595660803,-0.005620767289241957,-0.010759550813449535,-0.015115011480708882,-0.00885969788145948,0.0008033317400671706,0.018620628440306347,0.0015161518633302633,0.03237751807162617,-0.0942284738593606,0.030523860253314508,0.03436484636332103,-0.05872894657728539,0.029968893580262054,0.01171008184399901,-0.040083817971106904,-0.024842535757729347,0.023947239943203306,0.048295809486330776,-0.007198618206292257,0.051321558543589794,-0.040867709641625206,0.005094139249615279,0.028416313340882682,-0.07280518449332382,-0.005869689047264562,0.015299893290969521,-0.06662615061751936,0.009628613463287071,0.02320138598736175,0.009980620972139592,0.007699718485321521,0.00609627965577517,-0.006087900166002926,0.015756682204810718,0.004728594786414468,-0.025823510941485335,0.014084438052264479,-0.003239930892383864,-0.030274914311847857,0.022206548768829125,0.0077270055734926305
0.006929584978148241,-0.0012760447741401696,0.007968304326313425,-0.004762777637284447,-0.006371513651157001,0.021459851970126145,-0.021581466751583768,-0.002803100763310388,0.001270202521600949,-0.007604622404638399,-0.012358046279648783,-0.004816207304738753,0.015037452402737241,0.0018038576795513966,0.03172036724778782,-0.08755207667338763,0.03263232665321924,0.03966179800474078,-0.06151868783303275,0.030802148485998965,0.011198970296987083,-0.03757314026690117,-0.019425923840051332,0.026801168741193992,0.04825998302500257,0.007114299570207364,0.05301391740942323,-0.03721952881733246,0.008317858967655196,0.02787690849436824,-0.07677896558663654,1.7265409529544945e-05,0.02037739442245431,-0.06588188641948126,0.011597682274478237,0.02920343010782229,0.012829512113517003,0.003268897700252295,0.010414068923927775,0.0011554048146140247,0.013146840175033526,0.01091141594667277,-0.02730877872410336,0.01010066692527278,-0.005727391635054866,-0.02854425206798871,0.013139965836908279,0.007198599440229805
0.0014293188127357836,-0.010095978499051347,0.009012662705454698,-0.007690293915844217,-0.01157824513518165,0.014162101757692181,-0.02558938400673052,-0.008912781290057218,-0.00024861669516112924,-0.017738166897252782,-0.015910722853314546,-0.0038407906247924788,0.013417690435511486,6.147073993079246e-06,0.02933497924649449,-0.08583361033546184,0.028281323780334378,0.031757615446286455,-0.05830574879182013,0.03101656691166038,0.018919695391719435,-0.03886751073200025,-0.020964454786728176,0.01487710661443501,0.046607416798524114,-0.004655617038553916,0.05003184085006975,-0.04109419836400129,0.006711659050237787,0.029551410316513708,-0.0781618334735574,-0.003145501361863247,0.022901761144951998,-0.06623981711401745,0.011663989811561238,0.03151184407939304,0.014696301992943549,0.0030452076238998873,0.0049116554508163435,-0.007857297937323805,0.005994813340204075,0.010639801601076774,-0.021842331240528503,0.015275527135142969,0.0018555929844483207,-0.03016899686443494,0.014798430791177675,0.006413533210562939
0.005297674774720121,-0.005875786252015532,0.003526835654794336,-0.003975294202364555,-0.0030678527350194527,0.015070924120960632,-0.031203413470704145,-0.003653698199943628,0.00756043409630042,-0.01514985833722453,-0.017700732404740842,0.0009112956062057839,0.018359550186989735,0.000983633817338284,0.034749643434376136,-0.08422323868479627,0.032182996235498106,0.03466613522343522,-0.05954315743475914,0.025495691961278336,0.011872818439570467,-0.036965120847270945,-0.015923352890628545,0.029364824655861203,0.04893931299207024,-0.002089567617841234,0.04493496407921978,-0.03731354326832319,0.00501732728214697,0.027663881823271577,-0.07495636964019632,-0.006254930442935758,0.0209863813280515,-0.06474023223660588,0.011611329465694016,0.03284005648663991,0.012645094518202808,0.006136403467036848,0.012359645295303458,-0.00254026510041547,0.005790373491105379,0.0036804010470712105,-0.02287175047825476,0.011502920956959706,-0.003799271659680885,-0.028187653687772502,0.013704640366830199,-2.4423971618070593e-05
-0.00037665920159611507,-0.004779565628399059,0.008928297395215447,-0.0012606274393375883,-0.004946983811517108,0.010188019466257758,-0.013869220698988216,-0.005955899309471127,-0.00644236230062246,-0.008029995742926451,-0.012373489114665952,-0.002063630770214966,0.018015271797737265,0.0048688773694570186,0.03886319744842172,-0.08680292963522053,0.03378226465776534,0.030414113016536248,-0.05795277281581635,0.029418907808597287,0.017566480932487676,-0.038735532111827876,-0.017750674722362195,0.02648129367013745,0.048168509394248486,-0.00010067433299231142,0.05332375356573613,-0.04004481519960244,0.004942858369728506,0.03163559257454226,-0.0745468958526868,-0.0043993675057885885,0.017229211247506645,-0.0663982225637474,0.019219539846346376,0.03173435268432378,0.01735857218329852,0.0028870301283400453,0.010607273532215869,-0.011258029305303074,0.010237170759092057,0.01046317503425509,-0.020164135354914334,0.015384669600431267,0.0009477767747251571,-0.03357559693744873,0.016350314541009277,0.008191855018796922
0.0017129642737446114,-0.005636645529286328,0.0023038982146344165,-0.00332460025878995,-0.0031698927057729896,0.01026318514106149,-0.015138650635621321,-0.012722549301614353,0.0006808002650048678,-0.010756408091322084,-0.01412370168741223,-0.005958718511206065,0.014693502542006118,0.005686550061933001,0.035832759924803184,-0.08507000772573671,0.03243587216200886,0.03778518967860426,-0.05559172945596162,0.027533897045565015,0.01086829713064441,-0.03220621482692632,-0.025633454570994085,0.013807249038000674,0.053664616982172085,-0.005121333561372707,0.05283842439545637,-0.04031738561911901,0.0049106180480369774,0.032662668473317065,-0.07741210906558678,-0.004320848585498127,0.018897242120216595,-0.0680185527095702,0.008005828301281522,0.0323849957025751,0.01596053270285916,0.0029842840016327337,0.00880358040121821,0.0027711101616447772,0.01009458773631892,0.004241330213804421,-0.01905491003037849,0.01192900198346141,-0.008784835445994406,-0.036703528187710305,0.01531695948327098,0.00463188696398993
0.005345463385899548,-0.003961461582012668,0.002390105843519939,-1.0862719521978294e-05,-0.006595383709970722,0.016121824627288096,-0.02231590289175993,-0.005234728506597983,0.005486570928177002,-0.01036788508952256,-0.012399739494932536,0.002309451927870748,0.0165265794467559,0.003336140181991725,0.03529192708632203,-0.08875328781625022,0.030526353945107547,0.036022822973504946,-0.060804588083788594,0.02594481196633898,0.010493756177809814,-0.0353250310470957,-0.017309385943848895,0.020646389244408443,0.05601400912930036,-0.00733424374868586,0.04716631817514551,-0.03653835442803329,0.003216092296692108,0.030777392530063345,-0.07044942423314288,-0.0006894376736728421,0.022029502455238482,-0.06047420215638787,0.018796246426928075,0.026504261280445213,0.013047267931446177,0.006028938474545939,0.006095014155398863,-0.0027978007383372473,0.005822641901514913,0.004690823728623212,-0.02160247457756459,0.008814752092804752,-0.0034492533086537074,-0.031692019451267484,0.013588638758179662,0.003901586768553458
-0.0002699390453724724,0.002576093052671017,0.006679888102784912,-0.003108708911187823,-0.010060643394180138,0.009824430150536622,-0.017909463121823514,-0.009084135372870056,0.004545693471212463,-0.015079593470023635,-0.010626723312348423,0.0005489724145563172,0.01309731035663319,0.006228242779746458,0.03372370799676707,-0.09102965672158304,0.028192717649374296,0.029052273091205748,-0.05872894657728539,0.029968893580262054,0.01171008184399901,-0.0348491708834284,-0.0225167772133463,0.019673364928986192,0.04682051130947299,-0.0021589132619418117,0.047994607091250155,-0.03170056394373333,0.009870555907477901,0.02633400806341519,-0.07555730403006292,-0.00499433247634509,0.02402055178862808,-0.06460143541846412,0.013466746703395144,0.031742670469464856,0.008764891073562164,0.0021174659202599713,0.003492980969556452,-0.009192770839892069,0.00997913243807383,0.002374161729958861,-0.024033819078149592,0.012927904426827836,-0.005631831943606678,-0.0286845866673248,0.014432829688756149,0.009866676862117068
0.008742673401621794,-0.0013195594538872458,0.008008887681314946,-0.00140971214440193,-0.006637536874570047,0.011579975412969682,-0.03239388987811198,-0.002252049791532354,0.01442247187251605,-0.014335031059944136,-0.01590451707151104,-0.004340263153111339,0.020133046178668568,0.005393131698130621,0.0362281175379644,-0.08637255823964679,0.024605564419761868,0.03217205565333112,-0.05839011043736753,0.026695631695866237,0.01236400331517256,-0.037233315957375133,-0.020781391860361775,0.013243109711592505,0.048720744286325314,-0.002202813013368983,0.047251778596001395,-0.03416183489814927,0.009827186275374697,0.02928236622382581,-0.07798853381860087,-0.004660924933101743,0.022777817863849345,-0.06850301802611729,0.01916208001797156,0.023299402634660255,0.017641310175058215,0.004222894253784239,0.005823653646988115,-0.0032447067690797595,0.013007926111092727,0.007234581722343928,-0.024033819078149592,0.012927904426827836,-0.005631831943606678,-0.030109604105236627,0.014892643092396022,0.005209976916029923
0.0033958329347312218,-0.000874511609769807,0.005656019538586614,-0.007376710829513579,-0.009914051412990423,0.01156388532457989,-0.0235127206442465,-0.005880551510747173,0.012407973114694179,-0.009481386615857358,-0.014135584702780268,-0.0034542136604255023,0.017968016981075,0.0001853353833100032,0.038307015453571555,-0.08969673740904623,0.03218184059095104,0.03301568613735754,-0.058497916534893994,0.028345291895509564,0.011476683576971704,-0.03634626708111783,-0.02261779005029147,0.018724809805009013,0.05418620223298749,0.002334977586289688,0.047919404286015446,-0.03180000576935098,0.006817587252973776,0.019820137158899846,-0.07781530315301524,-0.006176230921274466,0.02265416795377755,-0.06860338232969342,0.015415627899170246,0.024344727033966278,0.014516179532410535,0.0059146133258773746,0.006846171811862933,-0.000310018525319871,0.012871752428846943,0.002727478380535581,-0.02032086758053259,0.01531731589067209,0.0020033573580832556,-0.028073632311134165,0.018434533142772956,-0.002851031820933815
0.009021701802192863,-0.0073992605879362305,0.0014333432433324847,-0.0035975800807648874,-0.009983151844282523,0.013431369357671386,-0.024722096716096462,-0.01563557293653633,0.007022006398223616,-0.01564636113285126,-0.014182768868817116,0.004166812808472282,0.0204774734997371,0.0015053230524885962,0.03211218565508236,-0.09102965672158304,0.028192717649374296,0.029052273091205748,-0.05780970989400041,0.031124249318213157,0.014438935186038008,-0.039206266439660034,-0.021172425591835922,0.021338424355028425,0.04818042344459762,-0.004870362589031176,0.05276074187798636,-0.035898288625715445,0.006580716158029457,0.028934451602400046,-0.0775036761380216,-0.00040881957100852035,0.025227150327645925,-0.06680515717891035,0.009661819847606315,0.024356428046657264,0.010181599352689715,0.00764630148993598,0.002962298149972721,-0.0045509068787011435,0.007006572290624287,-0.0021878215371290612,-0.02115043125252261,0.013648516927941085,0.006851977768415786,-0.031530635261741255,0.010814835658644469,0.0009718757854208787
-0.00017414504789923098,0.0046524244960788825,0.00444539367987797,0.0022328034370887773,-0.010112578487302569,0.01502963338824429,-0.018569008425645024,-0.0033472964138971163,0.00850999922456271,-0.014867044812556983,-0.010619083129984774,-0.0008258168899661016,0.0161353595411207,0.002537385393736131,0.038848833971191536,-0.08902640689753574,0.037742518542955114,0.03293037525155666,-0.06212854693928364,0.03234027774712269,0.01479616588710499,-0.03900295985084241,-0.021047704052074206,0.017462075592699258,0.05006767039329267,-0.00014293503189472833,0.05258359961038233,-0.03799573494670592,0.010120269434593548,0.024764616738012363,-0.07402316604676257,-0.0017471756492663671,0.020525616511759742,-0.06352782525782238,0.013268283656004019,0.024816527345535126,0.01567385882890014,0.008706364976790223,0.011612692436246947,-0.0027512731482809507,0.007473103693119934,0.011618146987207313,-0.018993741644736085,0.01003547111406879,0.00044048264115022115,-0.03179799091912627,0.020995736934800856,0.005213506502448695
0.005301844605456704,-0.0006034940468785337,0.00346472031157056,0.003019476164278353,-0.006809925792786848,0.008641074989061892,-0.02307759528167653,-0.011751527997158074,0.009825904848582166,-0.013164345998358862,-0.02122222617195612,-0.001225582123983451,0.022596003885333532,0.002027761888512631,0.02947347570696643,-0.08897997599351343,0.03004731092676239,0.029578032489912105,-0.05262201980567969,0.02769990425811205,0.020824048237977757,-0.036754086290275115,-0.024428775832195628,0.019378100587801515,0.0533360722287733,-0.005290354654430925,0.0563118083226998,-0.037134953485178555,0.00174924365336635,0.026424687694587067,-0.08074212762482467,-0.0028972995934247025,0.02262799925116035,-0.06896085872299808,0.015481667075484451,0.02665286344551176,0.008234484489553589,0.003667403847142209,0.011262935469679726,-0.005497496064671703,0.007355752382706797,0.008479634152457815,-0.02083751102495314,0.013783299094777754,0.004741487249047838,-0.03468492021289349,0.0158003513606434,-0.0027473390607786917
-0.0005042131976929388,2.8007342951392133e-05,0.012256387920205183,-0.0033379528536817255,-0.0014532841721306526,0.010073209835077722,-0.01875161685766087,0.002649895147433609,0.009709264953021919,-0.011253181221792042,-0.010605591273317335,-0.0026880008260662634,0.018442829373565787,-0.003435391839340852,0.03300785082159122,-0.09080193451218432,0.028672563834806337,0.03549843185475607,-0.05894267781460151,0.033271004530676704,0.009936698053922513,-0.039138479855313574,-0.021130872059682997,0.02004645539492766,0.05176349794468085,-0.005075124110589558,0.05358483844753415,-0.03831541945781968,0.008437161258486961,0.02568524435362126,-0.07646386137587247,-0.0014134754729260958,0.019282420484316696,-0.06479018338837063,0.01892361276223382,0.02135035568996715,0.013163950166672662,0.0031784539601633728,0.005195169469490492,-0.00305532014751084,0.005854909071834838,0.00570117443476047,-0.024544279795171983,0.012093732773564467,0.008238841596381346,-0.030190281069819087,0.016279695628808443,0.006675414297393718
0.00860289982414163,-0.005301224116344217,0.011414235388024226,-0.0036499885224015147,-0.003118880294912151,0.012667296151036421,-0.025137277222693002,-0.005674379538692278,0.009481015561600468,-0.011819691548950342,-0.014161653915990844,0.0009220509505356376,0.02010925529255546,0.0030496288732064962,0.0359491130307407,-0.09187576902029687,0.028446062859360584,0.032171354550368327,-0.05723005997901406,0.027900026179092256,0.012853229874796836,-0.03082443847498745,-0.017019547149771927,0.023511995153628305,0.05019070142683361,-0.0048600504334004105,0.05085689208410474,-0.03900092498668061,0.0034218753737589743,0.027419776187550714,-0.07987717278692327,-0.0023864756262480576,0.016806962436270223,-0.06512561220328718,0.009576131751514252,0.024528689497823466,0.011765407110925538,0.003275370045401324,0.0033904516687604325,-0.0014980662476888765,0.008742046964968867,0.006870992990834928,-0.02477167899922542,0.013924641510501691,7.567609130054976e-05,-0.023301770765017552,0.016324731743704104,0.0012295451832733245
-0.00037665920159611507,-0.004779565628399059,0.008928297395215447,-0.005849655500195578,-0.0047489333398542,0.01432463019373996,-0.026305635973780352,-0.009300401279465725,0.003905805837321308,-0.015256681068071551,-0.012401161521816039,0.00166995039106117,0.015874602386737345,0.0020052012915388598,0.04121956121115155,-0.08683444657234184,0.030499028648182703,0.03622835920873144,-0.06091052995116641,0.02926258956230327,0.007601821852524442,-0.037572103494866275,-0.020989710979843226,0.01970595393627125,0.05019070142683361,-0.0048600504334004105,0.05085689208410474,-0.035269795137119066,7.624408843740689e-05,0.025431047861991733,-0.07790139983033373,-0.0013744598389984505,0.020115856397235808,-0.06334888514735552,0.01323521767126483,0.023661710363191854,0.010171196310457946,0.004832647004383617,0.004132835104553371,-0.006097521313557051,0.0072002058389728976,0.003877888256500537,-0.02438922312171574,0.011458406108720785,-0.003947366816927765,-0.023220712426296156,0.014936217327184467,-0.0002366985657003908
0.0034378951157817616,-0.004233928915610138,0.00457162777391652,-0.00789969726086975,-0.004688276832009186,0.0145893744490409,-0.02026509175002666,-0.011309278954477373,0.0058339541053458515,-0.019652757415180595,-0.01592104908274459,-0.0022158060759350775,0.012790165834219384,0.0010167853833457326,0.03554184607429583,-0.08642382805263837,0.03229505083492154,0.035502783789574645,-0.0596424634623956,0.028817136386595974,0.008979211382594394,-0.038115427268619585,-0.024447530426492094,0.01584539054020733,0.050081317596206314,-0.004916372898533215,0.05201498575965308,-0.0367680148783037,0.005081863492189958,0.02560880601256978,-0.07995540835355569,-0.005673022134949467,0.019470651087574883,-0.06503899649507547,0.017310174596261444,0.03416366188173451,0.012863774787447114,0.00889797615971702,0.008040322166944286,-0.00691325685467903,0.008728327854489168,0.00722045209780667,-0.0216208345875889,0.012744975397989067,-0.001111939274382233,-0.029834138040838454,0.016845854725260907,-0.000547455160411385
0.0033915461947230576,-0.004391113669999835,0.005686635923123779,0.0028561476740176003,-0.00678426793073919,0.0098437557791357,-0.0232876617144236,-0.007794731330656018,0.011085514262274209,-0.01089725158030525,-0.01766421504783715,-0.005099291315090105,0.020917317331328393,0.006995195000872427,0.029111842043627732,-0.08360334314603338,0.02432644827236226,0.029269277021125913,-0.05858803899057891,0.031673619067928496,0.00858178816064256,-0.040016348304140054,-0.024800818589846778,0.02265499990364749,0.04872701487980335,-0.004588795011416985,0.04696952591741,-0.03435623413974215,0.0034733445471590353,0.022557813232357907,-0.07381495509868354,-0.006464174531049403,0.022092488163274034,-0.06217317862171712,0.028297461225498418,0.02547652654521716,0.010295181410313244,0.0019841904946516797,0.003214753311957546,-0.009881566619291418,0.010295171060527129,0.012029934191119125,-0.023921246661547706,0.011661182317300307,-0.007115800090487943,-0.03353744103303154,0.01792555819537011,0.007250917787360256
0.0036716644519314543,-0.0016891048103131474,-0.0010219252544810388,-0.00618706346718991,-0.002981593556803819,0.01653618077590444,-0.02209187024627887,-0.007149025769171401,0.004163795722031523,-0.013448814552674711,-0.01769744203315452,0.0006597724321025863,0.02306127732787739,0.0037737798845489047,0.042811538372016796,-0.08445149241580825,0.024579688911762276,0.03238482747170362,-0.05497397488006094,0.027665790378111916,0.0052645661924029825,-0.04205065351258224,-0.026802434061807965,0.024954458927993618,0.052310814403401275,-0.004793341557257404,0.04779411703819562,-0.0356254176370207,0.006613071666770758,0.027906918853066103,-0.08145623440606352,-0.0024327079035209014,0.018610476534479788,-0.06464150542920308,0.015355440306252797,0.03179965415081081,0.01447072965655377,0.00874896377365565,0.006692766923615199,-0.0032539163855506647,0.009927458050141632,-3.149081041889359e-06,-0.024529783684476145,0.01666122500387386,-0.00012286630176942088,-0.028268457822710397,0.015092312935242443,0.0014413107289304814
0.005247120235461289,-0.011302557084387958,0.004707437338674437,-0.0031485090862235156,-0.004911932297612896,0.00925125226748576,-0.023540721722936975,-0.009966800625293842,0.012531247199224124,-0.012421300044591356,-0.015893705396798567,-0.005967156486920455,0.020026183634440392,0.007469699581960309,0.03769298010263883,-0.08721380159660896,0.031985461296579545,0.031139315125754873,-0.05794146445213906,0.02177602089828462,0.013907286903939532,-0.039070710992374365,-0.021089298213095756,0.018754339140817936,0.0508471505446691,-0.004521852135405166,0.04390622874050857,-0.04173128445049566,0.0033478780162286737,0.03139027349113823,-0.07620915896330537,-0.0005329565134106236,0.025363923244362353,-0.068455472926384,0.011849338587909836,0.03479874863249495,0.011564900354183472,0.0033296130024046845,0.006522411326887689,-0.0018405382528465463,0.008554764376672195,0.0012587686634856902,-0.023989490771987195,0.0149638846942693,0.00592907247711645,-0.03331730254722981,0.01524656287921348,0.0031160500784673966
0.0014842367978751506,-0.004663845605741386,0.007865437513793884,-0.007586796213211212,-0.0030229157556647527,0.011993255653882491,-0.01361267680807566,-0.0008174778187344627,0.004606785994413574,-0.012882365355731744,-0.014142171683514487,-0.0029577317911731247,0.022203595249395844,0.0012279306919192273,0.03303252240719801,-0.09064960637010039,0.02670713714861832,0.034141062393215904,-0.06128057500945481,0.029182909774867455,0.010963466730912768,-0.04450635672400257,-0.025108151805004215,0.019811892107641504,0.05241235311524609,-0.0023474810584324956,0.04692334126479384,-0.039499607180663386,0.005007358149908342,0.029581196058038987,-0.07612389329049989,-0.004445108075867108,0.019033683098704204,-0.06428379089132852,0.015289404064545794,0.029491909924687122,0.010181599352689715,0.00764630148993598,0.002962298149972721,-0.008288146024779725,0.00866993344475475,0.0056517885478422885,-0.022069953559686117,0.008612022726771161,-0.00028150615174087437,-0.021715535680329176,0.013086995887349882,0.0029560076557096733
0.0016401209450612997,0.006366645505016953,0.004462625477547754,-0.0034873047135517976,-0.0031443883939715534,0.011465301026055296,-0.02278004973570237,-0.003449463665513473,0.00819429340579409,-0.013378830363314467,-0.010623923541980428,0.00030593450862604455,0.014847375275186033,0.00829395875380628,0.034924790244002954,-0.09528364614648627,0.026448118678471265,0.029349613820993454,-0.05978876547005346,0.02544377760038101,0.014112946573946607,-0.04238614634046942,-0.02857645216764396,0.024325426959566535,0.055337519917142045,-0.002889276065121806,0.05469920299466875,-0.03340223330551742,-0.001843162996536217,0.03074070856710746,-0.07416812977938722,-0.001832309201918024,0.021495752833971333,-0.07463735357657134,0.012093586782737739,0.030636744757978344,0.011250196370432824,0.007639516804341798,0.009976204472075085,-0.004375728675360981,0.010526699895849189,0.01829292915279674,-0.0221102173493693,0.016473591139989842,0.004395055263032934,-0.0299101469220375,0.013693796654563925,0.0013369796304952355
0.0013829593432579201,-0.010252922527872506,0.010126244413488061,-0.0016141666418200613,-0.0014632481824194208,0.01221414296659033,-0.02091423806720234,-0.003527580581672406,0.009736640833476515,-0.007604622404638399,-0.012358046279648783,-0.004816207304738753,0.015767723722114126,0.0040790963750363925,0.04268213206713383,-0.09062669786845419,0.022861059778192264,0.03246767915678212,-0.0558387768607868,0.027481178412089392,0.01310912745749991,-0.042809627117118186,-0.023313253753383105,0.02397211492478706,0.04839294341844785,-0.0023725869969468878,0.05072624991035019,-0.0363967713788864,0.008166137150295735,0.03109563304489221,-0.07143783024534829,-0.00199589249102795,0.020797924229651175,-0.06184969135784374,0.013182400458488,0.024991133706512493,0.013932735555669122,0.008890943944448502,0.015048210441010517,-0.010989957257592633,0.007120482917378629,0.0021977584840245736,-0.02438922312171574,0.011458406108720785,-0.003947366816927765,-0.03137418240286517,0.012577886199958008,-0.0023797423780215665
0.0018493324329451333,-0.006923954752284845,-0.001028186322594202,-0.003812651685339101,-0.0030933684085947847,0.013869170516004866,-0.016245522712874515,-0.005207680797867612,0.007346319666204407,-0.014547654001755122,-0.015912003516550078,-0.002963950889667204,0.014279162124685402,0.0025477135366785827,0.03911213380893207,-0.09355420533478627,0.036086580848593654,0.03429484539972896,-0.05837448245107541,0.028371750136324567,0.010356225493446955,-0.04310255960988834,-0.017958059195425036,0.02102842649470312,0.04830193539668727,-0.009582785339463315,0.05104078609674406,-0.03813166790358759,0.0049205708090744385,0.03074588374194016,-0.07294951201069098,-0.005954650342454025,0.016270477994759787,-0.06400639548674143,0.019001659058712518,0.027300136171130657,0.008631693695551997,0.002153743281006539,0.005580505006054109,-0.00015704918937603862,0.010230102939105583,0.008741844623076093,-0.025325448093991516,0.010349228488555826,-0.008747783567623431,-0.029651407439285026,0.012588594208776548,-0.0037413440564232074
0.0018493324329451333,-0.006923954752284845,-0.001028186322594202,-0.003812651685339101,-0.0030933684085947847,0.013869170516004866,-0.016245522712874515,-0.005207680797867612,0.007346319666204407,-0.014547654001755122,-0.015912003516550078,-0.002963950889667204,0.014279162124685402,0.0025477135366785827,0.03911213380893207,-0.09355420533478627,0.036086580848593654,0.03429484539972896,-0.05837448245107541,0.028371750136324567,0.010356225493446955,-0.04310255960988834,-0.017958059195425036,0.02102842649470312,0.04830193539668727,-0.009582785339463315,0.05104078609674406,-0.03813166790358759,0.0049205708090744385,0.03074588374194016,-0.07294951201069098,-0.005954650342454025,0.016270477994759787,-0.06400639548674143,0.019001659058712518,0.027300136171130657,0.008631693695551997,0.002153743281006539,0.005580505006054109,-0.00015704918937603862,0.010230102939105583,0.008741844623076093,-0.025325448093991516,0.010349228488555826,-0.008747783567623431,-0.029651407439285026,0.012588594208776548,-0.0037413440564232074
0.005110475921758871,-0.008260510445694586,0.008008016997594038,-0.00789969726086975,-0.004688276832009186,0.0145893744490409,-0.02046926972014233,-0.007354284945050836,0.007092190588676463,-0.011819691548950342,-0.014161653915990844,0.0009220509505356376,0.017048363112515164,0.004402040018257267,0.030547861326627575,-0.09144174415410553,0.026395580163243997,0.029773010890186826,-0.05526760124499238,0.024251985261561713,0.01152747022633162,-0.042276257083326864,-0.019843815043790392,0.027810652056652375,0.04838689193264559,1.2976111666414702e-05,0.051008311960936976,-0.033306247326522105,0.001456625005888067,0.03094848761914486,-0.07517100407728448,-0.0015377290216944536,0.019419001238153752,-0.06817616382528381,0.015560666639155667,0.032598689130327076,0.011564900354183472,0.0033296130024046845,0.006522411326887689,-0.0032361326163609593,0.003026248751274487,0.006099246786753895,-0.022358264969878302,0.013038928604651534,-0.006539940514987667,-0.029736793740487936,0.018517054793715508,-0.0026934264361570693
0.012461851074885295,-0.0010927305042341563,0.005855402048558041,-0.0015452727454911082,-0.010043525448505692,0.013162767353444642,-0.024671432390692173,-0.007460449448362909,0.006773473230338135,-0.010864386692937782,-0.008882324929041492,0.005578033824522144,0.018252674267612866,0.0030597353049881307,0.03621367773838515,-0.08721380159660896,0.031985461296579545,0.031139315125754873,-0.05620928965495127,0.02740214192567219,0.016469663610167728,-0.03586958436217859,-0.019203592385400845,0.023880796669813107,0.04535227343212662,0.0004948599316483629,0.04438119451356214,-0.03604029721890534,0.0016303394321845318,0.028617675650868837,-0.07371283111987906,-0.0031779594590333506,0.0194305805616032,-0.06939595684948181,0.019326531472510206,0.029067191896034437,0.014403442532655648,0.008766720874999318,0.007737486620671037,-0.005672711826983768,0.004526296846204516,0.008872046689712783,-0.019149933697475252,0.009968018278891528,0.0014961880742038506,-0.028111668121362197,0.01685747581961701,-0.0019091941176005878
0.008789027104872903,-0.0029181008710593742,0.006921952425484447,-0.0026196519284015824,-0.010138100858756067,0.006216404103287754,-0.022300727384148455,-0.003190981872940638,0.005425107809827055,-0.01415815039948978,-0.014130172853398203,-0.005461997934094495,0.018774906874891147,0.004125891167028255,0.031469801164553814,-0.09039025169513104,0.03046927759116664,0.03477731973171176,-0.057540630519001275,0.03285859174726354,0.010189716344385055,-0.03981404563168303,-0.024675545199593207,0.018777396020926294,0.052170287116927186,0.004708281520382615,0.05010385393385838,-0.04036879837157305,0.0035086904480792266,0.026254256419795306,-0.0770689243809349,-0.00015320338019159517,0.022317510792277725,-0.06982411560946719,0.019182728960634693,0.020811409573325616,0.008904317142921605,0.00489305351337846,0.00024323786358261787,-0.012449505221353342,0.0075343631332134165,0.0148827827273738,-0.023384033612112325,0.009966725062053825,-0.0010586511147011176,-0.029948108335614138,0.012118407215977968,0.0022797443956065772
0.003252521021662998,-0.004862566045288503,0.009030933870571209,-0.01039290994059908,-0.011414209391325146,0.019237541512506316,-0.02416716141647054,-0.0031127419156122375,0.0038822061031241304,-0.016745268054450407,-0.012396415661509789,0.0005398947393331694,0.016550176675479925,0.005677711244680203,0.03556985875481308,-0.08767323064901045,0.03788193980609189,0.03520928719879493,-0.05881838236750872,0.033298276807023505,0.008815817734811035,-0.0439062633100569,-0.021595470659806004,0.02235629955955709,0.046503451358387474,-0.007094831004478212,0.050911508103412315,-0.03877029832013357,0.001557001119006023,0.03258720063338507,-0.08131150282698138,-0.00883393617473635,0.021998723180747835,-0.06336199494389486,0.017223988124799076,0.034342109641082294,0.011839185586367288,0.004664194465435835,0.0017559970257681517,-0.006782047803447576,0.012990293476944439,0.00714234006532836,-0.021849909126691946,0.00608212416290116,-0.0032453705142945106,-0.03161135099658063,0.012201759009010932,0.002436624236603126
0.006975986877653193,-0.0011188648482645263,0.006852439036676566,-0.004861151241454444,-0.0066190877810187905,0.007303655418168915,-0.019954966917752854,-0.0030106683386542576,0.004198169190189685,-0.01749038112671969,-0.0070585365519517645,-0.005335495932572431,0.020192414762707635,-0.0013709690320273232,0.034205908968965505,-0.0862635672746015,0.037460742741100395,0.030003807869032645,-0.05916228581718211,0.02724781237252445,0.006504118741195428,-0.039072646686404304,-0.019523909277436278,0.02584716573685886,0.052076370008444395,-0.00012837421648837475,0.05068529409752015,-0.039499607180663386,0.005007358149908342,0.029581196058038987,-0.07502610333289454,-0.0014525573253598022,0.018448728195115234,-0.07074089779853003,0.011822143481174921,0.027525881819703817,0.014717633255642697,0.005860804168326523,0.0037128646505361677,-0.003944197930151186,0.010243305385904896,0.009653443222111448,-0.020525982742595233,0.013217249533948035,-0.00850468048107692,-0.028209060347042573,0.015186572905086492,0.00023721821185466812
0.010835590342299611,-0.0021757121602507448,0.001383053809436639,-0.010853590758163662,-0.006463050897474787,0.0069003949524584236,-0.01655077266363124,-0.011457115104030812,0.008923099585672072,-0.014016875329998993,-0.010588342593088986,-0.006326925748118105,0.020323052711188436,-0.001104894036104416,0.03301974564447719,-0.08675268489501156,0.026089743067748323,0.02707793813558277,-0.05648910498201788,0.028058536901065394,0.006129617061277735,-0.03464345050318236,-0.02083228754616946,0.02290026046099868,0.049042206558204564,0.00035422859672649406,0.044059585671903954,-0.034400480786962596,0.001575514349864372,0.02875602616502033,-0.07820777036250075,-0.007142782027657922,0.017543312469937018,-0.06660689655435988,0.017153094949731527,0.022268909906613052,0.010028492014005335,0.002056798162675228,0.007389635897395308,-0.005356056671008426,0.014696216053574475,0.015634572216206368,-0.023072289422858633,0.010101894660401086,-0.0031704536360902327,-0.026503159408865242,0.012139122323368778,-0.00044328487331892516
0.0037643540432279834,-0.001374356311200959,-0.003253908090753767,-0.007412410560407427,-0.004765057312633445,0.010983932292142718,-0.018885677958442367,-0.011641255906024817,0.010146968532867198,-0.015611256256474478,-0.015892710206514195,-0.006843175080003399,0.0183714787154879,0.014773042056688368,0.037608649245667786,-0.0920487326952669,0.034260218051212855,0.03521349933751917,-0.05194341007170546,0.02687992114956796,0.003533311982537122,-0.036277329174432514,-0.02101498857516142,0.024533182715926298,0.048842727164599635,-0.006918314210742093,0.045528911531920256,-0.04036365216075491,0.003261131340557046,0.03255545216977628,-0.07787316380965902,-0.0029753328841951245,0.020961677079633954,-0.06516600760060338,0.011465105565429947,0.024585025724606562,0.014953765937278091,0.00156516428135399,0.0013349628470363817,-0.0028354854805556196,0.0072531820798193425,0.004996769521226853,-0.020948849581075298,0.014347364334664173,-0.0049077031936446466,-0.02842533643911574,0.01332814260272672,0.00479139375337729
0.005204803100287116,-0.0061898854097039895,0.005757287435431333,-0.005549725837851285,-0.001367041437800962,0.011538256427890487,-0.019511640625639783,-0.006837560610296003,0.0015532127794288212,-0.011394040782733341,-0.014088740722360235,-0.01259482345187204,0.014255766485088892,0.00020822034280245356,0.03883535243379621,-0.08777807022270262,0.03215413321871802,0.03321947655243626,-0.05536814370629377,0.02590579126559656,0.010637514048642438,-0.03695658665119507,-0.02455428436978885,0.02325621060534448,0.04872701487980335,-0.004588795011416985,0.04696952591741,-0.03880982866425448,0.009772939244799004,0.03414898151652351,-0.07790139983033373,-0.0013744598389984505,0.020115856397235808,-0.05769998255159554,0.020611092459052394,0.03038772687273529,0.013181412275946438,0.00599309491325188,0.004006142615701698,-0.004982052781875941,0.0072912342699081615,0.006458685734003126,-0.01988457766987105,0.010260093203855451,-0.0039307903499421004,-0.028306470312377,0.013516367446034027,0.002383719282761331
0.008835454488324472,-0.004516523307690239,0.005835709494869517,-0.004886782649289929,-0.0031856585733441405,0.006920658210782763,-0.024458162261921164,-0.011419457370952254,0.005512633152763886,-0.011145872282275628,-0.01590538985980052,-0.0034641890119082417,0.01890549308473078,0.004392589677524848,0.030283560012786148,-0.08066911645472281,0.03221174721466205,0.03611132532633833,-0.05502166604084274,0.024303644314023688,0.009286761514631042,-0.03498457165898288,-0.02260034400402438,0.02225852194549142,0.052217127661529306,-0.009626464083827325,0.0483789721074264,-0.034352746998393885,0.0032256528914646494,0.02886073319444483,-0.07609801540944947,-0.006045692791945299,0.019880041920563647,-0.0660408906921613,0.01915375589244714,0.029427717386732277,0.014495353275770116,0.003099530000698867,0.008043366877607275,-0.0017675608141610264,0.005693560819339129,0.0006487011499267393,-0.01653783858097949,0.011185653956171417,0.005384341180236889,-0.033054236926567254,0.00960533755946009,-0.0015401489435332419
-0.00019174592570639134,-0.00415041210213752,0.004471818710589703,0.0009678443559508696,-0.0067493992209488795,0.00890824239311897,-0.0169437621415856,-0.0035545205802923058,0.01143628143766835,-0.013555869419246903,-0.012398261131824656,0.0014249465442927362,0.021442863958511787,0.0019733481029347143,0.04042660517051609,-0.08609001551974653,0.024521124661345588,0.031133450222289468,-0.058004133549161,0.028451158029806543,0.006994283772780366,-0.03825843545019296,-0.01746137205051974,0.017442501679805558,0.05016335081415247,0.004689393972131917,0.051996335653952626,-0.03900092498668061,0.0034218753737589743,0.027419776187550714,-0.0770677447366702,-0.007351956987592155,0.018649991132435238,-0.06803652470401166,0.017416715633413255,0.0314995042849365,0.013065415178925791,0.008844744565583831,0.0049060389601086095,-0.00391180496271731,0.005731232872036731,0.002108633986729334,-0.021244401172105975,0.010282366171049882,-0.0051346745403468294,-0.02606569021091479,0.011314974936567308,-0.009137285967235403
0.0016721665614659576,-0.002275654793302774,0.003395943656849762,-0.007412410560407427,-0.004765057312633445,0.010983932292142718,-0.023674403864312278,-0.0008089513384896426,0.00105151449726143,-0.007816051450849855,-0.012307003437869763,-0.014208205196140437,0.01715518290481322,0.002325835935946912,0.0290834600115962,-0.0912035326375701,0.034007150978620906,0.03209167060222971,-0.05976585856822452,0.028790624537362763,0.010099761859929186,-0.03661697228273268,-0.022784726237885904,0.02389449182678704,0.052068687898058776,0.00226105014203912,0.05097313998063279,-0.03890769649575529,0.006721989439626359,0.027633450802812657,-0.0740435927819381,-0.00014598395279301853,0.019680530516692787,-0.06321061241809392,0.015091372069660205,0.022565524366167586,0.014336166226268257,0.008784475239201683,0.008782123672760753,-0.001204344002961592,0.007279618488177645,0.005555848578512715,-0.020056389065764763,0.013419647367692201,-0.01167428625159837,-0.03337656211815352,0.015152325721524378,0.0043197058873234275
0.0019909960202803318,-0.0046930640219440874,-0.004386848510104857,5.793917534324485e-05,-0.0068683899665021005,0.0007546611002136905,-0.020229917867563455,-0.007225135545516327,0.005707671515219664,-0.015221827350744456,-0.014110510714702956,-0.009343019250123572,0.018383215584620402,0.003326178543506224,0.03502787179991323,-0.09449033686119922,0.026759880516017735,0.03371914995975112,-0.05258580975494163,0.02074610479314363,0.0034846672254478348,-0.040300550083348666,-0.019456397794980245,0.01972728226543941,0.04861147037160084,-0.0022594168891901132,0.04841003576222747,-0.035171018813829266,0.0031292721787206765,0.031942258980229836,-0.07483570819293961,-0.00456941549321935,0.019169950938833575,-0.06698416228781755,0.009695029429018702,0.025511338735946593,0.008895422189303916,0.0006758048912761116,0.001985691036303154,-0.0007235530366559857,0.00864532366601,0.0038383144314193323,-0.02302782039320563,0.011435372457969016,-0.0027432926974140922,-0.034874247986246436,0.007927480948633613,0.0019681788029318453
0.0017156933917755219,-0.003877599085928419,0.002292163900275685,-0.004886782649289929,-0.0031856585733441405,0.006920658210782763,-0.008463380455381744,0.0007238457707790628,0.011934329329562147,-0.013873954514553925,-0.017656247074364657,-0.0073482577442588425,0.01665700852838368,0.003602519414066174,0.03410607385138431,-0.0912035326375701,0.034007150978620906,0.03209167060222971,-0.054820263739391834,0.020996941710195366,0.011067909641477617,-0.03211965438134743,-0.016991551012409466,0.018681486303229983,0.050621169167235705,-0.0022467782899030842,0.046508570527561015,-0.03977222238678389,0.004975105070352294,0.030608435102782897,-0.07597961225339513,-0.0043600749363903275,0.01806335487200279,-0.06295011891534419,0.011279935211993863,0.021292947570887757,0.010295181410313244,0.0019841904946516797,0.003214753311957546,-0.0046250517654373114,0.012950796184829114,0.005671066173218124,-0.020069612899466356,0.018048379193852066,0.0018056325776859008,-0.030109604105236627,0.014892643092396022,0.005209976916029923
0.005301844605456704,-0.0006034940468785337,0.00346472031157056,0.0009385545570602598,-0.0033168238755183948,0.008531675263029677,-0.021852601110556393,-0.007019821288566079,0.0027790012562727653,-0.010792230613698259,-0.012356975692709273,-0.005699234028652572,0.01735678321639471,0.009622006468798627,0.028732447910103466,-0.08585945788104621,0.032126422131227475,0.033423038136624846,-0.05793373128107,0.03109732042381572,0.01555926710498145,-0.035120522853454524,-0.017184981107239393,0.01677078946764952,0.050635487744890115,-0.007022114992909508,0.045938830825720624,-0.03253610695881395,-9.75656465451407e-05,0.027763270367112892,-0.07721386649121191,-0.00023842037629920806,0.023287461973316048,-0.06888237990013499,0.011703083063023036,0.026546256477414636,0.010109350662108893,0.006257179775456619,0.0045921703389730124,-0.001310895967239592,0.011570295346408577,0.006469535873070829,-0.018595451087724403,0.016058187017625666,-0.00961275213072378,-0.025018861823855095,0.011773114902838696,0.0030113412138870464
0.005107581284073346,-0.011772917355346864,0.00805080409083703,-0.0025244366433953298,-0.0015803411662294812,0.0040610654899824175,-0.015548428018545538,-0.006860652565083936,0.0032559334012528906,-0.007853160218672878,-0.010599290956328418,-0.0031763802241068046,0.01892927275537504,0.006736386362644337,0.030562449021270685,-0.08982626434509278,0.030300486322677546,0.03269772410767527,-0.05571525704591243,0.027507534964574122,0.011988759583246522,-0.034781497077762034,-0.022474963346355795,0.018380565479720144,0.05073772496144988,-0.004578249888308947,0.04506492278471581,-0.038676972360587314,0.004856098388354052,0.032800143822796474,-0.07352657350101181,-0.006294379531525494,0.02015210345076497,-0.06892168829510076,0.01359231379282006,0.0265994349754764,0.013248500674462656,0.005975169026892897,0.0029615828784039346,-0.006139290488834304,0.008631560145977739,0.004187795255877445,-0.022536339758553802,0.016904389719673757,-0.003142104874383406,-0.02812826393877059,0.01379879485628661,-0.0012286713927190634
0.0017102502081558213,-0.007395431740157828,0.0023160534834239634,-0.004899672863368091,-0.0014687174431763002,0.006729726249279337,-0.0245961569605488,0.004810216181339376,0.006412850139307608,-0.014547654001755122,-0.015912003516550078,-0.002963950889667204,0.020691262401065166,-0.002650792111176131,0.029181990128095796,-0.09504015252323544,0.03406341743875937,0.03168740840667153,-0.05296246662784424,0.024985457950176093,0.014511433796205753,-0.03709843216993227,-0.017571531508732845,0.02485583439456746,0.05209968176840429,-0.007294385869935637,0.04982396335811341,-0.03554243182719514,4.429291349423684e-05,0.026458328364099597,-0.08037500973533714,0.0005602177134920695,0.01802576009975919,-0.06007548861929583,0.016841391370244336,0.02413365051093901,0.013080768956010872,0.00038358558657277146,0.007426597428061688,-0.004684262052249626,0.005828055386628735,0.005140038743052705,-0.024120692626822773,0.010259306338254141,-0.006486889741154765,-0.025061893013527754,0.014737133924946402,0.003533909635840826
0.005300439609435724,-0.0023611850144106094,0.0034850044715476693,-0.009289181821022756,-0.0064466377121725985,0.010240862409120158,-0.02603397848417287,-0.0030344468337170625,0.002339000396864479,-0.011890840715178944,-0.010569859050117229,-0.009323139245075766,0.018881751586455046,0.002048925181300743,0.030004957495580475,-0.09404474367421295,0.03184277856343456,0.027199672723497888,-0.06177385956943585,0.029076747457372654,0.015444335805215065,-0.037707742559713514,-0.021072896426595628,0.02229006056808004,0.05060702754211667,0.002530066027860154,0.04707978150268885,-0.03535252425502399,0.00664543355444432,0.026879304530747612,-0.07383649208962818,-0.004863742537619627,0.021246511890277785,-0.059538858925764826,0.016742633797325792,0.020669086574728802,0.015838441134709617,0.004428086145177316,0.010288336932185177,-0.004426792584487039,0.005795782455187676,0.004129642466359659,-0.01925967475610352,0.010530072385850431,-0.008155819663781013,-0.02852750453769832,0.01619691766799517,0.006518369173753853
0.005390560842563828,-0.00556161916907346,0.0012958995407077796,0.004269510658245948,-0.008457603717894877,0.014573352990213251,-0.02233110243463683,-0.007278209127007257,0.0055484399352202065,-0.013768690606489584,-0.01234787114541614,-0.007958949842137944,0.012446360524605852,0.0048965442411598396,0.03965134739666864,-0.09251648562088645,0.026168345459883748,0.02644271692510648,-0.05805774489306315,0.03107039705792444,0.01667950444557617,-0.040912556401307164,-0.019828376353019716,0.031346395616162794,0.04850220341564169,-0.0023160082170494154,0.049568192867010405,-0.03544373129903712,0.0030971580323372054,0.03296927109618908,-0.0762419932291142,-0.00613062598198301,0.020850258042767463,-0.06566274805477755,0.009675755831354667,0.027993356842986754,0.014619109984377099,0.001656170315845273,0.006554391787399884,-0.0058374745720901535,0.010249870320468623,0.010108909695097076,-0.026021103551284952,0.0126815080822319,-0.0026120748218099016,-0.02649781459331708,0.007600488314638122,-2.0140438856011458e-05
0.009021467665073862,0.0013797001327379404,0.0012799154927892245,-0.003135192687771339,-0.006628320347355654,0.009441933800376282,-0.02726012133341033,-0.009816932213237874,0.009442932344650197,-0.01167828082436874,-0.01056206362830315,-0.010699501865915239,0.01987171224677948,0.004859621141173685,0.03859933894281848,-0.0882380530386604,0.024065912712266355,0.024472955393431018,-0.0596424634623956,0.028817136386595974,0.008979211382594394,-0.04137799265392695,-0.024819795755768197,0.01912275391033407,0.05061407623560926,0.00014145541713393332,0.046793992105964,-0.03822527294835646,0.001621056448063759,0.03053335594572394,-0.08002139407136044,-0.002471641952032426,0.017777313578540885,-0.06035088524371159,0.013129612017713174,0.026320336210175044,0.012152794867439242,0.0003532635662821773,-0.0016931930267117252,0.0021106244794566434,0.008981060648299314,0.013593404884998415,-0.0216208345875889,0.012744975397989067,-0.001111939274382233,-0.03331730254722981,0.01524656287921348,0.0031160500784673966
0.005207677993814041,-0.00267560063861616,0.005716241160478954,0.0014869466212763106,-0.010258816430917854,0.005677603415714927,-0.02724055681961452,-0.005726465069255112,0.009321964152740376,-0.007355962228064375,-0.014116763897997014,-0.006456619018786665,0.017944446831296673,-0.00215623732642043,0.03802935419306476,-0.0911817276533011,0.030158895669032435,0.030411333697669827,-0.05339126538041088,0.023931839577431824,0.007303381238646214,-0.0345755562139008,-0.02079062659756386,0.02160811208049151,0.04762831828351994,-0.0027682871132979764,0.05882984749332052,-0.04109419836400129,0.006711659050237787,0.029551410316513708,-0.07743997287945051,-0.0027199931739281566,0.01805101596228998,-0.06220765047613955,0.013248532515461693,0.02730059315272305,0.01203290089839845,0.003203007782751937,-0.0007866515716016035,0.0009757173463847269,0.005811742353615412,0.0037917280467001306,-0.02208968534932443,0.012542566829482689,0.002055090275120335,-0.030071517224691313,0.016468367250137065,0.00426825992855546
0.005117975933709786,0.0005250608969482749,0.007908415967025852,-0.0005804487507490886,-0.008482220207799958,0.005756926368763761,-0.02000834619545184,-0.00913821434561929,0.004386027521734227,-0.012172737711246634,-0.017652780457328772,-0.007601023928002603,0.02039442500338975,0.005926897527066056,0.03385646091981459,-0.08332054476903591,0.024242037794380514,0.028230680689144437,-0.05778929159408976,0.03280415993991255,0.012431197616639198,-0.040016348304140054,-0.024800818589846778,0.02265499990364749,0.04861147037160084,-0.0022594168891901132,0.04841003576222747,-0.03676389181039781,0.004833777227113566,0.03191037639258617,-0.07425798408077486,-0.004229273121683275,0.01528818621251736,-0.061972033834809634,0.01884962909961167,0.025171281231224675,0.01579587664438968,0.007262218621879546,0.010126797296666969,-0.006955854184768383,0.010159686839223279,0.007531371607318003,-0.024259807309535336,0.015461650814726325,-0.0026632062314990847,-0.028187653687772502,0.013704640366830199,-2.4423971618070593e-05
-0.0020486101968537453,-0.0025052315616237537,0.005534385290918015,0.003509585510533394,-0.006886876655382034,0.005032308058764402,-0.02019484012616199,-0.003139928083562994,0.005583012479866504,-0.01203187908277606,-0.014111747590176775,-0.008463470327535107,0.020263729979425153,0.005659982703601026,0.03504234363055146,-0.08777807022270262,0.03215413321871802,0.03321947655243626,-0.05395318056673378,0.02716756294351982,0.008882692124996329,-0.0373009802027459,-0.019260164620086166,0.021635559752611926,0.05611403899360971,-0.0048854855285943785,0.04630040329765478,-0.03617113722110822,0.006548367028220416,0.029961902778749442,-0.07227749862595018,-0.003217270741518754,0.018596343069489343,-0.06449066238370768,0.013221938168246893,0.020021994957038193,0.01309704092102008,0.0031965481824637633,0.00623911465031019,-0.0030932976352349693,0.007285438475321546,0.00600737809843527,-0.01881229280329795,0.018586623775093625,-0.006641285802742208,-0.0298887434052812,0.012212420575793251,0.001075761097082342
0.008928532998872177,-0.0006909960607958378,0.0035432863165787043,-0.005186597923166064,-0.006567768045600398,0.009708457803576521,-0.019954966917752854,-0.0030106683386542576,0.004198169190189685,-0.010756408091322084,-0.01412370168741223,-0.005958718511206065,0.012683341266780312,0.0030899527871858603,0.0370039462927557,-0.08926211308757612,0.030131701191158308,0.03061796945339428,-0.05561462723570473,0.02585360795113392,0.012878188989571753,-0.037165611614098655,-0.02073966709316255,0.011950098984629882,0.0554378296645164,-0.0004409003829214307,0.05383387952737869,-0.034577864951647615,0.004843651798719908,0.029993081398249306,-0.07588456006708104,-0.001072659311192788,0.015400924100686122,-0.06431175809071235,0.01318888021998822,0.018866762290441458,0.008373070035726888,0.006442591364999978,0.008017731981484763,0.0017684984616278465,0.008794027708795383,0.007984614504288157,-0.02115176095132489,0.01294738074606678,-0.004279741690190466,-0.028090302522307604,0.015375128902891248,-0.002171318410119541
-0.0005615149038430305,-0.00540844745364614,0.013382838746042954,-0.003161875158115972,-0.0031953932303164607,0.009060948496055007,-0.01440661115109259,-0.007324065479750529,0.00895318099061249,-0.01196081199094133,-0.017701445043319015,0.001784277762984608,0.012316204227824453,0.004630395987426391,0.04083654886667714,-0.08880305831807263,0.024234874063260362,0.026551117075660824,-0.056859617468359956,0.02797925666180109,0.009491849070606545,-0.03587321525247112,-0.022324869616280225,0.009672195447552575,0.04807112603385244,-0.0049266384606685264,0.05391868488577218,-0.036905279378045865,-0.00011536727723771348,0.03159350727987072,-0.07266083211804186,-0.0057847161529064614,0.014329237251263663,-0.06342993514192766,0.017013643700419093,0.02377904037732104,0.01042394690450755,0.0005420197224509437,0.0017122628057964716,-0.006828156896014907,0.008947894733521594,0.013841112312927686,-0.022626028684160065,0.014237370301132245,-0.003999556483395325,-0.02687654851177721,0.008519360453279282,0.0074632201285165945
0.007300900928062773,-1.8129890359721357e-05,-0.0009620083249283543,0.001338186265251779,-0.011948927120284338,0.007070137031633341,-0.018770696337690494,0.000607504100052476,0.009770576369777191,-0.00930457706561887,-0.012361414134178473,-0.004569489837024839,0.01665700852838368,0.003602519414066174,0.03410607385138431,-0.08419619331055829,0.028338904529410364,0.03300493667905104,-0.05314517446951749,0.023983446698119002,0.005061911531078477,-0.0373009802027459,-0.019260164620086166,0.021635559752611926,0.05186529331193561,-0.0026306526734469664,0.05271363223747068,-0.03877499984683267,0.0018040288939731245,0.02628608354957222,-0.07629384283850069,-0.0029293505659294897,0.019157905105995018,-0.06242732209067922,0.015170360656734863,0.028514258021007287,0.012787718279494395,0.007507965240277599,0.009678468241144177,-0.009319739126113485,0.008798967699691773,0.009694793531823634,-0.025084876027430866,0.01308711056236553,-0.008948854619271935,-0.019510775732512208,0.009305557353274777,-0.007622544029693133
-3.930276515848389e-05,0.0033643295595009596,0.0011038516635014167,-0.00841008853062867,-0.0011790230592168432,0.017808391666012342,-0.0181886909730266,-0.013294840038691386,0.006058722205725261,-0.00721519084133573,-0.010575856091641278,-0.007304990633011279,0.01860888753968904,0.012965306163700695,0.0349581095847229,-0.09049709071143909,0.024741794938061543,0.03278464794088331,-0.05927930784285797,0.03654797189894805,0.009285173462193664,-0.03641391679941066,-0.022659554568841545,0.020017451251466954,0.05145016598417288,-0.010017070285781847,0.056487187303153066,-0.03698954864747469,0.0064513579123868505,0.03304376686989034,-0.0756404271287272,-0.007391390709271831,0.01781572983584659,-0.06378751449890256,0.017079517075398724,0.026087653635011778,0.007104546663863728,0.006502740476203362,0.004133099141173829,-0.003820729528385563,0.009032149897006618,0.015965141996685507,-0.02539705092406155,0.012951911166955949,-0.006836251190648741,-0.033414592555602037,0.013577416786318635,0.005261690896396975
-0.0001280453065592638,0.0048101509140741445,0.003329990164947699,0.0013979405166671976,4.0377527113555234e-05,0.004548789353677071,-0.01720478235915973,-0.005724142929265463,0.01288344226433628,-0.011004855837826837,-0.01236466533285085,-0.004323067351928183,0.014102186337975543,-0.0023965769128078862,0.0397444011405573,-0.09131173513135724,0.028277164518460594,0.030092006668487725,-0.05938168509505754,0.030546265223571418,0.004730048448540238,-0.040771384531744316,-0.02287931099861234,0.014584244925635306,0.052639287783817365,-0.004624121449716162,0.04431848345527471,-0.02764441269559709,0.007958857710061102,0.029718866168391596,-0.07938060094452021,-0.005332994038963625,0.015589144651654792,-0.05999283996563481,0.013063495858709879,0.024010394432409553,0.010166377967683937,0.0034263849931504874,0.004717724020146688,-0.00712827302849729,0.007329270069413138,0.007920255277292045,-0.017271852040877365,0.01147805542809924,-4.0830738943223777e-05,-0.02484530326434019,0.016596895073190808,-0.0010207204681850024
0.0036677379932414968,-0.005206135805121639,-0.0009881122361993788,-0.0014235540741086806,-0.004921399870145017,0.011390299831611597,-0.024646244439582642,-0.003371291624787767,0.006651641978554933,-0.017418255239366683,-0.01065213096676055,0.004914290762578911,0.019717328305017656,0.0022502985923051554,0.039506062546787346,-0.08372801855490618,0.029571278649384667,0.02479187678878531,-0.05636558526975098,0.02808497470449916,0.005008683901470682,-0.038054231273458236,-0.017337080474644023,0.01356652427381466,0.04671666258321379,-0.004599325020602873,0.0488735482028307,-0.041186357198832534,0.003412183852172115,0.029336111381554713,-0.0780641968788307,-0.007057860900524657,0.01657286367466137,-0.062028671643233536,0.013215464888428277,0.026145929114620863,0.012971605707740655,0.004639603872046473,0.007733168037990414,-0.0023091217034371296,0.010268941623260683,0.010208617687321833,-0.01916302647728353,0.013193044859975151,-0.007300591520969551,-0.026524665277683008,0.013621135063451317,-0.00018207013362581828
0.003532657052631727,-0.0021611001991309023,0.002325140874710129,-0.003161875158115972,-0.0031953932303164607,0.009060948496055007,-0.01710789568339356,-0.0005295802893259309,0.00013760598484585733,-0.015080592532367834,-0.010568016501047323,-0.010210406344297122,0.018359550186989735,0.000983633817338284,0.034749643434376136,-0.08067647020480176,0.022083957805596237,0.025023219082043142,-0.05444749348895436,0.02706229588219215,0.013364739830256954,-0.03361991459675415,-0.015527040987675518,0.024827934013700655,0.053757148889154296,-0.0002845615420078455,0.05225987550929279,-0.036720866957495525,0.006732288919899951,0.025714971405936378,-0.0773226487694585,-0.00103363029255682,0.016234669161284618,-0.0633081531994668,0.01134618848598875,0.023603420314087672,0.013481376680469797,0.0002739527571546315,0.001164878137723358,-0.005538368964589956,0.008786675027181763,0.008788711481193201,-0.01989815601016877,0.014187637007478004,-0.0015920452858711172,-0.02813298336246601,0.01834000211529254,-0.0016466631322040555
4.619667885916076e-05,0.00015755699336105584,-0.001115299167159115,0.0012942452150721969,-0.006800707426544545,0.0065027489016278315,-0.016922525449801436,-0.0015137160667663394,0.011373581770371536,-0.015859507720414875,-0.014133233452605221,-0.005214080119464597,0.02428768757692233,0.010870096330886187,0.03270218701077077,-0.0846766872672014,0.024098948882901164,0.025939826703664366,-0.05862134284363615,0.028318839183200727,0.01259704708214773,-0.04137799265392695,-0.024819795755768197,0.01912275391033407,0.04936342595802167,0.002913351628415445,0.04086797690579298,-0.03634958163997682,0.009816347944998733,0.031202274198838423,-0.07660862455828336,-0.0014986505154378283,0.020252616240435357,-0.063608725546657,0.017046578789362336,0.024933412691169502,0.011906137792156605,0.004646190804885493,0.0007114965824047301,-0.0038666367267839083,0.007382200221290508,0.009038771977572052,-0.022715655799467393,0.011570469098124992,-0.004855336495981641,-0.028047420250346074,0.012410973206288992,-0.0026943469165247114
-0.00023092941900567109,-0.0007875302471042244,0.005574679585359726,-0.0008143052946049775,0.00012658282100486915,0.006014285186957866,-0.01976916265237683,-0.009009067311848232,0.003001294924962251,-0.018092428692166172,-0.0088493801525133,-0.0014640136268317602,0.01977692993782839,-0.004511357485038184,0.037485788164934,-0.08470362202476445,0.027943835504959796,0.02760014208295874,-0.05225031039648686,0.02777926124728477,0.017464110550711044,-0.041580077840735384,-0.026509688897018626,0.015905327189447514,0.05240445189718471,4.236218952969855e-05,0.04721137777591106,-0.03785898208513475,0.004952816587833023,0.02971863134203518,-0.07546073099232004,-0.0017080376168578427,0.021359333316484003,-0.06542520667173803,0.01527642933768986,0.025852801576411975,0.01209279891572598,0.0017780341691147124,-0.0012400204118639079,-0.010257494710337423,0.006064748871204273,0.013108192076060675,-0.023384033612112325,0.009966725062053825,-0.0010586511147011176,-0.03305911861665583,0.014142242908244056,-0.00196152496871287
0.0014321829140994363,-0.008337927220441896,0.009001263844675766,0.002529552631232487,-0.006732940844869975,0.012248755079245277,-0.02134163931266652,-0.002673764814561373,-0.00011506641294789945,-0.013023445546608576,-0.01768262676418908,-0.002093045698574212,0.02304926263494664,-0.010023402438262784,0.0399523724742875,-0.08575051380016094,0.023871311520121896,0.022609019506801335,-0.06104254175970677,0.02756379760164746,0.010728395357853677,-0.035734084639357296,-0.026177895829989778,0.022269344446288107,0.04502959218793496,-0.00205853070290586,0.047578799998276806,-0.037807758534123374,0.0063544062069436245,0.0361248968041703,-0.07641238079096503,-0.004615139557314755,0.020974125544360265,-0.0663588281519176,0.017330468508349045,0.03167835057513068,0.01463976200726751,0.004470842145131796,0.005356638980894327,-0.01229026904805214,0.010366160157450566,0.014505954276449335,-0.01987179953997989,0.006333029608028531,-0.006266166852961698,-0.026448668977259036,0.01677448886006382,-0.0020670166589711473
0.0034821818732579004,-0.005834796094550983,0.003472830619408822,-0.0023070435140931894,-0.00847322646150925,0.00361925902931229,-0.028396534339698788,-0.0073081580226472655,0.0036849524845695095,-0.015929813247198846,-0.010657104234361817,0.006046177992583665,0.02050128328896547,0.0038495335160594626,0.03239118428477864,-0.08398338405900739,0.025810338961920073,0.02417169367423821,-0.06189716127174002,0.029050220699264363,0.016564316627918824,-0.04280741285959251,-0.02488057818565965,0.01688241222527932,0.049273780284142074,-0.004306913734757065,0.04117580842075492,-0.041963434125111256,0.005213200926143006,0.026223778537095815,-0.07137448095572736,-0.005909221085245762,0.014464972602801442,-0.06464150542920308,0.015355440306252797,0.03179965415081081,0.011698560707834123,0.0032934537682104133,0.0044345208664356385,-0.0019048400805757012,0.004516165092049909,0.007977844067365387,-0.01999322844844545,0.011524247791137896,-0.0024475981321082927,-0.024721285770802105,0.012243235665828777,-0.003010172840128735
0.005111945819264814,-0.006503916642138831,0.007987254882618767,0.0012942452150721969,-0.006800707426544545,0.0065027489016278315,-0.02654431273473461,-0.00942956569706296,0.0052903128430086405,-0.008952141020031425,-0.008871673692641758,0.003962652974990617,0.017968016981075,0.0001853353833100032,0.038307015453571555,-0.085802412936157,0.031563808340476465,0.02593821580173177,-0.053892715948664044,0.028142881228645385,0.01945016336120269,-0.04070501289095679,-0.021271984785151438,0.020386430993081368,0.05275695739202437,-0.006957574884986446,0.04287187948394813,-0.04169087057044746,0.005245494123023024,0.02519623991073587,-0.07720428021073641,0.0006532035729620232,0.014418452656982071,-0.06985452428779339,0.01564682096539995,0.03242090549926721,0.009975544227939111,0.0062929594416550536,0.006680876786363245,-0.007258064148725321,0.0061507164961108725,0.015240042862172207,-0.023050847763620413,0.015368541607492575,-0.00040356272695056284,-0.02819234678933142,0.018245483107184345,-0.0004424116394151567
0.0034337236149477395,-0.0077496482791530735,0.004604320430324093,-0.007249940368429059,-0.004790643231658933,0.009781876719817967,-0.026752188605131542,-0.0034223415882301982,0.006493304250351223,-0.0203962921203349,-0.010641956767203286,0.0026502888723394964,0.018406919154619603,0.0056688554585695465,0.03530638665672917,-0.0900534643217865,0.02982124510607497,0.026250833811400216,-0.05586107966480994,0.02580144675069594,0.015118485617106167,-0.030414829022316302,-0.016770032034533967,0.015759277195645148,0.05646271223203676,-0.009502423404027535,0.04223828322513164,-0.033582216745726416,0.0016716396542516962,0.02567407776727077,-0.07519360125751291,6.353903610310353e-05,0.01857372396865519,-0.06363942884997123,0.013513188627082168,0.03653317613731785,0.013306572774385846,0.004549560443251297,0.002512112355112061,-0.004375728675360981,0.010526699895849189,0.01829292915279674,-0.026760545505836973,0.012975925143071167,-0.008040913180367874,-0.028344454117361677,0.011940848354667298,0.003326492749697536
0.0015796353549587948,-0.0025903286157999117,0.005625766639766575,0.0033461950825362497,-0.006861230155108271,0.006235351128876245,-0.019990529067620076,-0.007095965023212352,0.004323002189192789,-0.011571241055928494,-0.015920426304612618,-0.0007113213039449588,0.01871567126633035,0.010889363441486652,0.03349289878478487,-0.08473022581542675,0.03178918313474894,0.029263069739991737,-0.060629406606886586,0.028605196390902806,0.01794096700750844,-0.036073718568708425,-0.020890153774665927,0.020657211582829106,0.05028621185392336,-2.9216496168751246e-05,0.05026805679294444,-0.03972581860793973,0.006624898245414445,0.030715724200894395,-0.07095696280178881,-0.004052861807846029,0.010706284393628782,-0.07056943059492148,0.01577900162500892,0.03703297448216023,0.0061043517193196915,0.0008700547809871079,-0.001643287674423207,-0.001569636299847217,0.01160251365633648,0.0074808724929369365,-0.021464501472670726,0.01281244420517371,-0.002167787538951015,-0.0331727313816881,0.009417743145299657,0.0008680503185576706
-0.004006042337812522,-0.004696740180149706,0.008824754091723508,-0.00808562785346921,-0.0012299103522743359,0.01540580606555342,-0.026284133826121527,-0.005209577245063916,0.003784141790811713,-0.015398669695315653,-0.01588519919348439,-0.008219865667192806,0.022537109767579663,0.008798273013718938,0.03149981895201908,-0.08811509642464957,0.01882183590916968,0.028941700161576177,-0.06056366407458832,0.036983896229535886,0.007912849346523084,-0.03879981275469007,-0.020922799682403695,0.013584401184289456,0.05040246937431849,-0.002360041584650767,0.04882508601120876,-0.03563739944569886,-0.0032556898764754447,0.026249523227785374,-0.06854017527161331,-0.005276603352963311,0.02081898566091821,-0.06645851374272627,0.013585786607239721,0.03272088386919401,0.014336166226268257,0.008784475239201683,0.008782123672760753,-0.004982052781875941,0.0072912342699081615,0.006458685734003126,-0.02135431075602469,0.01154735482663789,-0.0036513459427064323,-0.0330803880188705,0.015623631703692051,-0.0016997451163653383
0.0051627901236616855,-0.0010753293611045754,0.006811982401144619,-0.0077372890066277735,-0.0047138741128085705,0.013387681156754186,-0.016027869012138467,-0.00711896339033383,0.006025522757229471,-0.013236128792276213,-0.017690043389043862,-0.0007165390512326963,0.018846303328445748,0.011156837961530743,0.03230704705009256,-0.08595631856554915,0.033529368665053204,0.027292458148291177,-0.05929795231279177,0.03486798674082961,0.01129210094779515,-0.03607840653165163,-0.013822117603218189,0.019677909317225607,0.0485083574294251,-0.00470145968634815,0.049286312485969985,-0.03622239691507633,0.005146425217961984,0.023553403909929795,-0.07906868924831066,-0.0076520652079161205,0.02336450718736355,-0.0687899992548092,0.019437544881299944,0.03616527985005318,0.01897391135504951,0.004143854141383904,0.00866719687611471,-0.007086065796055342,0.008980134954520736,0.014851376553030348,-0.018632408876729675,0.011501147991625014,-0.0012440930641872234,-0.031573394950010825,0.013776889275684047,0.0014939476611731909
0.008928501542466336,-0.004202524115034822,0.0036034515540709043,-0.00044568457680016726,-0.005074846709508085,0.004174806239298387,-0.023475869770006874,-0.006814362867676896,-0.000150373534264703,-0.015292144642221148,-0.010634345513967951,0.0019235665550725032,0.020679753880069738,0.008805673411855666,0.03176403423854017,-0.09095407513769095,0.03063807499662559,0.03685675632550377,-0.05910004799140383,0.02988874905033456,0.015071121703370188,-0.04070389568260835,-0.022837592953211996,0.013291341017556893,0.04883635404314045,-0.0045324438520086595,0.04581098254096528,-0.034949516159982395,0.0017585484657553435,0.024508301395211287,-0.07329108516609584,-0.0038124825407672936,0.02538705360192617,-0.06736101640758871,0.019174345473821415,0.026940667985906913,0.011832264331527679,0.0032572835854509314,0.002346299826119105,-0.0014622060990519472,0.0073118691225587135,0.006566411585165343,-0.019428144190983865,0.014389801133185134,-0.004759970852789092,-0.030109604105236627,0.014892643092396022,0.005209976916029923
0.0016147926741739934,-0.009468032570632678,0.004557125039697344,-0.005161417810855535,-0.010000266978229234,0.010093163240852852,-0.02375592483082254,-0.013075899400983776,0.001421531148569902,-0.008596365305611928,-0.01592854554020218,0.0015410050414707394,0.018585050427422964,0.010621952739437186,0.03467864171615322,-0.09349330537711006,0.024539953894937926,0.029240402477346994,-0.05791361046901935,0.032776952328996294,0.013551796385243184,-0.031308164805036336,-0.02042458311677096,0.018338689496618498,0.05051181579139444,-0.00230341621125784,0.04766687830010647,-0.03199057352263454,-3.369887878092011e-05,0.025708737515237407,-0.07883639322743097,-0.0033915248048765937,0.010859360353020967,-0.06114870878929557,0.017038992837596273,0.03105923139319241,0.0104497219719067,0.007575040509443684,-0.0012175008872895698,-0.001720051966394118,0.007344118516850174,0.007576902616403225,-0.027071911039026442,0.013543903677358715,0.005204578008105638,-0.03129349757468943,0.011190540928040983,-0.00384511044530453
0.005209138019240682,-0.0009180679043426321,0.005696349454648989,-0.003121925962759442,-0.008344557379544735,0.009632993094726571,-0.019972735975053744,-0.00505344968755734,0.004260382745344608,-0.012032355784668573,-0.014169190419474209,0.0022976193508652794,0.015827712698007573,-0.0026747448420115357,0.04066549272717747,-0.08961865001966812,0.027770506317579772,0.023853008841378975,-0.06254280746828726,0.03129935080021729,0.007581115304900511,-0.03546476341465384,-0.026009863932503315,0.017096178567349952,0.050307098754578436,-0.007190399526840483,0.04941457085168044,-0.032022019881311606,0.008187144034130973,0.027256921531388794,-0.07367077672880508,-0.006379282830871767,0.021122331474977298,-0.06513822089025385,0.013566021387848137,0.03520396853634623,0.010371767042545874,0.0047786921554782225,0.00099970552859167,-0.005497496064671703,0.007355752382706797,0.008479634152457815,-0.02648888300141928,0.01247870201152209,0.0005551557774626196,-0.021379474825487934,0.015135200313895711,-0.004009071509660694
0.0033452008720170285,-0.004548281443076127,0.006801522988968646,0.002825680511735922,-0.00335203157352861,0.009469299144136838,-0.019715056761979214,-0.002881387470976055,0.002813175647942794,-0.012776680128794722,-0.008833775794095538,-0.003561975336248498,0.01932115579962586,0.0075377046296439916,0.027003353359775502,-0.08693160581825776,0.03190112763687399,0.0300991747760725,-0.05862134284363615,0.028318839183200727,0.01259704708214773,-0.04428171466899208,-0.030498952948319762,0.02404892011058179,0.05334440389075885,-0.007678931520942813,0.05602338170571593,-0.03991144755573458,2.6313075671203794e-05,0.030288250755458188,-0.07389832583187342,-6.075045070229097e-05,0.018710282089983595,-0.06956768921367737,0.013936671266141632,0.04176958390126524,0.011592771404086115,0.008958148863854827,0.004163937170791407,-0.004426792584487039,0.005795782455187676,0.004129642466359659,-0.023139541736661537,0.01270136671604924,-0.0012598718808774286,-0.023415907610282494,0.011594951286259494,0.004057326088328898
0.003307712955071129,0.0023281798825324856,0.007858309836688636,0.0018469009396176717,-0.0031989834833186953,0.016682256372160073,-0.012487298705121457,-0.006290755880850273,-0.0021265793565599417,-0.012989226155323878,-0.008841544545126635,-0.0021869660790766036,0.024394534000755464,0.00879085564672435,0.031235032737404203,-0.0837585983055901,0.026290458549699358,0.030617059057891916,-0.06267190386632746,0.029601666570204823,0.01070643049296425,-0.0368924412954492,-0.026071789328677295,0.014858654485986285,0.045684470029544,-0.0017189771994131926,0.040627162617787684,-0.04059512026123307,0.0051264123878333135,0.027388924505330755,-0.07398092396111712,-0.004948710988899057,0.02221663801124094,-0.06803652470401166,0.017416715633413255,0.0314995042849365,0.010444056053971041,0.006167682709987733,-0.0006310420664096862,-0.006743433559415661,0.006086194194931312,0.013220617841666263,-0.02492786868257083,0.0138571191787378,0.0011312889266933785,-0.028484788065785444,0.013234048210131393,0.0059950551947739765
-0.0040010604667270085,-0.0029352129678269583,0.008829000066567397,-0.00603704878663631,-0.001290744667560825,0.015143386081715723,-0.02815773503873256,-0.0071789150354463005,0.0023002333573253217,-0.012032355784668573,-0.014169190419474209,0.0022976193508652794,0.021288367911155386,-0.0006361084703201724,0.04133315659140065,-0.07865936298097395,0.027779514858556884,0.02718645540444371,-0.058960056193506645,0.03159262180292607,0.011943912304041538,-0.0367575284033254,-0.01736464000092894,0.018398764387432716,0.05474217233431427,0.00022806701750546692,0.041836770534602885,-0.03895430958851643,0.005071883445817221,0.027526473249597536,-0.07533875550351332,-2.1709411333342616e-05,0.019543966444360128,-0.07113726580518084,0.013777640150932038,0.029884929735878717,0.016119498762359873,0.005764255337242188,0.0055084472483548155,-0.0037626243562399555,0.013072348983286535,0.009257645919085806,-0.02088557056044952,0.011749865318097642,-0.006819816931154568,-0.027869348436539418,0.012693192349728603,-0.006308257067548391
0.005255489513172356,-0.0007607894662672848,0.00458059542479097,-0.003500594158002613,-0.0014278614115369917,0.011275276424058747,-0.02298308466736356,-0.004511022191736028,-0.002982691451109386,-0.016957816828123695,-0.012403945255950108,0.0019146592552123462,0.0161353595411207,0.002537385393736131,0.038848833971191536,-0.0826276190126608,0.02595294741419026,0.026461267183068803,-0.06001262545465303,0.028737617424414812,0.012340579079552595,-0.03573472198731336,-0.02068168948515387,0.014194313814154612,0.05039549302238667,2.7661593636981127e-05,0.04911013529206078,-0.03545130110320997,0.00359246677807456,0.020364323297881366,-0.07450068826607846,-0.007600631632481149,0.018922074123636844,-0.06921001762440027,0.013870427573393886,0.039464198849843216,0.013306572774385846,0.004549560443251297,0.002512112355112061,-0.005579191782803037,0.010217634673839163,0.009098027706849532,-0.019114679159011435,0.014524575427862854,-0.00687235060090422,-0.027966529281769046,0.011023107955093637,-0.004159808359562275
0.004932744787142574,-0.00010406365822894284,0.012370037494229198,-0.0007717236595515276,-0.00502371291208559,0.006580453810120172,-0.025099723845914898,-0.00660876028284878,-0.003080452856392742,-0.010438522501928334,-0.008807398978727649,-0.007930576880878082,0.025631303138606797,-0.001674036432696737,0.034591344668684396,-0.09180012811795231,0.02403276450401542,0.023004615515101832,-0.05929751829915906,0.02554762843620032,0.00963231199179943,-0.04063726811539112,-0.021230460287004628,0.01909447274177975,0.054396249103059395,0.004842175245685457,0.04589519035021834,-0.037087870724869985,0.0033993689646588956,0.026530395953915858,-0.07571555553615113,-0.0025888414086033614,0.015276286453030136,-0.06835493420819823,0.015593702256526138,0.03375201322683089,0.01055723144241585,0.0005055174439434321,-0.0003754730250716728,-0.0010169649116687112,0.010107802399980596,0.005153583820420821,-0.02171251076095432,0.010079746242303213,-0.0019665654676663453,-0.034722843136927924,0.014224924482558065,-0.0018049653142472942
0.0013483703098627088,-0.0033767159990581936,0.011198205138216781,0.0012794988514651115,-0.0050843321601905895,0.00631437504787886,-0.022076428499169087,-0.005105500537459746,0.0041018397331633455,-0.010863659654251498,-0.008823085132993626,-0.005179168209956275,0.018406919154619603,0.0056688554585695465,0.03530638665672917,-0.08706028354598717,0.0300201374113379,0.029784567786489954,-0.057790346979715676,0.025150319511849314,0.008770483648416929,-0.03696117885421502,-0.01905250852035771,0.015175234401682787,0.05756686479108713,-0.0027637510486168914,0.050481502787173595,-0.040641340373961526,0.003476515203844596,0.02728162298003299,-0.07318445055278766,-0.0005258924964591554,0.022727256568313998,-0.07278397001790043,0.015964393357375314,0.040311785571611705,0.014572694933866575,0.004488864067523435,0.00640080874558061,-0.009365281950102134,0.010230682923231708,0.010008347809474603,-0.024970364588353854,0.01252256122295665,0.0007034398361319865,-0.03167067408384338,0.012107757259704704,0.003640422900407147
0.00511493077160306,-0.0029899483375680964,0.007946993515960676,0.006926245313641099,-0.0034734146021702128,0.008938969478092336,-0.025612435520848346,-0.013002808939281022,-0.00012480720292867598,-0.01883818728060806,-0.014123991669222978,-0.007470731688062612,0.014586699151668985,0.007760399986472382,0.037295890745169535,-0.0899237545572223,0.031703250759935006,0.026569165059688583,-0.053892715948664044,0.028142881228645385,0.01945016336120269,-0.035665471798274194,-0.01907903351015128,0.02000545309691193,0.05038856090858869,0.0024157416756139336,0.04939555239123465,-0.03927351520809942,0.0033897138092540686,0.028447074529964922,-0.07498007707619385,-0.004654422088181774,0.020140213780623646,-0.06631929577301932,0.01544151972321908,0.03162259843791119,0.01594865234384459,0.0015769153114588235,0.009406414389883093,-0.0065705248805296,0.005833444679185271,0.005589031873127498,-0.02153882487871188,0.006217419053893305,-0.005357664012253122,-0.034862387763450735,0.015517494428520013,0.0008648324007416725
0.001571200368540589,-0.00786675589621018,0.00565920353918062,-0.00690070965005399,-0.008275106766307666,0.007763365112552103,-0.015331656327912911,-0.008771784221203208,0.001935439550560879,-0.01805711256276034,-0.010616792037007437,-0.0017147818213922726,0.010711310311343133,-0.008587893638282749,0.03589008182921171,-0.08913273423592946,0.032013119313398286,0.030935267967189074,-0.06291846819033863,0.02954847819462099,0.012947049817735484,-0.03464345050318236,-0.02083228754616946,0.02290026046099868,0.052420298571441315,-0.004736947402705486,0.046635672571998465,-0.032487905808100834,0.0015526901342894364,0.027866988593819364,-0.08042031227558763,-0.0043276377172399285,0.02153434385373909,-0.06882122856628527,0.0173381871722105,0.025552761700998492,0.013155602290377646,0.0017716987151621723,0.005789303334687882,-0.0014980662476888765,0.008742046964968867,0.006870992990834928,-0.025865127540233852,0.01274910939015102,-0.0036679901029686673,-0.02822560344395476,0.012128862237199325,0.0009185084710312193
0.0033010500208523583,-0.002947419554225754,0.007901162756114277,-0.000962924014439112,-0.0015649239637296503,0.007405174353251851,-0.024180227782858346,-0.005157543056628605,0.003943092748319046,-0.017276489952153112,-0.017718531969492447,0.003913732599249884,0.015084510156233992,0.006486335566367535,0.03227533894434416,-0.08706028354598717,0.0300201374113379,0.029784567786489954,-0.05814381392022101,0.026748007329977095,0.01012333711239797,-0.04083889110228755,-0.022921008729578363,0.01587700153970476,0.052420298571441315,-0.004736947402705486,0.046635672571998465,-0.03895430958851643,0.005071883445817221,0.027526473249597536,-0.07066632245709277,-0.006373476364223148,0.018482778567344916,-0.061972033834809634,0.01884962909961167,0.025171281231224675,0.011571484938317264,0.004736181736224169,0.0059331723495606266,0.0009612778721776113,0.010320110673842415,0.011318243467588009,-0.01999322844844545,0.011524247791137896,-0.0024475981321082927,-0.02973214033084298,0.013976261349522644,-0.002275560316469681
0.007020130068952755,-0.006230790210182768,0.005811772616790038,-0.0010976801586543652,-0.004972563965631233,0.008985618340891241,-0.02254040703360767,-0.003320233330611789,0.006809775734095609,-0.015787859923167426,-0.007115718320719213,0.005178988351152483,0.012423033053915981,0.002558024710763171,0.03937486271857881,-0.09460819634961658,0.032011638701775376,0.029281099669494322,-0.054764818236066895,0.03034902318304428,0.01270528260139368,-0.037986198657361185,-0.017295609320483497,0.01227423721713311,0.05365615468877846,-0.0027315839980477114,0.053127777277088555,-0.03909416269921802,0.00012215299489516326,0.02720722353696196,-0.07689807634936081,-0.001668965802955379,0.02219279374492593,-0.06167070961997016,0.013149339225640868,0.023836206928397944,0.008837523074786796,0.004911027963522292,0.001287738405758693,-0.0023091217034371296,0.010268941623260683,0.010208617687321833,-0.022291122523589578,0.011142324182432401,0.0026832774352728438,-0.02816619667055164,0.012222887207523663,-0.00028565946221322994
-0.00037305907210760143,-0.003019835240245691,0.008922955388505757,0.0024841562802953112,-0.001584849089970244,0.01168734099285996,-0.021649377109632856,-0.005957512044643042,0.013950521596335986,-0.01632017805129642,-0.012381302530396791,-0.0022102197844438825,0.018822466338225676,0.008813056841134531,0.03202767859696746,-0.08544901414422593,0.03392272342398191,0.03269634766389095,-0.05962909360766468,0.030492667506548866,0.006971966837577078,-0.03858763544930066,-0.02474018044283345,0.024894238952880215,0.054878964622745115,-0.006892913928188498,0.039803945897933984,-0.033486332846158075,0.004972640296697124,0.025883149227495312,-0.07433405210832313,-0.0003164161594685602,0.021620813362364388,-0.06556405763952008,0.013420352996754929,0.026950632186488695,0.010181599352689715,0.00764630148993598,0.002962298149972721,-0.005922695590789351,0.010030703846966377,0.0034866537162982396,-0.020149528178028866,0.011456787506695055,-0.0013916924722461434,-0.026626972986870095,0.016491321619724927,0.0015457016721639814
0.005206233020829518,-0.0044328731404032805,0.005736553820739736,-0.00335135512201378,0.00026347537906536194,0.009883612290553718,-0.018588402215703827,-0.005388934032836416,0.008572615289222723,-0.015541098742603083,-0.008815937044585366,-0.007204253461500341,0.016597485650033578,0.01036124993674331,0.03612658156563178,-0.08621322822311614,0.029767049856726343,0.02666490346590729,-0.05950539323889933,0.030519463600807064,0.00585105493223302,-0.037640868450064875,-0.022593504575074138,0.01389712155510625,0.05252978969824668,-0.004680540700191738,0.04547712804435816,-0.0351271516859692,0.00502726550527062,0.02574604770532892,-0.07483570819293961,-0.00456941549321935,0.019169950938833575,-0.06528636599014126,0.01713276232438123,0.024755534236797504,0.012913166856988819,0.006064771087274786,0.008183555115231547,-0.000207129752226467,0.008580835266256047,0.0018161688480685452,-0.02769586071126494,0.012570054798865325,-0.0017046863419975726,-0.02464018866182379,0.010854850435355093,-0.004475727658920902
0.003303255946483162,-0.0011891466411260842,0.007886457495208247,-0.0010837119280656942,-0.006688864072471814,0.009175195330223767,-0.020417415773636916,-0.0012262085661558716,0.0069060718141615235,-0.01107640244687247,-0.008770978479058467,-0.014569075297848033,0.021549805320326826,-0.00010384494251061165,0.03896209084110528,-0.09338322772792951,0.030270527585701718,0.031244623060463387,-0.05916228581718211,0.02724781237252445,0.006504118741195428,-0.03437197967449966,-0.020665521865141204,0.017730783174916234,0.050628306336995985,-0.004634635093250898,0.04622351676747989,-0.041545412649614415,-0.00016519453160569525,0.036448102721867846,-0.07104480720263633,0.003064778318709828,0.0153531791835032,-0.06510761721281862,0.017099822483545933,0.02360127171872033,0.00417177367346713,0.003920444022403772,0.003760967635242517,-0.007085282789491836,0.005897995863861617,0.007609555690551444,-0.019728389087183915,0.010327588536092306,-0.004986918867350885,-0.0298887434052812,0.012212420575793251,0.001075761097082342
-0.000554079474801239,-0.0018893593778871848,0.013374145503642963,-0.000977104415789581,0.00015191074697973826,0.007216779944311402,-0.022392140958798802,-0.015449471476163634,0.0057999748503255915,-0.0104741818959761,-0.007040107947839732,-0.007669240457462444,0.01950352945568133,0.006402069241947273,0.042434178334086914,-0.08716379307330771,0.024293587673465056,0.027803881247560985,-0.05501307134769986,0.030295341128379134,0.014946238912481466,-0.04151279520607732,-0.024903232966824024,0.02170765445387428,0.05421233074647645,-0.004839380780372427,0.04704744995452101,-0.03704079026996443,0.005049592197702333,0.02663638470441295,-0.07521573556597654,0.001665089778338662,0.01772872986893906,-0.06917075619594017,0.01341370523555049,0.017186773944039165,0.013181412275946438,0.00599309491325188,0.004006142615701698,-0.006139290488834304,0.008631560145977739,0.004187795255877445,-0.02309520247642834,0.014034939384829125,-0.0008319262534671965,-0.026486681469811982,0.01519759876283672,-0.0011247258528511604
0.005204803100287116,-0.0061898854097039895,0.005757287435431333,-0.003474064942541262,-0.004860764358852437,0.011655703389511607,-0.019954966917752854,-0.0030106683386542576,0.004198169190189685,-0.017632143167319664,-0.010601539265525919,-0.004464507577374567,0.014302595936650451,0.004887338919450095,0.0393892016753468,-0.08073607634088967,0.02977001606911205,0.028323834465183266,-0.061137280214173244,0.032557017618364076,0.005830914770721527,-0.038115427268619585,-0.024447530426492094,0.01584539054020733,0.055556599054045516,-0.0027759841686379786,0.05238378473330889,-0.03890769649575529,0.006721989439626359,0.027633450802812657,-0.07738378237995826,-0.005921421312630094,0.01974375144792563,-0.06728229012345498,0.015395536508700448,0.026830098097715215,0.010095148136816225,0.002038650351381295,0.006346039218485048,-0.005199152301530244,0.005892597529242029,0.007160615370194561,-0.018945188622856064,0.011366314921636362,0.0008674732050645066,-0.021422555776156878,0.018102385172024754,-0.003484506822792992
0.005164292716233278,0.0006823844890260886,0.006792707876819041,-0.0006229217964837436,-0.003332585926408236,0.005188639064881197,-0.025412157461503257,-0.011935674026309495,0.011048911173865352,-0.014016875329998993,-0.010588342593088986,-0.006326925748118105,0.014670011654557271,0.0033460848516193658,0.035555411444637024,-0.09031288848499139,0.026057674184420645,0.025615165067467093,-0.05823403584072396,0.030075830352585,0.007227371267955296,-0.03989570617570863,-0.01764083553858579,0.019069108872967123,0.0561044186746973,-0.002492534838096399,0.04659348800465413,-0.034451750707079024,0.00017213588686047697,0.022348716917760837,-0.07772879169083763,-0.002890231246608107,0.01999152804310155,-0.06777927316794037,0.013605580686128623,0.030237403843907676,0.014314823166774905,0.005968397849156501,0.009978735168494611,-0.004382114977408942,0.007446701851488439,0.011059341353256185,-0.021822828077071376,0.011344841114749479,-0.0004836478205639619,-0.026227569194990343,0.014092025660139732,-0.006204816392436155
0.01069527320410069,-0.0008919144516645844,0.004699164651262972,-0.000906699143440028,-0.00843075263103043,0.008162529603611303,-0.020026187358549035,-0.01118019765477816,0.004449458742968921,-0.012741105425728363,-0.010600860929932345,-0.003819640401780192,0.020679753880069738,0.008805673411855666,0.03176403423854017,-0.085012595297136,0.03187349058250488,0.030303121475491697,-0.0596424634623956,0.028817136386595974,0.008979211382594394,-0.03321688374960217,-0.022332088288048793,0.018035795293928566,0.055556599054045516,-0.0027759841686379786,0.05238378473330889,-0.03649115777291464,0.004866009326142425,0.03088319221050467,-0.07313364218501536,-0.002837569864472971,0.015548914300604283,-0.06770016819860852,0.009827899725599668,0.030129667793042065,0.015661377499356186,0.00729791668520828,0.01221520881065732,-0.012228122451575087,0.0058494674015111625,0.006934679957223683,-0.020930655368398488,0.011119480717099733,0.003886547716555164,-0.029791463485707593,0.013882094431830852,-0.0010712631382071818
0.0088821285235995,0.0009079128781810364,0.004630613322780047,0.0011310344625554678,-0.006775055217375695,0.007705556027379739,-0.0340325739349946,-0.01023741394032552,0.011728084613426544,-0.010438522501928334,-0.008807398978727649,-0.007930576880878082,0.01495416306161668,0.006219676580228065,0.033461254741154446,-0.08196338492669304,0.03150872793813786,0.02634690734362834,-0.058127590958208915,0.028424683203473054,0.008115025591351285,-0.03622007766597294,-0.012337734938173759,0.02934947714003284,0.0491709612767448,-0.006749981237870044,0.04205212258760075,-0.034577864951647615,0.004843651798719908,0.029993081398249306,-0.07592795033858006,-0.007561138384649574,0.01975643722266814,-0.06564385918733519,0.017198651597331267,0.02706366516293331,0.011250196370432824,0.007639516804341798,0.009976204472075085,-0.011602128719257612,0.010050085975979938,0.00485161067810091,-0.020977204361259064,0.009787615859086071,0.0034597047989684275,-0.0265626204008721,0.0120450977619076,0.0007609504987048775
0.005113430769212877,-0.004747062606096668,0.007966913722074316,-0.0014374456772557108,-0.0032051118481663107,0.01120100201171328,-0.022300727384148455,-0.003190981872940638,0.005425107809827055,-0.011145872282275628,-0.01590538985980052,-0.0034641890119082417,0.01688221898361693,0.01323827938837379,0.03403430573809724,-0.09443786221888574,0.026194538826747205,0.026230518859834108,-0.05492121092844768,0.0226499593193942,0.01017724446368417,-0.04287723365013866,-0.023354759934868522,0.0252636824779857,0.05388368161159787,-0.0050085900928580835,0.05052233480341167,-0.03704079026996443,0.005049592197702333,0.02663638470441295,-0.07209655777331062,-0.006333894838621292,0.019317569197196117,-0.06824590012645362,0.015349601511228618,0.022036065142396057,0.011779336737479761,0.006089397553317122,0.00221012493843913,-0.0120201096756008,0.007249616281272485,0.006240672351485545,-0.02738020836236595,0.017982990816777455,-0.00104594693581063,-0.031632701012872376,0.013682758007245747,0.0026978258128337543
-0.00023446205682781343,-0.0025477582176318216,0.005580189318859317,-0.0002541157744096265,-0.008533672635537627,0.0033508400938655016,-0.020674475700886735,-0.003398384205072068,0.008352248301509917,-0.007499439337771308,-0.007050022729485578,-0.00539910250850137,0.01851376812483596,0.0035926856000189434,0.03384195705811735,-0.08445149241580825,0.024579688911762276,0.03238482747170362,-0.05546819409093436,0.027560264655062065,0.009747740099693572,-0.036825673713832274,-0.017406058931358347,0.019690472976877583,0.05285012621567024,-0.002120717903107993,0.042289307380675684,-0.03289235439931053,0.00668802856895967,0.023932442474478167,-0.07531587996375966,-0.0016228891188604672,0.020389202945276668,-0.06680515717891035,0.009661819847606315,0.024356428046657264,0.014619109984377099,0.001656170315845273,0.006554391787399884,-0.005320892764767735,0.010185397787120092,0.00808707374318724,-0.02478664085628142,0.008654395092175563,-0.0026893204615630775,-0.029791463485707593,0.013882094431830852,-0.0010712631382071818
-0.0005079259761741845,-0.001732006160286973,0.012260299336832526,-0.0026330584312960815,-0.008421770190497339,0.0060251149355160395,-0.020947862583206543,-0.007612520375811455,0.009860777977879844,-0.00774538700770612,-0.015898309579621715,-0.003965607064618308,0.01934503071812246,0.009882473331200988,0.027282809473290332,-0.09174561345784085,0.030327730155965953,0.0324913450954379,-0.058991575119403936,0.028239514217311197,0.015957570127583462,-0.039477589991118445,-0.021338436576104517,0.02650482725534191,0.05186529331193561,-0.0026306526734469664,0.05271363223747068,-0.0354911860023832,0.0014474365823995796,0.0328641486735694,-0.07658283734218678,-0.003099535549580727,0.021098286416983917,-0.06548370422343121,0.009642544607648053,0.026838599097938513,0.017453908666930685,0.005685554032113797,0.00834795862129336,-0.007085282789491836,0.005897995863861617,0.007609555690551444,-0.023851464167219127,0.009763967980842387,0.0021084086121278362,-0.03016426118191265,0.010261864769417369,0.0068338823301811865
0.0014467292075495046,0.0004562326599014913,0.008950583857243352,-0.00043146374444765536,-0.006791473021179768,0.004364186044579795,-0.017828933440262897,-0.0009175815879804365,0.004293373653286239,-0.015116144667960836,-0.008800355212792474,-0.009955199778806519,0.013665384151387615,0.011977224927251234,0.02953515052953985,-0.08575051380016094,0.023871311520121896,0.022609019506801335,-0.05731354659495763,0.03123202018086454,0.009956661726776993,-0.04153310312308043,-0.017820131660965348,0.0206947269060008,0.03901130214142041,-0.011598872604710082,0.05220874056370852,-0.038595956018681654,-0.0014638446835977884,0.02504714963443072,-0.07327847670560347,-0.002922684661866023,0.016519437869727396,-0.06538516206142748,0.0133872758659374,0.02579618773992907,0.014609167151273765,0.00024939963274506335,0.0071528886289556545,-0.002788597024446663,0.008903227661441478,0.011924017748232698,-0.021464501472670726,0.01281244420517371,-0.002167787538951015,-0.033118333334312966,0.014048075172825943,-0.0007573626680090776
0.008881955551976494,-0.0061148267637798365,0.004750158889470158,0.0007313935994345832,0.0018584238019258154,0.009171976904506635,-0.019937117919654235,-0.005985425024022725,-0.008304763562319942,-0.010969059753386013,-0.014131328094616192,-0.004582174290845259,0.019083726081758023,0.00934763745017851,0.02965546164177676,-0.09607741645845465,0.0261361802518896,0.024978185756419358,-0.056983106080321096,0.027952840972391986,0.0106124039170187,-0.037707742559713514,-0.021072896426595628,0.02229006056808004,0.046503451358387474,-0.007094831004478212,0.050911508103412315,-0.035305053125488754,0.008295963519059073,0.026985249800330364,-0.07494529796719955,-0.005365809701572655,0.012115744849971927,-0.06592184443825393,0.013486516849669417,0.029259126969589377,0.014886813111676443,0.0015833709625348523,0.0023790139250413245,-0.004857501606776811,0.006080744541565279,0.012771614066108416,-0.022291122523589578,0.011142324182432401,0.0026832774352728438,-0.02492134434758024,0.013443281971016765,0.0008642434608100526
0.007301520046916053,0.001739239364091168,-0.000987450429545726,-0.004750111042926367,0.00022304672255407196,0.005336786900563971,-0.02182125724313651,-0.002932415589289938,0.002655321203579724,-0.012103403120720004,-0.010577636491187188,-0.00794697178824252,0.018822466338225676,0.008813056841134531,0.03202767859696746,-0.09392658424831496,0.02659086282876713,0.03164036788051542,-0.05546819409093436,0.027560264655062065,0.009747740099693572,-0.039611497921916,-0.022986609723952982,0.021996224461753124,0.048855606121919554,-0.011688924217141348,0.0449658729687958,-0.04050268695198524,0.008426500521063422,0.027604369029431173,-0.07185649601750363,-0.0038518366185191916,0.024553100741968877,-0.06281205610105217,0.013136038899606128,0.020196471196124915,0.013248500674462656,0.005975169026892897,0.0029615828784039346,-0.0045509068787011435,0.007006572290624287,-0.0021878215371290612,-0.021289160541412867,0.009652619111580444,0.0055705019752086285,-0.034862387763450735,0.015517494428520013,0.0008648324007416725
0.0034421268263842655,-0.0007171686221215629,0.004540618935232212,0.0033307968867926697,-0.005144942831656494,0.00604808181868527,-0.018128840060064003,-0.0071720536332918515,0.005866699122556086,-0.0060483847215523625,-0.005288008747547768,-0.0039970585114315355,0.016894284229424024,0.0017931906308637235,0.03145611518057345,-0.09255840902155693,0.03386653300038898,0.029807979231743366,-0.054473431189702985,0.02538047889381231,0.015375155008464082,-0.03641391679941066,-0.022659554568841545,0.020017451251466954,0.04759673566054351,-0.006534124290050116,0.0393232179927567,-0.033984344736438486,0.006558571947861722,0.02804344262230371,-0.07821895608124307,5.6174011886372584e-05,0.021210566024266162,-0.06206951558308853,0.015104353101370831,0.02620550598330391,0.011631725122253437,0.0033115347538782004,0.0054785074191447255,-0.003389313712690847,0.008748249261585562,0.007324615131895846,-0.024189074590776894,0.013562588056232599,0.006556205358509742,-0.026622093768412517,0.01195108521981864,0.001965068674787819
0.005022197942802782,-0.003304228111266418,0.010177261537992841,0.003019476164278353,-0.006809925792786848,0.008641074989061892,-0.023954205660374525,-0.007072860868259699,0.0026196159292866525,-0.008205326257294056,-0.014089488187409863,-0.011716478468286997,0.017748420299614136,0.010424163997993344,0.025173164562990583,-0.0919948389775763,0.03369778607142891,0.02772614551334654,-0.056755978940059966,0.026326916679234022,0.010380568185493221,-0.04166930238407474,-0.017902612487878635,0.023276754186015002,0.049280386564990494,-0.006693845150989036,0.04089299281660795,-0.04014259593662537,0.0018908642631769684,0.025119994949041196,-0.075614458582723,-0.008991675107285317,0.018662777303016936,-0.06337190808216563,0.022649466342499525,0.022803073507204445,0.013114334694940945,0.006011018062469562,0.00505061970803334,0.0036602090432086513,0.00878774379244378,0.007530379519881053,-0.02282710532145774,0.012836392544966376,-0.0033716417124196353,-0.024780776230345587,0.012149187474486327,-0.0018056356374438576
0.005254057002448544,-0.002518401317170086,0.004600683357694506,0.0028561476740176003,-0.00678426793073919,0.0098437557791357,-0.017170436729761762,-0.006655296149586678,0.0003270198516753892,-0.008028690423052846,-0.012314830336717654,-0.012830660367105225,0.01897694661376918,0.011424376299569461,0.031121086512076332,-0.08557721132994572,0.03204211008074415,0.032383105673808255,-0.058127590958208915,0.028424683203473054,0.008115025591351285,-0.03225882175546739,-0.018632849719385135,0.014156752265881105,0.04514337511856466,-0.004384732738425969,0.046143421108640253,-0.03649115777291464,0.004866009326142425,0.03088319221050467,-0.07638594619086411,-0.006215547572852083,0.02182040282905569,-0.06216674342208488,0.011359832303284476,0.02724148859026102,0.01596053270285916,0.0029842840016327337,0.00880358040121821,-0.00704224246878121,0.0044667586604925326,0.007299095000731786,-0.027384188031468276,0.012705346344902233,-0.0038164184586518225,-0.02816619667055164,0.012222887207523663,-0.00028565946221322994
0.007300296861651614,-0.0017752389123242018,-0.0009361452658801661,-0.005374542800343401,-0.0031091625965762584,0.01052738487279848,-0.022533564487446266,-0.008341694786914586,-0.005629848196852064,-0.00930457706561887,-0.012361414134178473,-0.004569489837024839,0.024525528636680963,0.009058497515563835,0.03004879414089636,-0.08872136791931216,0.03381035782056405,0.030212297252495423,-0.056859617468359956,0.02797925666180109,0.009491849070606545,-0.0394272111471388,-0.014215263499706912,0.024209086205265164,0.055775706026010265,-0.0026626420803068343,0.05006796622617643,-0.03790585322612334,0.003302906173536573,0.02961233104664171,-0.07538849206389454,-0.006509615581999904,0.02389661953218217,-0.06702408316749278,0.011584070424441378,0.025565971112382214,0.013105560081866554,0.004603594711952311,0.005644993699737435,-0.003312823327936248,0.005887175002065154,0.006711453165482981,-0.020745576645275918,0.015747305592430066,-0.00553523045306897,-0.02654612078854998,0.015103327182483615,7.955129894486802e-05
-0.000554079474801239,-0.0018893593778871848,0.013374145503642963,0.004580782875166035,-0.006793464604980212,0.011981718761277686,-0.02140996778964365,-0.005828423647653482,0.012566666803904582,-0.015327536214971042,-0.008867383316016626,0.0021775483369469387,0.02050128328896547,0.0038495335160594626,0.03239118428477864,-0.09184332779187095,0.03173080263541018,0.02636414675236835,-0.058818361164879526,0.023977743462420025,0.00715850597201764,-0.03491686241050201,-0.02255857076590249,0.020966017084243286,0.04738380707268975,-0.009031045723873324,0.04136202980209764,-0.029609776757057695,0.006578889059799404,0.024204962659886534,-0.0707463512124154,-0.010372089747745419,0.013122255269892052,-0.06138044806828989,0.012871702847281199,0.01095005313700758,0.009966157096221904,0.003480571817408222,0.007849311924145383,-0.004382114977408942,0.007446701851488439,0.011059341353256185,-0.026415204074234838,0.009875521149672252,-0.0013550599485724125,-0.029613531147714426,0.01416463124302287,-0.0046845062608172625
0.007158974331773876,-0.007515900625016099,0.002491390282400025,-0.006012202138093708,-0.004723334193433972,0.01552631791036125,-0.022045617110745826,-0.001017652034292224,0.0039791454215067626,-0.013271912187135334,-0.015923732712432866,-0.0004614690880626647,0.021728221041487555,0.004850347944032493,0.03833490950912145,-0.08880305831807263,0.024234874063260362,0.026551117075660824,-0.05814381392022101,0.026748007329977095,0.01012333711239797,-0.03627863508423226,-0.02257600521730708,0.01743202106454211,0.05165405552923273,-0.0051314429773705005,0.054742682545072405,-0.03475551502986539,0.008111770221848625,0.031231592416362093,-0.07562898942176981,-0.00019217150870032146,0.02148423738802322,-0.06921012578201537,0.0153037147308036,0.01724049957195371,0.011384253555034949,0.007603898160808683,0.007887544726748406,-0.007772252101623734,0.008605408876748585,0.0036298542033631493,-0.016284645857255996,0.017134069605303802,-0.0036075061207945375,-0.02973214033084298,0.013976261349522644,-0.002275560316469681
0.004777309467873298,-0.01813482747989745,0.015910972291083354,-0.002934579312828132,-0.02009780895642911,0.02513157797037709,-0.026963184323433757,-0.006532383257899489,-0.004625616067446721,-0.012172737711246634,-0.017652780457328772,-0.007601023928002603,0.02367118451145781,-0.010073876757323406,0.1032423674614138,-0.09302060874549745,0.0394828384603415,0.05498104392795547,-0.051081242796845526,0.024668162157572254,0.010286154486810115,-0.040772775387929734,-0.021313488968863932,0.021678241950374023,0.06385971112828642,0.0001610223451935089,0.08090839361665139,-0.03140111498210018,0.01876939901161146,0.052158108677085493,-0.07015828868237226,-0.0005190951390716122,0.02008918390354135,-0.05819519811698954,0.01882104026752423,0.03378502537052066,0.013752016106993174,0.011760186362079931,0.016987301661441065,-0.002985723632377384,0.012975712814861408,0.006222941660850872,-0.02242459048131261,0.015638305726466618,-0.004627037010341159,-0.028370511323128986,0.017961998199093047,0.003169639663306375
0.00401328413622026,-0.038155551726486214,0.03390756586681498,-0.011134879438488947,-0.03327624833232837,0.043148504928203116,-0.015161969172861108,-0.014762114626070936,0.0007466311190609982,-0.004309975014441497,-0.017656549849174984,-0.0047348956437982155,0.018853851801465,-0.04310583735514224,0.17610401563182604,-0.09084706097478619,0.03880440704734862,0.09619879188793672,-0.05246848900907992,0.022699857359335274,0.024616968710485514,-0.04008457166957395,-0.026405701758179915,0.01685029513913805,0.05927560340126099,0.019317723302530506,0.13086500150221358,-0.03848802321538386,0.0373576365892872,0.08848704936404302,-0.07898261673618583,0.007536099780201806,0.03774878332234309,-0.055602149851452044,0.020668151531661797,0.038821636758433566,0.011966757857845175,0.016184903535438715,0.019702882412442686,-0.0008119464698771336,0.016014089235252618,0.011980871115201543,-0.025041682918291258,0.015124219762258046,0.0026150317682413285,-0.028446724502915216,0.014809605141943589,0.005052885104512757
0.008688726837642326,-0.08967110113091738,0.05429140404790378,-0.010171680807026047,-0.08576745052139755,0.07411909304282643,-0.004415004278825545,-0.038484620816743094,-0.001740720597768572,-0.001617664615490037,-0.02473836446479437,-0.0008060331827421917,-0.005908603523225826,-0.11428089007460948,0.34442184813399207,-0.10281293671010254,0.03368639951259581,0.2208658590862406,-0.03803920563304969,-0.03312017212129425,0.09270619021602874,-0.02331121441966862,-0.0335435834038112,0.0131942620318342,0.039940712104390846,0.05785643902358712,0.2635272244330241,-0.044022646268318054,0.08812235237640555,0.21905747028862455,-0.07695613326360821,0.029546038252814922,0.10259528745603519,-0.03177660345052051,0.029209689274512923,0.0594035801474838,0.015023118215197027,0.03883873960107536,0.03728985179709054,0.0007104110768929614,0.03316358782344573,0.015165781525485927,-0.0187758152590142,0.02384611691181659,-0.0038629629854676937,-0.027114523076500648,0.029362687154149948,0.00993907304387759
-0.00047015363102493956,-0.16268894530446437,0.0927158289176317,-0.0007573811199726365,-0.14805849317800726,0.11928989367667933,0.0025049162985065487,-0.07693330243790718,0.003234524371753306,0.00785708682321931,-0.04051306654551173,-0.019558702563567846,-0.040891638952415536,-0.21595674348301783,0.5559868584569859,-0.11821461000664707,0.008736997782077526,0.36941227289438117,-0.03172861545516378,-0.07825398563452034,0.2175705531610148,-0.01014025519152997,-0.058533750060394206,0.02789226797084804,0.0256890895616407,0.08342952460448155,0.47715392882689583,-0.07615182840202304,0.14274395486187244,0.41068051731767696,-0.09083962830340697,0.05099693232358571,0.21355721886191376,-0.01319769506455224,0.03281510740233503,0.10262338602960254,0.025203415653920137,0.0785601738933383,0.09011314544974805,0.009374827129838724,0.060101943778582974,0.013790664245615043,-0.01542050891258164,0.04298275411602705,-0.0050238906390853415,-0.027461586400463905,0.05005044724448136,0.01490079716197778
-0.00814211367011719,-0.23917298509826523,0.13346824008030098,-0.008488899654443929,-0.22292313760777382,0.171840951881743,0.004917872111833591,-0.13033749341417547,0.019960424044520555,0.01974570206098328,-0.07046415055510792,-0.011493268220791272,-0.07225943242196772,-0.345664539456867,0.7681595414219425,-0.12267501021183062,-0.05384645135065534,0.5171601242756205,-0.033721647083602334,-0.14292484812480094,0.3690099813380889,0.018474968275773586,-0.07848887772426823,0.06953065260977692,0.0060017313270753206,0.09078416364050311,0.7461560165972365,-0.09180285189633207,0.18494363026618538,0.6297661346005632,-0.10601033714527938,0.06276383048226862,0.35850362805337704,-0.022355451076419633,0.053591952831730225,0.18057013730448263,0.03373339356697297,0.1634885552523917,0.1793298159268573,0.0170983569486225,0.11079337728202916,0.04942333460193541,-0.011222813306118948,0.07354119682742663,0.006499542161573356,-0.015235786775652928,0.07812751724415926,0.032350682802038094
-0.01275328812279086,-0.2739960225633001,0.147559118174251,-0.011323042391185678,-0.26271175219116333,0.198005216703,0.0032625281178709172,-0.1609855743285603,0.026960441252469543,0.02673060507881109,-0.07921732529037348,-0.01424582882249173,-0.08674314911028738,-0.38875852588675214,0.8348330923228934,-0.12473596057513102,-0.07403676123446984,0.5775947977360864,-0.03239104803885639,-0.16847127514441748,0.4213064769080506,0.01944438893144313,-0.09269250581204223,0.10223589294369878,-0.011344975353046934,0.1097944915632969,0.8430735483910567,-0.10217907813535015,0.20477695987384797,0.7260167488900896,-0.11401481738007539,0.0637306217348711,0.4274018239415051,-0.03054027550819785,0.07000467320856697,0.2311669621458063,0.041226899443309255,0.20532828130995073,0.22210772929498965,0.02213859321555573,0.14362728310905895,0.058534897121271474,-0.012839981965916599,0.08991924142778639,0.027093643044083016,-0.01896492567515335,0.091287059632148,0.03999783325595076
-0.0278307719036633,-0.348541240922513,0.16856323685837601,-0.022069699296528238,-0.3186431423065588,0.23791544162633757,-0.00013365283586002613,-0.21716781765228066,0.05480904044468325,0.03169511988556478,-0.1108175165293296,-0.014947801526408882,-0.11513287690021562,-0.48713959247227906,0.9820565660770527,-0.13499040596871315,-0.11922485064434676,0.6554630386014586,-0.04155750805479502,-0.20809228960670162,0.5258109584349708,0.016046169779845687,-0.1106269945571958,0.1865175424800661,-0.019486333878767657,0.11434064597811003,1.0253376078989387,-0.11411231750452706,0.22431333236405251,0.8574666604979517,-0.14178419673858816,0.07415988305815296,0.5187136738239039,-0.045328374845513913,0.0858913392175602,0.3341562323873017,0.049061949552929446,0.2765224665642257,0.29837894765100015,0.033715651879364754,0.18521145154991728,0.08237483613166302,-0.011839380022877983,0.11520929602868214,0.03575411356681929,-0.022838813146434926,0.11180004554058666,0.050305603796651215
-0.03855104309540124,-0.37882486119796677,0.1801522844629184,-0.014636083999185609,-0.34315544679421806,0.26225395885370734,-0.005047193534629103,-0.23397298201970385,0.060741633327019186,0.03856798860530759,-0.10549576800694777,-0.016947548363251425,-0.12714926897100165,-0.5420493335956743,1.061204384231076,-0.12809099668699908,-0.13867177675730102,0.6990785391202458,-0.03991628911943554,-0.2268016510667558,0.5538038046927499,0.01175537940778755,-0.12234556216617261,0.22501099510004785,-0.020768398513901155,0.11669507498320608,1.1319940342714534,-0.11239525811922642,0.23750522365024979,0.9134937383499753,-0.14756855323079998,0.07423988507594104,0.5506116762372063,-0.04202203433968835,0.09189248906456679,0.3656995247270615,0.06318989904087045,0.3157206953770477,0.33890713944874995,0.025947229523215924,0.2156282097183202,0.10267027088834735,-0.01347739835880239,0.1290218628814963,0.054494861333941845,-0.024484764819165318,0.12102643900723574,0.049802096843708454
-0.04737808340102403,-0.4536045581848606,0.22277704207437538,-0.017520902198630926,-0.38749263016027563,0.2886799160697221,-0.0032463756492390173,-0.26815265001732413,0.07006145045620132,0.0332668207513799,-0.13362914425504027,-0.0040339247224378824,-0.1374353396453596,-0.6229973407847574,1.2214610444142027,-0.1240889040951762,-0.17646859270776624,0.7725003872811436,-0.038218543603748587,-0.24876946340525283,0.6008332662110367,0.0014845295358059058,-0.12850881640761813,0.2712428280348637,-0.020857588670867535,0.14740758318183067,1.3417385539353117,-0.09539267725372162,0.26129296589132,1.0051983441526533,-0.15991903182561176,0.07504665085939258,0.5941462403633776,-0.05041781563080461,0.10621017027883714,0.4069621908542533,0.08413779843604707,0.40505725429671485,0.42313515497894305,0.042445693211056616,0.2542321165377146,0.1324685932433555,-0.012438645146361858,0.13925304176273068,0.06466090937159671,-0.024758607719025542,0.12360222399341023,0.055177640931727154
-0.06569040041743733,-0.5141703110055884,0.24661890318257063,-0.02641635485737668,-0.4261663847767633,0.3262854412640932,-0.010458420729072741,-0.3158775312127466,0.09019901900987627,0.034312475796572164,-0.15114001007702027,-0.0002528921676132314,-0.14912132553735083,-0.7016338149887619,1.3645184728182926,-0.109040297192896,-0.20200129672648665,0.8412756607846488,-0.04021874447650561,-0.266013636324181,0.6366996114156543,-0.007246738384268923,-0.14343433852229723,0.3370067231772377,-0.020196686722636102,0.1693879113021639,1.537646294467347,-0.08377218878681475,0.27799633529842077,1.0786789467684308,-0.16853326715491695,0.08671112229443297,0.6296896118202463,-0.07332228211299653,0.11592955738496338,0.45542900694590754,0.112918068844781,0.4922978779235556,0.48342121300299173,0.047971573851651704,0.2984640967753428,0.1541059276162158,-0.009810114784266953,0.15987832022490114,0.08190643327339038,-0.04158292336039578,0.1405392359865214,0.06117255015684837
-0.0691127074951632,-0.5408418109028531,0.26575610499368285,-0.019709017904920797,-0.4456964014002259,0.340742020360792,-0.01767581163671775,-0.32951902024596974,0.10245847484757581,0.03274450944024631,-0.15640557683026707,-0.0006692873337847841,-0.15315626767872106,-0.7221973458266174,1.419270248362354,-0.10823107260378693,-0.20695495856322033,0.8636529954980314,-0.04434822318344665,-0.2693307049050604,0.6749367132202246,-0.014179489603005047,-0.14664391656258477,0.3537402003464499,-0.012351245530589462,0.18719042564461352,1.6004902775129357,-0.08472860325856577,0.2986441402054045,1.109358611511668,-0.18437544510095694,0.09995950911395018,0.6540949348352726,-0.07313838751899396,0.11981426321550559,0.46457144472168016,0.12013173283643877,0.5159729075486442,0.5096030960641802,0.048277674213187544,0.3056973385680863,0.16211245826740808,-0.014767846474183414,0.16271879260081537,0.08241382400792308,-0.03529822228252272,0.14425866137022417,0.0674216140788286
-0.08023207571985656,-0.5675173327642669,0.27118128222239346,-0.021197479009988366,-0.4728872840275426,0.36897034258091305,-0.021571775416619542,-0.3341646396498313,0.10491110642430032,0.03531887241923265,-0.15813332736221714,0.003825478997195431,-0.16779431823838062,-0.7462713920285057,1.4818217235743074,-0.1134011393894345,-0.2195185112959792,0.9161430603610111,-0.043867232232283206,-0.2806596172252878,0.6870730202396574,-0.017048905333892136,-0.15087521088035238,0.36834776447347994,-0.019249381331161955,0.2102289653867435,1.6635842933691924,-0.07689464979826845,0.31891539505654687,1.1729499210421805,-0.18699076719770125,0.10092239781494336,0.6747550019597002,-0.08239747277786193,0.13184286227917927,0.480061773255607,0.12443666734612158,0.5501818774849496,0.5335603899820806,0.055277074434164034,0.3411978349147638,0.17760443104884963,-0.015597891534566533,0.1723085430988432,0.08245243743458774,-0.0389478141963132,0.15291778001686765,0.07430578176699469
-0.09637945461925554,-0.6465118483521831,0.3093034106410647,-0.028952996468872692,-0.4966748605763874,0.3959798248996729,-0.016969879704221934,-0.35038190670338376,0.12062658456970779,0.028356936650797013,-0.16869742336974322,0.006730513886630843,-0.17513518928806704,-0.8003850970317333,1.6176405351073895,-0.10683816875093494,-0.2205944187847907,0.9609722632515524,-0.045829792989230476,-0.27845516953022387,0.7133193293235407,-0.014934285457885558,-0.144226130607944,0.38432443488589996,-0.010623889693028452,0.25804877526357956,1.8126063667826007,-0.07105286753801936,0.3362510569923281,1.202109970416986,-0.19773684631921745,0.11528242085994793,0.684697785679987,-0.08113188188569709,0.13944948386762637,0.4928032842372966,0.14241211351062683,0.6160632138617873,0.5711737496453747,0.055837515967579854,0.35551711251664747,0.18711371413956548,-0.014860216704475038,0.1831105085908544,0.08418701181425009,-0.040680092388108866,0.15436351822392713,0.07595614571616177
-0.1277948827392969,-0.6924840567190955,0.31752302837458474,-0.038633133527604925,-0.5280880045523803,0.43653889401816426,-0.021768914416887518,-0.3984084187997063,0.15226069496110967,0.028684301998499424,-0.20013815338410745,0.015609388422809558,-0.21008630909480322,-0.7930074692651558,1.6911265749546172,-0.1164742319248463,-0.21915766153554192,1.0126261939113541,-0.05106388121032973,-0.2866082509361501,0.7797073904702309,-0.02871779717151499,-0.1437004947474453,0.4794803995544385,-0.034304811367215485,0.32517695217590525,1.8339518063474716,-0.10224435225617515,0.377083529890991,1.2443782969610406,-0.22719473465543003,0.1376497742832553,0.7407039922307901,-0.09203368180660768,0.17465626873521392,0.5494731081597536,0.12947850225410404,0.6295653899191272,0.5657056979408894,0.04014294274698404,0.37758362109067184,0.2019910212038102,-0.025047453977425305,0.20543649355130675,0.10527094758800631,-0.04786542085700344,0.17336505136175087,0.08766992827746128
-0.17160006829451033,-0.7056797978706125,0.2874879034046304,-0.057743169891570995,-0.5525072749789357,0.48190571883122035,-0.0341227126840969,-0.44628508744989714,0.19340121381256428,0.02810535099946612,-0.2210497663595616,0.03042239310611958,-0.24805125121800214,-0.7375884468982539,1.6803486866411377,-0.1598665540330079,-0.1956733527478308,1.0375526817065257,-0.06784593618157325,-0.2699237415085682,0.8405810343250775,-0.037479376917182505,-0.14787765070713554,0.5933406774962875,-0.0776098016120022,0.34728746682695893,1.725384254717013,-0.15314235412786273,0.40285002926761193,1.2479457321231604,-0.2791242787123453,0.16778116519794786,0.7752326545796848,-0.12708125703106216,0.21539216050165017,0.6219193200122006,0.09432588670492137,0.5907086513305205,0.5138702807740119,0.009072039496089335,0.3697854801093368,0.18058247815242212,-0.045771448246432395,0.22534267929147817,0.1113891263445285,-0.04975962819417588,0.19124579408967193,0.09270222360559305
-0.17244633716399085,-0.7139848173378468,0.2980461764497095,-0.06679546752362008,-0.5582623047305724,0.5003644453273016,-0.037848610776987854,-0.4774059604503755,0.2100983157193302,0.03348300076459682,-0.23315426096234393,0.03793299783352797,-0.25229531407084105,-0.7246573028680421,1.6895138208372216,-0.17492171159588554,-0.18734224763323376,1.0509590834304299,-0.06975541097156897,-0.27359671991846374,0.8628715165076739,-0.04835600765555488,-0.14723626799624062,0.6468209555336897,-0.08333910688004527,0.360096589008895,1.7070268934745036,-0.16134616587641035,0.42176461249816116,1.2509861211383324,-0.2937466344513966,0.1749363536947737,0.7979412666146211,-0.1362642278622264,0.22403002690931215,0.6582816341613722,0.07723699546359797,0.5799540305916475,0.5151200338558447,0.00657934527727405,0.37394675900645086,0.1685561601869298,-0.05132295507038379,0.2322888388586406,0.11549607120487303,-0.053524934509576814,0.20116245023332235,0.10234183811549238
-0.20111925648600834,-0.699574731759031,0.2422409629195305,-0.08071658032291518,-0.5628238764927825,0.5085229309474146,-0.05389789604850234,-0.5051836354074213,0.22648096617892707,0.02621713444173062,-0.2662391189493169,0.05470832349879833,-0.28478216286008534,-0.6733848599584952,1.6039453655598204,-0.2123438087586755,-0.17940151907502383,1.0388564567496532,-0.08308236665537368,-0.253135014598405,0.8851403553084153,-0.05768133372313046,-0.13960928470840342,0.7173244911764379,-0.11469047070589948,0.355045273020722,1.569569537630691,-0.20972035872331557,0.4309863662177009,1.2118767975658868,-0.3349259448108253,0.18952567114337554,0.8053549526275379,-0.14815283016149325,0.24039942886802662,0.7012432322817385,0.04560746676790784,0.5265232607234999,0.4558747576505731,-0.015215263171094826,0.3529600843288562,0.1503177317134864,-0.06438542684502649,0.235486518137406,0.11960557279302605,-0.05889124747838015,0.21881479527609263,0.11134077971717879
-0.20113287707408162,-0.6463995562681978,0.2062724764950955,-0.10440342934121526,-0.5441850052299295,0.4802663143796915,-0.06508863309649617,-0.5009103713568054,0.21542498222541198,0.015323500424523972,-0.2733158066435054,0.0628143530485817,-0.2931786603222437,-0.6388829351833277,1.485356719318528,-0.24122586153518352,-0.1829411663268114,0.9786705733442835,-0.09153344765978332,-0.24497565194226031,0.8660250366269439,-0.07341367539238472,-0.1477487031971534,0.7503602812650317,-0.14628935668811321,0.30337276095090737,1.434706335825631,-0.2413273268238002,0.39731577906035903,1.1707958899237776,-0.3678066398714714,0.1834586751741591,0.7967811534455395,-0.17004223104542548,0.2517050713487824,0.7336295794323544,0.014577146579875496,0.4834192171533241,0.4330643809628171,-0.031227940853962913,0.3377550385454289,0.1507279659906482,-0.07730878475013407,0.2387668346190535,0.12266325068672382,-0.06990923285722944,0.2276595857810279,0.13469846414383893
-0.20001215508021455,-0.6403155283554487,0.18739332677323986,-0.10839229499813433,-0.5349683794336012,0.46339722758766855,-0.06548891261387936,-0.4944362781391227,0.20528092998849548,0.02064712710565643,-0.27324938252472236,0.059711085640556,-0.30127338461033804,-0.6455320500375583,1.4675200119045129,-0.2583222769533708,-0.19369751450091932,0.9556161556117465,-0.09320445477448872,-0.242473773296936,0.849993949667127,-0.08319875346255845,-0.15623156568538776,0.7511394735110413,-0.14706250127088577,0.28531894162604504,1.431852327513071,-0.24265242467327747,0.3848380226497938,1.1677387262463739,-0.3718374579153674,0.174429252013814,0.8015907662093031,-0.17595439033094223,0.23930878081213927,0.7488439424599835,0.01401538430388938,0.48630318680895124,0.44050764076166066,-0.0391435484442475,0.34226679284544725,0.14922982416166491,-0.086019701078105,0.24136750449381505,0.13242620112719675,-0.07302374186421257,0.23266654761026614,0.1312019332864262
-0.18308239465144033,-0.6662086350117019,0.20544189559841858,-0.08560077022768242,-0.5411043237144414,0.4390899903471416,-0.06004454850431324,-0.4795511835934649,0.1737989229213317,0.013460726034939682,-0.2647292469291204,0.042851924139931205,-0.2787818023441931,-0.7453844805929621,1.565415171138127,-0.213692867741818,-0.23776521922728772,0.9747229518040246,-0.06820089868523085,-0.2861968147291997,0.8200483296321538,-0.07496401294171003,-0.18177240552320348,0.6774056617059699,-0.12917831096432764,0.2550140835118376,1.660786584866466,-0.19313581012927497,0.36728408321812533,1.2430498502115297,-0.33621118223660973,0.15091721418757437,0.8130582152380004,-0.1738305813184063,0.21660533747211166,0.7348864162373658,0.05289940274730131,0.576020564442337,0.5579497163861533,-0.017691708935269616,0.37825306394322766,0.20519345696183106,-0.07058711501026407,0.2464011481360351,0.12834048914703086,-0.06519954923291994,0.22250115030619597,0.13923650587504496
-0.18203157733514444,-0.6572575062705223,0.19093622442662278,-0.0860060016997178,-0.5383109232067238,0.4271598658572685,-0.05766703886038765,-0.4727224135398803,0.1669514491516291,0.00856558305968037,-0.2647975641517799,0.04308388538006491,-0.28086736569307547,-0.7653361740058814,1.5384036145699729,-0.21380573008721696,-0.25599661505405613,0.9664759611791506,-0.06701319267221552,-0.29080164111171103,0.8179217657944532,-0.08312721390664624,-0.19341889387458855,0.6659893385047754,-0.13731409285615592,0.22292573604763607,1.6791529085604957,-0.1993730302223301,0.3520646241493875,1.2629101966881968,-0.3353228571928269,0.14080988478089357,0.8258486776318639,-0.17302674943069202,0.19820599131177985,0.7498762441369573,0.06622953510818716,0.5938477218789152,0.5785468619242303,-0.014357227485160372,0.39701503652834425,0.2262922210082709,-0.07436783901804761,0.2553856784018992,0.14314534430891335,-0.06536811448030128,0.2282567732762969,0.14288693643604053
-0.17733492618977864,-0.6457127545816531,0.19139193848916017,-0.08638666905059889,-0.5398513087424595,0.42987113749984984,-0.06093724625655701,-0.475389689009977,0.16781350562747793,0.010407660269843293,-0.2699933927981159,0.04187511719853966,-0.2856736988259064,-0.7542552070781495,1.5195537048102736,-0.21979459525896702,-0.26952034421689214,0.9525362004512229,-0.066288974318194,-0.2925778905055374,0.814891433725695,-0.08292587111836734,-0.19725853477644517,0.6795469127204414,-0.13865409511324767,0.2192062284369478,1.6735461567647025,-0.20540078265999673,0.345689156412828,1.2657910857381909,-0.33393790247281785,0.1319511448665667,0.826708018496698,-0.18112884846983004,0.19906706187440865,0.7686537655396973,0.05779307948487463,0.5892355762753685,0.5787410450965966,-0.010027606649534357,0.39971931708286285,0.22711875956068797,-0.066157775156328,0.2592536638096564,0.16062496784350572,-0.06868052314519972,0.23592115562335564,0.14360004756855213
-0.1876849258153236,-0.62380023578885,0.16273673840962552,-0.09725901576046773,-0.5321036093732392,0.41627101843455344,-0.060881127927983704,-0.47936706501965687,0.1680897499004153,0.004870812238592522,-0.27874751788043717,0.0467618084218732,-0.2965209249176745,-0.7326922183102201,1.4599005176501525,-0.23298950396635704,-0.2676310253169273,0.9353685015461742,-0.06449483255370698,-0.2982446346541689,0.8209037236773677,-0.09744075130359452,-0.21119380806120158,0.7132866025992829,-0.15915437486262474,0.19691703240085756,1.5944156992185807,-0.22193641045017098,0.3371826207045248,1.2528987002687146,-0.34605129407968616,0.1334137560579475,0.8468888197687171,-0.18707658946406194,0.20920597195968843,0.7950597171163796,0.04035307092017471,0.5669030585897401,0.5576375228922643,-0.02085010716218817,0.39438653010316976,0.22539933823426342,-0.07443098677068143,0.26482561019975387,0.1682654915075879,-0.06630428227649161,0.2477363418360504,0.16282322587177903
-0.1866930717468381,-0.6055574667086482,0.15899647112667115,-0.10071914720028137,-0.5273519378040028,0.41046847169604056,-0.06507790614191247,-0.4859570809107853,0.16485898200634316,0.00682063923819544,-0.28910413986994604,0.05575529853856156,-0.29996748358290076,-0.7260036348129624,1.443753235328267,-0.2506793239381568,-0.2667448255579147,0.9255677670644279,-0.06584941717580375,-0.29596242866064865,0.8228743962610229,-0.09561971785659557,-0.2113606603352569,0.7333391149065246,-0.16346528029899784,0.1963311401848806,1.5678197190334089,-0.22718091218931452,0.33595538184753276,1.2478742572940271,-0.3611474644699293,0.13529416801230942,0.8508558416615483,-0.1893974638234501,0.20977733636460474,0.8193795658059565,0.03857689071657624,0.555060946506978,0.5498623833205697,-0.028306095625038122,0.39745576727777465,0.2216711814407404,-0.07806295293758264,0.2684296080900463,0.1800089037174371,-0.06507569231508367,0.2559987864512675,0.1717403912998863
-0.1859103007873645,-0.5987545687412812,0.14805931575389047,-0.1016566274403412,-0.5303881840834387,0.4170884252455524,-0.06841656652540579,-0.49549157637366775,0.17991887680086655,0.006354205051246569,-0.2960401331409267,0.05920224183396606,-0.3085383323401183,-0.7046561384715401,1.4107127303437668,-0.25595723055338443,-0.2615082644944399,0.9251275560586927,-0.06727273374889173,-0.29375032038199195,0.8354964644163024,-0.09672078537835109,-0.21774370777022437,0.7687272408004908,-0.16774113945487545,0.1894671787325835,1.5167615242473604,-0.2470148204979404,0.3380865830095648,1.2423966350485274,-0.37711347331343603,0.1419405060508338,0.8646789467281409,-0.19581932971115676,0.21998691490185304,0.8486305582123468,0.028087672872291913,0.5418584953668337,0.5259831985576956,-0.03074609787698661,0.3946928639190843,0.22192604626418486,-0.08803002080332933,0.2749844230251096,0.1759238490694586,-0.06914011622938458,0.2697809504028114,0.1883479096673012
-0.1859103007873645,-0.5987545687412812,0.14805931575389047,-0.1016566274403412,-0.5303881840834387,0.4170884252455524,-0.06841656652540579,-0.49549157637366775,0.17991887680086655,0.006354205051246569,-0.2960401331409267,0.05920224183396606,-0.3085383323401183,-0.7046561384715401,1.4107127303437668,-0.25595723055338443,-0.2615082644944399,0.9251275560586927,-0.06727273374889173,-0.29375032038199195,0.8354964644163024,-0.09672078537835109,-0.21774370777022437,0.7687272408004908,-0.16774113945487545,0.1894671787325835,1.5167615242473604,-0.2470148204979404,0.3380865830095648,1.2423966350485274,-0.37711347331343603,0.1419405060508338,0.8646789467281409,-0.19581932971115676,0.21998691490185304,0.8486305582123468,0.028087672872291913,0.5418584953668337,0.5259831985576956,-0.03074609787698661,0.3946928639190843,0.22192604626418486,-0.08803002080332933,0.2749844230251096,0.1759238490694586,-0.06914011622938458,0.2697809504028114,0.1883479096673012
-0.18093547996210077,-0.5847557283752294,0.14360978381699502,-0.10497538428660777,-0.5273374585031086,0.41044598378382946,-0.07244973081531339,-0.5007552989271228,0.1876292028290714,0.011098465118946702,-0.30636830496380063,0.06045690577184511,-0.3104443022527108,-0.6943301028246259,1.3773938220807256,-0.27707636735156627,-0.2682328747125387,0.9088354901223882,-0.0679726867457284,-0.29237413319842664,0.8475437179355482,-0.09999660737941081,-0.21918815311022793,0.8061776425201906,-0.18187764629876385,0.1856526714634015,1.4671884866440166,-0.2546903202228848,0.33361843669714647,1.239702619018913,-0.38012640642542184,0.13491759832706504,0.8782351228929356,-0.19672853439490076,0.22082917333105653,0.8945945718749555,0.01865061011704218,0.5255620077579221,0.5138304385061329,-0.0349737000613891,0.39054080873859565,0.22065912414684677,-0.09001197624200213,0.2880872609936664,0.1913752731308602,-0.06806112582528687,0.2914025814511966,0.20147764539187693
-0.1794089695445445,-0.5858437230006835,0.15518821839322788,-0.11292689215055904,-0.5235175695945785,0.4209442992034255,-0.06442722035291663,-0.5110886080335808,0.18874060255888062,0.009715086867826283,-0.31154306106267604,0.0698295798796298,-0.31178259296353533,-0.6878958238326867,1.3734834750238551,-0.27291020471682076,-0.26755208936259567,0.916076572884925,-0.06840362339815088,-0.2922012980116594,0.8555696425419939,-0.09891608014507403,-0.22082620682796605,0.8077625620389065,-0.18540630636561492,0.18147328793647982,1.4669732714412593,-0.25110405618894055,0.3364238941728829,1.245009282100281,-0.3834254327914166,0.13843161458223077,0.8876078093782067,-0.19837700805313196,0.22835554530654872,0.8948575681068183,0.01665575377371031,0.5270232162235438,0.5141546535485566,-0.043258972745678255,0.39798203564588497,0.2202505183615888,-0.09296954923872365,0.2906032483492857,0.19846065233351948,-0.07018301042151087,0.29050788453554277,0.21107591157913086
-0.18693886362991818,-0.5807044363595487,0.1426890512724314,-0.1132514514332779,-0.5300636943893136,0.42354816894091324,-0.06992561002344459,-0.5085895089686564,0.19420989899443525,0.016968570441135956,-0.3114498027581149,0.06454816964685157,-0.3137557163090632,-0.6784197009038282,1.3760717940726244,-0.27879781960406697,-0.26023000367013066,0.9189302002307642,-0.06544124802128114,-0.29799867352343595,0.8571609347898334,-0.09453338587968221,-0.21495113122570636,0.8184722780878327,-0.1815065718668704,0.19655588035543772,1.4509884286001102,-0.259444478120957,0.3371622696978039,1.233514647433312,-0.3901910368413911,0.14572330017802582,0.876593528468087,-0.19310365577466063,0.23538404592688023,0.8937022165779434,0.014804038953552964,0.5181501238587491,0.510068434534532,-0.0322151035388464,0.3932770443098322,0.2193462001824986,-0.08623411022156717,0.29122797518195137,0.20268977215860956,-0.061619024580954765,0.2879400316299094,0.2037573983989936
-0.18898241758262305,-0.5748049689071774,0.14837039760361098,-0.1142310084006905,-0.5347464206491919,0.4305314860110827,-0.06846224848947213,-0.514368729262036,0.1963011652849494,0.014139149527822541,-0.31670945662713074,0.062272952443780935,-0.3126599425315779,-0.667767272911072,1.3634139539087342,-0.27014341465079206,-0.2492923426868989,0.9237321621749619,-0.06959961418518545,-0.2903073655867337,0.8647544561955406,-0.08783899761099567,-0.20329771194524296,0.8262236439750664,-0.1888880606685602,0.19594908531042188,1.4206108501746373,-0.26399313092222493,0.35134689088046167,1.2339737290522532,-0.39196471987396064,0.1544192610105566,0.8906161226311434,-0.19188152504699774,0.23921731749247233,0.9066910211631951,0.018562433775281776,0.5065981929524132,0.48594031089484235,-0.03272160100717553,0.3873644807044893,0.20591065982283693,-0.09174132459126456,0.2951539879510324,0.19273860402489376,-0.06668807367225053,0.29690417440417477,0.20740369357462113
-0.18887896221504155,-0.5410765421415037,0.13395975501709068,-0.12497578667843742,-0.5213849514355617,0.4305572458748007,-0.07212937406767676,-0.5282044539045836,0.2156260865040757,0.014759337652382475,-0.33556958537606446,0.09101836512946734,-0.32096103438825313,-0.6119913368078154,1.2701760020221482,-0.3070238652897127,-0.22722561544198344,0.8942497806815811,-0.07849351621184703,-0.273564301789365,0.8712860910846328,-0.10112013685752191,-0.20120721738727737,0.8775071038949523,-0.1971956212541558,0.2020976518859163,1.2852008722940076,-0.29256688278039095,0.34990700870022856,1.1813197031759337,-0.41554711609657463,0.1602271640053872,0.8884502820198994,-0.201383002596113,0.2642607864594504,0.9253107438886395,0.005731762841416272,0.45248407563234017,0.4158525515003023,-0.048534869963839426,0.36607918224772507,0.18322530742303914,-0.09540215575190908,0.29544020297832607,0.19243226234235714,-0.06559103161294534,0.3079375691180327,0.2194145385533183
-0.1865985551853559,-0.515814061176938,0.10697225778874024,-0.1255711325944837,-0.5052018297899193,0.4192711360801751,-0.08783042215268783,-0.5399358524534027,0.22089607801413452,0.008772444703551196,-0.3528326843919513,0.1103592235500925,-0.3247589662977641,-0.5504754057917641,1.1629810690375142,-0.3335143436898114,-0.20869147843714406,0.8634807223418282,-0.08929355722167702,-0.25390773318375165,0.8824250624032277,-0.11151223875006072,-0.20818413632744276,0.9574637483855748,-0.21688208332572717,0.1889109048443558,1.12761442940733,-0.32083305444273824,0.3391433798908573,1.1256465948361445,-0.45346557441831437,0.1758646632530063,0.8951651847335315,-0.227102344512305,0.2746684781488016,1.0003194871093097,-0.020590032793822256,0.39556502752097666,0.3588374864868384,-0.0605357192427725,0.342934009099429,0.1490292609151195,-0.10904273572317114,0.3003374586007696,0.1970366201135856,-0.07825156514743782,0.33620056056976905,0.24618814371690062
-0.18705887620282902,-0.5155814698858905,0.11837397260038426,-0.12659211626212277,-0.511550850173112,0.4266095701223534,-0.07365357971846868,-0.5372931485825335,0.22960396899070537,0.01152242076676725,-0.3511074371494365,0.10274454041142583,-0.33053679534470615,-0.5568685499341335,1.189380733997612,-0.3421759963847568,-0.20844530529994662,0.8652899617043762,-0.08565176103662443,-0.26011761313670057,0.8842210166797719,-0.1108569155002523,-0.2078280700290452,0.9453774443435072,-0.21716340127649436,0.19369908026716828,1.114173010203067,-0.311753934144388,0.3363819128001133,1.1164308969447678,-0.4482509952140825,0.17128352242328446,0.8951633845255234,-0.21963656657338232,0.2739035983682035,0.9855604412128638,-0.015048754161481548,0.3955387324969678,0.3605368274781269,-0.06369044645294188,0.34453112652751844,0.1525073934926321,-0.11109414115182321,0.30180347267396723,0.19843092399855808,-0.07296251143819538,0.32773424700661347,0.23777994798261867
-0.19037064853596317,-0.5655315978221958,0.1424992185862555,-0.12139035060437456,-0.5255420018534299,0.4499807398307387,-0.07743717670718374,-0.543838190477957,0.22500583841026778,0.015878991949212717,-0.3458959790952176,0.09488475325516531,-0.3304922646252145,-0.5925598970136778,1.2815584546615308,-0.3195943642401077,-0.22002124828927808,0.913392189130529,-0.0839870779200882,-0.2640647017270222,0.8968895417693368,-0.10168844355964353,-0.19865466010286326,0.9226963814598774,-0.20172316740054094,0.21022687263672427,1.2454266233970297,-0.30086178794688506,0.3572764225058447,1.16411897153981,-0.433644997481553,0.17436188107793546,0.8863194519838933,-0.20711903197183265,0.26875753618436937,0.9501140608468401,-0.006814831916832179,0.43194751662686,0.40155290995896276,-0.054944793962093,0.35168324250141697,0.1669808065203962,-0.10708968513682025,0.29542898151024116,0.18462212033961767,-0.07736558282242977,0.3167546240396321,0.22603364098311346
-0.1930162269851932,-0.5450351002832322,0.1302483052821677,-0.1337027430833336,-0.5223051298485304,0.4468067837460667,-0.07908464441081267,-0.5442664186285255,0.22600943744559288,0.010769653060286164,-0.3476332804389368,0.10742687660415087,-0.3341325085527598,-0.5832989785510269,1.2481132614370156,-0.3277205030320563,-0.2194939355202012,0.8996110126345844,-0.08402000180660198,-0.26304629822545544,0.8923217430475332,-0.105697908901501,-0.20491474227822667,0.9322505347485499,-0.21196760809837967,0.20103910286026633,1.2213946890944547,-0.3137275577875648,0.34811475320503266,1.1614562627508487,-0.4473790876405348,0.17347173827363205,0.9011757777630549,-0.21459512699234182,0.2769377258905222,0.9655859954405169,-0.013775143924826929,0.4173211047021958,0.39224188493363,-0.051493216514257055,0.34706048094483427,0.1551185184544949,-0.11220712845796982,0.29521685039425666,0.1926068094435448,-0.07910018600908576,0.32115512894789705,0.22838945790278603
-0.1954705161672386,-0.5255034437273443,0.11282826875846362,-0.13278585555732758,-0.5149062755440739,0.42549214503428334,-0.08613763792533186,-0.555789436441303,0.22501948450774664,0.008452364137567675,-0.3632576688597459,0.10272050131528061,-0.3311018690197268,-0.5729202629225876,1.1965310070611304,-0.343250318680277,-0.221764213295214,0.874278986032921,-0.08282635222117571,-0.2632281833127349,0.8938680511782322,-0.12352703088561037,-0.21793880179593098,0.9823189919658302,-0.218354879064417,0.1920549505515791,1.1693889924452396,-0.3265697617985174,0.33616416202958904,1.1523796505119597,-0.46365690208571697,0.16850402258251454,0.9150605426386874,-0.2304163172556543,0.27706949062406133,1.0203181021342367,-0.017602425989586522,0.4173214717005218,0.3923274521405542,-0.06887101179888844,0.353754207865917,0.17748210517179178,-0.11864267605626616,0.315543983696172,0.21243334393893648,-0.08357210340087155,0.34004002985102993,0.2547277273982172
-0.19013181791650488,-0.5329402245767765,0.12383890247396957,-0.13015001222065464,-0.5183991893168228,0.4221010824083986,-0.08603834523554996,-0.5536838752073772,0.2235401228945626,0.01101406018876396,-0.3718003590965313,0.10761015932904479,-0.33277011645084975,-0.5884687802347854,1.2156733359335836,-0.33964397123679,-0.23716297603039543,0.8800569611256044,-0.07787093969106437,-0.2711569095496715,0.8874913663345665,-0.11837233380193449,-0.2207645726747238,0.9834952845466804,-0.21546837320558834,0.17821747171241156,1.2050267203809615,-0.31521603868856857,0.34157092514792753,1.1661089360258645,-0.4604102050031384,0.16922164663636863,0.920229805998456,-0.2301221013065808,0.2790285780382275,1.0286927020872159,-0.01668051723694585,0.42603531748459295,0.40468467838096667,-0.07303743625761434,0.36119051353501475,0.18477875517603515,-0.12204781689973865,0.31798062600578836,0.22158581349596365,-0.08067000514703948,0.34678019897172,0.2632442657443271
-0.18110973214810025,-0.577421162272839,0.15512272737988916,-0.11756241048128081,-0.5376915608374969,0.4389252732928552,-0.07711618558306432,-0.5469755227244228,0.21154670721687516,0.009904537646883422,-0.35128483029920327,0.08177449418840883,-0.33350721435849423,-0.6613602029444987,1.3560206256837906,-0.30225842577738804,-0.2598779194493057,0.9211972419474705,-0.06666186859348949,-0.2931511450547474,0.8843305615252173,-0.10423595239844792,-0.23490705990797422,0.9128332500002755,-0.197970891215562,0.1865100629335007,1.403732075226239,-0.28771124940482395,0.3371514960016671,1.240173215483835,-0.4277746236874352,0.14987038620962395,0.9244165030876872,-0.21295049878182093,0.2515274290657174,1.0037073248847161,0.0033642132034074138,0.4974355979230828,0.499853619270258,-0.05387939368666483,0.3955947067155879,0.22566984322826367,-0.10756895833313969,0.3152299983498309,0.22437434621600036,-0.07480461210446963,0.3303996041312653,0.24215221496489456
-0.1875081895789688,-0.5853911314808006,0.1509811929562764,-0.11452001110727801,-0.5396379272785738,0.43278794099181706,-0.07348843829648134,-0.5458848586958478,0.20685446314075334,0.01263695089314941,-0.35812073699996577,0.08541784249370103,-0.33489291840256363,-0.6704321363008005,1.371957076651169,-0.3023608083517764,-0.27516041071782593,0.9264533352763247,-0.06389191524037191,-0.298468217283513,0.8887304101649494,-0.10462812452646869,-0.2419390889505565,0.9029082408628676,-0.20484573212143176,0.17964488622288047,1.4419179994226201,-0.28238992596889284,0.34085344236890325,1.2572622535463236,-0.4235359877000327,0.15203209049270122,0.9289813586844127,-0.21405913970688145,0.24583489440082487,0.9899951891461262,0.01428405506188708,0.5136367721558999,0.5151259212405227,-0.05419566396872847,0.4072056780786455,0.23538019277827749,-0.10474945026056987,0.3223368511335114,0.22091478887841515,-0.06503986904250092,0.3300305748349872,0.24362648360381858
-0.1885106996081859,-0.5703780376172521,0.1420724629319855,-0.11878204842385073,-0.5396254305313437,0.43277962813909965,-0.07689389408073626,-0.5488472530205645,0.21034863686698693,0.012904762268694716,-0.3598551807614585,0.08378645281602944,-0.3399099010269365,-0.6701195056154747,1.336684534736698,-0.3055002931571729,-0.2736373330672233,0.9239262212692716,-0.0655934592211456,-0.2936478826801302,0.8891183422824438,-0.1089903187508725,-0.23772594193589666,0.9200935670167143,-0.2212883716848346,0.17055676036121367,1.4137599104323555,-0.2916596387952009,0.3376500812726099,1.2605280961978977,-0.423972938864536,0.1443875816281651,0.9472836375905539,-0.21460260944839374,0.25365539151745486,1.0137041591547962,0.006265463569619253,0.5076484542690675,0.5145708468633219,-0.0555757248004559,0.4159299388936161,0.2410353415251129,-0.116221826029799,0.3342079828305338,0.24564044172222124,-0.07045461946402755,0.3397659108587944,0.25474197772764057
-0.18437550573097394,-0.5680122548882754,0.1445686495970801,-0.12309325202412154,-0.5346140160970543,0.43286571262652557,-0.0811931542947795,-0.5537746511847661,0.20961713367181156,0.0041532382761156105,-0.3599906357247277,0.0885378941651122,-0.33257984296067866,-0.6635515388642831,1.3282741120125179,-0.3167718775591955,-0.2795944084684879,0.9162680565411345,-0.06369851754514923,-0.2959658939746818,0.8960212804076307,-0.11577545170799056,-0.24292426731630276,0.9360602503114656,-0.2196030405707675,0.1652083478251053,1.408819738516183,-0.2934423349935519,0.328304508107752,1.2598379543141922,-0.438352060630033,0.14577865042144483,0.9548731145506415,-0.21652347113940656,0.24859845448337164,1.0346555470473169,0.004007869203949321,0.509067621214399,0.5181067898794979,-0.05177903831822146,0.41438144336070154,0.2428357760440019,-0.11692884426562612,0.3325808292796727,0.24924546229356875,-0.07942105099817827,0.3429279049076352,0.2706230483454746
-0.18862507956198343,-0.5722542627060657,0.14273483557323527,-0.123085661363861,-0.5412612571137335,0.4331339126721024,-0.08020871064641441,-0.565953665610678,0.21752465299669901,0.008911972783177204,-0.3702548877160915,0.08972094854327732,-0.33582337539105017,-0.6743180518809406,1.346623984314132,-0.3154632332404404,-0.2748885802334926,0.9285613722673395,-0.06099456723984725,-0.30025242039919253,0.9030446869524367,-0.11406610663574875,-0.24133999573689585,0.9608873068000351,-0.21948493508900807,0.17444673802970323,1.4151692297512268,-0.298739340568325,0.34165666642513265,1.274717794905457,-0.44874971157836013,0.1492373648195986,0.9678875432822064,-0.22123835857132482,0.26031831528048677,1.0536355163172153,0.0014361697135951562,0.5133919172035535,0.5259031464545796,-0.05342676832500753,0.4216916812327106,0.2491549613707868,-0.12076411383446135,0.3426747294516055,0.2515638861279807,-0.07650904266345676,0.35878294316315834,0.28007868473876785
-0.19499008543186133,-0.5770211861075007,0.14124477682131908,-0.1265528183555516,-0.5425033918667297,0.44235840864002046,-0.07796721520741517,-0.5718285407807081,0.22535025474759113,0.009184544636478156,-0.3736328203884832,0.0987263275247121,-0.3438060584671455,-0.6568338722303622,1.3416920813219937,-0.3269554287561769,-0.26698950346746025,0.9369333113565196,-0.06281924347621066,-0.29741213177371334,0.9136729825556931,-0.11397953104385597,-0.2470333277457111,0.9739921779816145,-0.22217610065128188,0.18687406476464588,1.3980225832141842,-0.3070626229341031,0.3464103861397582,1.2755481771149721,-0.45368323594092674,0.16023936038191555,0.9743999813191083,-0.22269764384464735,0.2698021201367637,1.0630718328675541,0.0005595387344872058,0.5061573443787993,0.5112916532948465,-0.05791047960615327,0.41889382806329,0.24182490620694244,-0.12035497253286775,0.34761907856048313,0.2610341193977904,-0.07207171347610798,0.36226964385164157,0.29009430170284806
-0.20152956261866356,-0.5838126483127213,0.1413040548388167,-0.12935146775999634,-0.543295502925934,0.4616105140438989,-0.08275233690038747,-0.5819048185990626,0.24263412561929018,0.010406091979082509,-0.37350557602210804,0.11172751260970402,-0.34622127847965173,-0.6521852250414705,1.3675209686372147,-0.31961450046770784,-0.25666403417481887,0.9533146677715733,-0.0633594206986844,-0.2938735830987983,0.931577190286428,-0.11784863828648635,-0.2337598216171616,0.9997207580687529,-0.2157687466365582,0.20680111930480566,1.3967512831331999,-0.3103947096403351,0.3607902649374876,1.2714117814583907,-0.4661729481224738,0.16919225593761378,0.97687487949061,-0.22174361859657657,0.28073428148443136,1.0583642695370605,5.3966181323084495e-05,0.5048797011035576,0.49327457743456665,-0.06599120755801138,0.4204968913855534,0.23243746739894852,-0.12931030151188624,0.3570797428450512,0.2592981888200062,-0.07528434132894259,0.3715464439723595,0.2901771489584658
-0.20243949436042247,-0.5925360209863142,0.15272323160355836,-0.12425237865174976,-0.5495452232083337,0.47073963069218167,-0.08714925521654548,-0.5850000932905548,0.2430667600397804,0.013575845907313302,-0.38033330439935514,0.11248245712381931,-0.35098623993076855,-0.6567338725430709,1.3839893759563116,-0.32395304169567013,-0.25398892918927174,0.962533541352819,-0.06724873703960182,-0.290249308278707,0.9454238258957806,-0.11229846469757372,-0.21662581196971412,1.0083219521445952,-0.22303172387909664,0.21596473951944617,1.3933191644022098,-0.31070315851406327,0.36662595201820153,1.2792406208243947,-0.4695796977238118,0.17927098560489804,0.9779386506596471,-0.22577853359607394,0.2866390653733159,1.0630668461470374,0.0021812847281531948,0.5063947790597533,0.49183024158185296,-0.05981927964285053,0.42315344259401666,0.23440888725876174,-0.12123646062733501,0.35231651555047594,0.2562747416744281,-0.07458039164936714,0.3745097980687053,0.27645453703511347
-0.21559436769109533,-0.6077767596084928,0.15096504407860512,-0.14267804950528284,-0.5600154460176969,0.4951550244637099,-0.08583196557914177,-0.5975974623142735,0.2606701386525326,0.012508377197071171,-0.3889098868653191,0.12016753199260241,-0.3597518589885957,-0.6537825972280796,1.407408499354039,-0.33260183164724755,-0.2486355057195883,0.9810014348857932,-0.07222102051975701,-0.27957221665483845,0.9544865429417733,-0.11891533881046523,-0.21983203900185275,1.023063858209971,-0.21878774362952494,0.2335293410305049,1.3965713915381537,-0.3126591820238233,0.38095123155431804,1.2761070040647389,-0.4833208815847658,0.1895021158203414,0.9823244980029592,-0.23050104035255728,0.2943579893407968,1.0621466036051954,-0.005381131348633374,0.49899643662116794,0.48621498984892936,-0.07393095029338889,0.41644657744175795,0.22891554310626272,-0.12789760370741385,0.36034316830872004,0.25211029937746116,-0.08145635797705207,0.37395288048859027,0.28290198570669733
-0.22518034461559255,-0.6030383599922209,0.13790303422425892,-0.14166142650869798,-0.55966569717247,0.5027944497115661,-0.09450071045011738,-0.6126791578597074,0.27708947575633525,0.011849364500849736,-0.3905178640363509,0.13508847438967664,-0.37051739982878124,-0.6123676184684074,1.375616894453517,-0.3498860841607547,-0.23466333124720953,0.9789403466510365,-0.08068330785238981,-0.2660343715282845,0.9685793372034924,-0.12083684351301631,-0.20798676384648046,1.0567111570463346,-0.23385894054836695,0.23871970359255554,1.3236704291848902,-0.3414940635439719,0.40087901783869745,1.2626875163659077,-0.4958595046378674,0.19781106011026242,0.9773536804830013,-0.23445043100223345,0.31121835510368867,1.0575719244722865,-0.024062709450202127,0.4741683137245755,0.44801614946645535,-0.07518425917401887,0.4017450550390493,0.20302686029290268,-0.13883423245327214,0.35937902116768106,0.25904679401836334,-0.08779720034544591,0.372989119291924,0.27842437228821176
-0.22644263775640155,-0.5873899755828028,0.13904262479377472,-0.15418146254047874,-0.5564063661853628,0.5008960086831415,-0.09432538857335257,-0.620730059319716,0.27900533397293453,0.0006665306883853108,-0.39745125574754714,0.1565336435282962,-0.3710617683409802,-0.595153240373905,1.3431544052858349,-0.3655603926901038,-0.2286870151660764,0.9665962974586253,-0.0821642710579895,-0.25941061805384796,0.974201321352975,-0.12616141328467306,-0.205618366808047,1.0824092920057868,-0.24083729615110525,0.23802805782838968,1.2656729417085466,-0.35224990652606375,0.3963286584835393,1.2347337784342332,-0.516423681647354,0.19826605013717674,0.9821404102538326,-0.2420807530158642,0.32127315766392855,1.074304466745428,-0.026205584786354465,0.45669119402128733,0.4265015015870383,-0.08225667120934914,0.39892468129795566,0.19008284407670947,-0.14914976543613237,0.3622330363892775,0.25245123455501045,-0.0879842466884161,0.3892581342625815,0.2847359657460238
-0.23601725237265456,-0.5841841866669534,0.12493368390223958,-0.15629412676611645,-0.5530869059136605,0.500724629294311,-0.10142634104009442,-0.6273392140442287,0.29247220522810446,0.003764084503272988,-0.4110298661324345,0.16886310329020635,-0.3815262291280046,-0.5816333761817243,1.3287928267646465,-0.3768731253521044,-0.21524362793821347,0.9586265929702165,-0.0880967248062959,-0.24734010237025136,0.9771210824654354,-0.1354001488311245,-0.20771991059829847,1.12014037344891,-0.24354950188592697,0.24271664494976977,1.2204842906409905,-0.36506329665760306,0.391009408618647,1.2201510314721207,-0.539417204748926,0.20969479337463973,0.9790732926935612,-0.25569020789342656,0.33570568946242774,1.1073202713328127,-0.03853723550869989,0.4391389719866187,0.41240538552030126,-0.09469093266629565,0.3806149957326033,0.18618119258130567,-0.15845347586280217,0.3632048909240641,0.25063144221682715,-0.09542726453414553,0.3980725509721507,0.304255808946701
-0.23272744863600528,-0.5934166904305669,0.13286384428274312,-0.14792267585720947,-0.5580365687583844,0.5018487708704995,-0.10552813994250848,-0.626290214863544,0.28990600470526035,-0.0017711208989439962,-0.4042317760736576,0.1730814980598387,-0.37507643845601696,-0.5970813939704378,1.351051661607829,-0.37276791976292084,-0.21269358499442034,0.967265620530741,-0.08564232085256872,-0.25222491962115945,0.9790989234843411,-0.13330628722698026,-0.2035892997924053,1.1143068486308747,-0.24432739231390768,0.24062494302579682,1.2498796286395022,-0.35854604882179236,0.3890012589502341,1.2265297756284843,-0.5318757926466372,0.20885154541886103,0.9836230801878432,-0.2585352194769767,0.3303219030902833,1.103769961155977,-0.03356216430749279,0.4464120871367678,0.42200249237022747,-0.10163496752602436,0.3896360393630825,0.19510293135400994,-0.15636873206726537,0.3630839517654912,0.24975870381720933,-0.0969020793486972,0.39995116497288696,0.3012499605395115
-0.2356268734168139,-0.6038028959455001,0.1388401538986309,-0.15355288397634417,-0.5575916908300688,0.511262000485005,-0.09907460852186137,-0.6303978501147367,0.2864809606719672,0.0031287607065213696,-0.4025124392192792,0.1617969432282406,-0.3832624690970515,-0.6072287148216672,1.387883440581481,-0.36296799665839996,-0.22253974612429106,0.9758337093836252,-0.08490147797724895,-0.25588827348116583,0.980124567406717,-0.13024110449158885,-0.20485263416378366,1.107291042561471,-0.24025159581158245,0.24982721117081394,1.2906909910825968,-0.36115965275707484,0.38969025090697634,1.2422027887512417,-0.5283880687641479,0.2115619874593731,0.9835812567967953,-0.24354336163624415,0.3253512075884988,1.0933580507160798,-0.031080903292113975,0.456557364954814,0.43872230437265824,-0.08934384631904582,0.3950025946359624,0.1983360476423303,-0.154911113761104,0.36418234947480577,0.25250807235001715,-0.0901524154132811,0.38665958849285087,0.2950667421228841
-0.2428520391847766,-0.6170080704560991,0.14480647301035401,-0.1400538878537041,-0.5628176224311044,0.5064765168072357,-0.09063378513868649,-0.6281662797711555,0.2873418667643001,0.005663270649390873,-0.40079548602718906,0.15552183861311686,-0.37879097691981956,-0.6224941608011121,1.413469887143592,-0.3558111911650122,-0.2245919754755289,0.9917958036506289,-0.08390583243437268,-0.2571690625639709,0.9758087810917774,-0.12489081882794437,-0.2072524607863058,1.0817101881778823,-0.24419108871562853,0.2545651105077576,1.325646376842984,-0.34319765103918876,0.3996768143696418,1.2566567353144464,-0.5225146085523247,0.20908775449489067,0.9774912042830516,-0.24665485483917682,0.32157847017843283,1.0717952444315104,-0.030607752908981357,0.47257294892447,0.4562213616370268,-0.08773932912984164,0.40659933735957104,0.20836220979516235,-0.15923368115629927,0.36375388853804297,0.24428668578070517,-0.0963251098883466,0.38755542296293377,0.2874300505062691
-0.23460533233842154,-0.6170202192808116,0.14627687455554608,-0.15176237318262967,-0.5657790271301922,0.5137470787723143,-0.09919348743945207,-0.6243270836619703,0.2847146907872043,0.00044682081029641336,-0.39581748610451495,0.1473617926318378,-0.3766419289903785,-0.6223186011088814,1.4079283906957778,-0.3566835737686468,-0.23250384077190892,0.9825729640202115,-0.08086168014404971,-0.26246430008980925,0.9719006923593652,-0.13233293250303746,-0.212102902522109,1.0821106780567016,-0.24750060089291853,0.24740890064139323,1.340539493637501,-0.34715296928263434,0.39731875186466625,1.270746597245075,-0.5133089400898094,0.20542101526265988,0.9808873140774156,-0.24972894432278925,0.32192785503382354,1.080204759091579,-0.027284626355794355,0.47841216702277306,0.4634634870018163,-0.08951240704328195,0.4081926720244417,0.21417146087617484,-0.15011302215420713,0.3627201148372159,0.24713888130274178,-0.09525138306777269,0.3984437380358702,0.30074337016257846
-0.2373358523836256,-0.6062245027860443,0.12647934357225094,-0.15742174870510808,-0.556722751753875,0.49384820183539097,-0.10524499083759956,-0.6213047355238775,0.2732968136185484,0.004595514482160602,-0.4077273513761839,0.15268231715687455,-0.38004901630181454,-0.6149656751780317,1.37156056649113,-0.3639611332350036,-0.23114184545259042,0.959500070073557,-0.08396494067365098,-0.25481839116977856,0.9673260012954137,-0.13764602557659675,-0.21868263393959722,1.0921584874369337,-0.24637681397934363,0.23421505407601534,1.3126653734190312,-0.3621823623351692,0.3934686273456185,1.2584642381950217,-0.528564256452388,0.2012192776275617,0.9865511028634381,-0.2594465878955087,0.31550556982038686,1.0975543783270862,-0.02575951059036836,0.46682405524803045,0.44487044802716635,-0.09250177671093085,0.40247539782633157,0.2091045598738127,-0.16351380273872954,0.3694988401753845,0.26857511083646507,-0.10396193997633703,0.40198203892661827,0.31190445063190403
-0.22705916484789854,-0.5983135963077535,0.13946356947758368,-0.14072350471054795,-0.5523391572083659,0.48150852612896433,-0.09851937383125314,-0.612929313107816,0.2623281980329731,0.0012022690097372776,-0.39766115533165985,0.13210521205133854,-0.3696727810101672,-0.626162106999145,1.3679422008779536,-0.3547612293364743,-0.24400921167617787,0.9545827130742568,-0.07933874965116104,-0.2626388805530602,0.9536481378056738,-0.1327056092313163,-0.2230103242681029,1.069793485731346,-0.2484663715292259,0.22871237991099244,1.3343167093167885,-0.3528543704929868,0.37608058807353617,1.2588831474569286,-0.5227865642583385,0.1912213101025154,0.9839027199814834,-0.25905655051703896,0.3044800225150069,1.1039084072825525,-0.024111407595692098,0.4812853325490159,0.4727591865249049,-0.09893592942580612,0.4128904731846653,0.21639369257207441,-0.16332458960061177,0.3732302020898651,0.25712308515346427,-0.10005481614380403,0.3942095473981681,0.2977299754477195
-0.232936876063225,-0.5970630570930805,0.1329754941724721,-0.1465681817077579,-0.5541579639518139,0.47776987861287185,-0.0963499721671722,-0.6038346384272552,0.2527781561453097,7.598766312663825e-05,-0.38737928141880446,0.12807219306229223,-0.3717399306520537,-0.6336376270579159,1.373420473164437,-0.3523260299023986,-0.25166848658560104,0.9483239823686115,-0.07777889930938325,-0.26473483770803125,0.9322269436559847,-0.1341157985667531,-0.22631221035116908,1.0378460414128667,-0.24198867130650012,0.22443960168349267,1.351708016821748,-0.3451172576912644,0.3746684806858704,1.2547256815703,-0.5117473532789123,0.18508409892102196,0.9696272653287937,-0.25319236697547415,0.30737514373374025,1.0793501315853609,-0.033095257245379955,0.48549624049195905,0.4863041706822688,-0.09017211876685947,0.40526157409992364,0.20895415803817316,-0.15708140980789578,0.3620471604285826,0.26434116183024875,-0.10185408148381035,0.3878500415427748,0.2999301335367819
-0.23128816516117742,-0.6039557405745538,0.1338864621137774,-0.13742926343770287,-0.5510504513096374,0.4734759023895303,-0.09389750056312239,-0.6007101691918798,0.2436470625670815,-0.0014614783157675302,-0.3856915337559953,0.1274963635352375,-0.37628522405742626,-0.6379453818904575,1.3877172971477862,-0.35550488157262533,-0.24821965193897763,0.9473775667262024,-0.07870407454569946,-0.2644470090608173,0.9339705726630161,-0.13114614399037575,-0.22930246071439686,1.0279883984330038,-0.24657273381334072,0.2211271727651255,1.3655126376827147,-0.3438850794223248,0.36988881291225656,1.255740262102895,-0.49987336983595093,0.17931080829610685,0.9647577778022882,-0.25613075678075947,0.2962895921861489,1.0658433220453682,-0.025312055603830576,0.4943872402747493,0.4875633778231342,-0.09003826380477495,0.41111596316331506,0.2161177535218298,-0.15418533503060322,0.36076861852751224,0.2588203786210847,-0.09490724612717527,0.3855551182796137,0.29161495466676773
-0.22592428607112622,-0.6112474199851452,0.14508649626949288,-0.15249194119202192,-0.5519619451480602,0.4891698603646733,-0.09612689361058169,-0.5975228617456579,0.24834589675430077,-0.003218204543045578,-0.3839954951154306,0.12835136919985227,-0.37407378465083235,-0.6400748020525721,1.4000457922009573,-0.3471612261032688,-0.24643672169402026,0.9482111245882515,-0.08125851431172416,-0.2606207461207583,0.9242154876731966,-0.12708083705008438,-0.2152675580921328,1.0030664760201962,-0.23996596089558356,0.23079938713165452,1.3737583132370579,-0.3410008569875404,0.37479037829529954,1.2518381258636737,-0.49547079601665317,0.17899802207075033,0.9523376860564168,-0.24883737672439143,0.2935423020484891,1.0420475467108044,-0.021486294353556885,0.49440143683100346,0.4891471683511578,-0.08985835522271263,0.4112097646011481,0.22260959474754707,-0.15880017638031335,0.35880806285978184,0.25213709913083027,-0.10113654825084246,0.38482652772535453,0.2847845902784897
-0.23811333888663522,-0.5861950476637868,0.12287097429139723,-0.15501434474437498,-0.5458540799993451,0.47705732958480107,-0.10209497084444374,-0.5928876051940853,0.24650670702870278,-0.006707393667627151,-0.38922068849875935,0.13067412291718258,-0.37526218870188105,-0.6139938803374706,1.3550895539761831,-0.3632703002748902,-0.22904810557760122,0.9446090330472404,-0.08612928407003266,-0.2529754696429982,0.9317759879378271,-0.13336782406154354,-0.21473706642606039,1.018328593915758,-0.24494428522577272,0.22883229509999425,1.3099329211518476,-0.3541625566403273,0.3810158634198454,1.2278653582258947,-0.5069315578223852,0.1822303110876311,0.9541005760111371,-0.2523497747252379,0.2938145411507682,1.0430785409992056,-0.03301256998691697,0.47103112702110067,0.4618043340305715,-0.10170157110069408,0.39995197086050477,0.21014839709650832,-0.1564090604935387,0.35246186061383694,0.23815548583407245,-0.10094401800553757,0.38069590720004365,0.28018351173007183
-0.23627625827104526,-0.5879744254254846,0.1260095767325946,-0.15796206123885517,-0.5472526048680246,0.4827326617702491,-0.09934898541770065,-0.5861221296807336,0.24546118029613614,-0.005413024782774969,-0.38228358252447725,0.1320686173953181,-0.38079609233134415,-0.6042062576718776,1.360157587103245,-0.35279297607845733,-0.21980914433967091,0.9499151747405331,-0.08942661644245568,-0.2486938988141594,0.9299696696556038,-0.13593992133311042,-0.21327428570247783,1.0170782454892138,-0.24544485952496173,0.23329078278361978,1.299652906984694,-0.35303065735268163,0.3781149065410398,1.2234160297750338,-0.5054814755403038,0.19056166886683662,0.9426067600032957,-0.2511823154381321,0.3047508342729859,1.03724094714827,-0.034245859981277424,0.471111953997369,0.45282769888122565,-0.10128345211406392,0.3982469970214233,0.19454732128713742,-0.15479228270102713,0.35789893593707117,0.24042355804679505,-0.09763136737318988,0.37617835553447854,0.2788217421312786
-0.2382190679111446,-0.5849793901081433,0.1272568038453125,-0.15649472745481818,-0.5437249377159138,0.48726963344764285,-0.10289917169956221,-0.5934563212935707,0.2531806050155976,-0.0010688132996172443,-0.38561585894260664,0.13541269913382908,-0.3836837131930249,-0.6028695398230725,1.355260010903529,-0.36844925172970466,-0.2217920889787457,0.9462402414591893,-0.09042923787246492,-0.24741554475936695,0.9343076169985861,-0.1313538031198656,-0.1994614692974566,1.0085559043449601,-0.24602888296303055,0.23767573121243443,1.2903774679435425,-0.34977600823240307,0.37841243814093056,1.2176429760320817,-0.5114911803710845,0.19204389704781988,0.9448264066837296,-0.2541376886400209,0.3012234777863524,1.034550450743094,-0.035167045053095904,0.4653424491243814,0.4404121586419516,-0.08926644123644908,0.39332612384422094,0.18381314433742285,-0.15596959166454935,0.35118088563895783,0.2355649256029843,-0.10534616804761872,0.3773265743800803,0.2689649447841733
-0.24165320008478386,-0.5807289392510048,0.11609986193632461,-0.16102677153174708,-0.5469510130197238,0.4892014250602812,-0.10740429047541757,-0.6029063588646913,0.25799949625087826,-0.005092408812415692,-0.3873744548259449,0.1409246482166819,-0.3901860481089065,-0.5764233401053324,1.3320590748132537,-0.3693307162846861,-0.20967483358275746,0.9435640165686745,-0.09451335458901443,-0.24181984095402936,0.9410247755217808,-0.13676643497208707,-0.20066677917218173,1.0289563216062882,-0.24965599269305486,0.23790001467433786,1.2527917996786344,-0.36396468528355885,0.3868882495879849,1.2096106798791093,-0.5114955665673313,0.19949258320688207,0.9422707212884911,-0.25610596138178854,0.31067274764679104,1.0373240854353745,-0.03933999697152665,0.4478637250289964,0.42137734667832405,-0.0953069345948338,0.38930853730085424,0.1888086868417155,-0.15241490749371323,0.3515592802035336,0.22643022952844663,-0.10094401800553757,0.38069590720004365,0.28018351173007183
-0.24270527627607322,-0.5660338597989918,0.11231972133949276,-0.16268720843393336,-0.5404416306767128,0.48590332493042027,-0.10794654827921117,-0.599822210587959,0.27274201927901326,0.002860981728726804,-0.3991600326450673,0.15279651339485276,-0.38866134536620195,-0.5581791662967444,1.2758487893323727,-0.37789300004290005,-0.19830676464712887,0.9319325377640608,-0.10267579011063943,-0.22803732784149888,0.9417524895214828,-0.13854865561381402,-0.20332648081385216,1.057341258956513,-0.2557707898052594,0.23270828446377298,1.177581256875222,-0.3744713704387416,0.38237586976944815,1.1804952698011921,-0.5220099368049607,0.19871849584665893,0.9407735183083629,-0.2621939350234039,0.31878693557380383,1.0546166738063532,-0.04582855310420883,0.4202850919617901,0.38606928312386546,-0.10749037377549835,0.3707097263497612,0.170576376179262,-0.15896536757259552,0.35098607601539944,0.24159790607570794,-0.10113654825084246,0.38482652772535453,0.2847845902784897
-0.2513282770346762,-0.5717746384118044,0.11395693108286226,-0.16699618511069303,-0.5420759683293922,0.4862739568104749,-0.10172617491974913,-0.6063284653797921,0.27339189023606253,-0.006014791641140301,-0.3872488313514932,0.1574203830166675,-0.3891259205401297,-0.5557905343360486,1.2993404209335955,-0.38097261123019804,-0.19671766745533767,0.9296688348831985,-0.09693126979954948,-0.23616505863202059,0.9428402332431947,-0.1353616362193664,-0.19554174572224758,1.0635178597374413,-0.24607426475802383,0.237194576766598,1.1839665305775096,-0.3702218921376108,0.37782592826080885,1.1766688096449187,-0.5317002523670031,0.20766586081604477,0.941827177670653,-0.2602626349262075,0.3241881749297398,1.0536834442016878,-0.042769736621424304,0.42607862192714374,0.3948620007766406,-0.10772324493935663,0.37361336155802805,0.17147201277007462,-0.16018830787755678,0.34932170802780366,0.22680997510350515,-0.11079482881116842,0.3868627952412214,0.2812961455364525
-0.25189392460285775,-0.6016882608538728,0.13477175733991348,-0.15397607518457934,-0.5498311562254969,0.4993753488822337,-0.09901589085293508,-0.5995644351711542,0.27235146106222474,0.0023700127379840535,-0.38030239509344904,0.14389989935134356,-0.38323117480361174,-0.5733437128774476,1.3650845951035542,-0.36213193192816956,-0.20116449568327863,0.9595498803540881,-0.1014247448978134,-0.23297510137085573,0.9445199227242995,-0.12787607521169558,-0.18981743825563605,1.0139328876011915,-0.24254435754942333,0.2517501128815022,1.2587983645970884,-0.3504200786441637,0.39254760792147403,1.1912084336145463,-0.5015835634414915,0.20389949465271703,0.9238351871742694,-0.24127895154381634,0.3088691628538474,0.988330569007767,-0.03733742434833697,0.44347085395428554,0.421086373221617,-0.095091590175149,0.37909115987232433,0.18030159093898795,-0.14302716265292167,0.3429585390382188,0.21563891798907137,-0.09955439263922689,0.3578847770626218,0.24826824565269612
-0.24374186885373858,-0.5988948049337327,0.14185558484098582,-0.162724626089094,-0.5464125572864663,0.5009571501900684,-0.10022859839814433,-0.593587670493685,0.267579149506258,-0.0017505183225609232,-0.3769770946249512,0.13912073558733187,-0.38799272385226624,-0.5719074426590889,1.3625176933452887,-0.36165008272402893,-0.19637533228965526,0.9541691959847657,-0.09952906889268871,-0.2361873661856919,0.9340614341822052,-0.1244550752998455,-0.17975757539281684,0.9958466778313345,-0.24596000722174172,0.26157233614189385,1.2493716133362658,-0.3429094804056277,0.39108283649064113,1.1879709395047937,-0.5031319203436682,0.20044598879641698,0.9166034926265378,-0.24301999650662812,0.31257584523393017,0.9790675813767654,-0.03569377188782475,0.4434452842252741,0.4247413735389053,-0.10198936660051623,0.37214622142535236,0.18104389994522205,-0.14543121117124166,0.33806732826967056,0.20702226876703364,-0.10255668218161888,0.3570162062393233,0.24231584364013475
-0.2449925637637401,-0.5908897585228059,0.13325983670555977,-0.1577398315736271,-0.5456603580365159,0.48117471617466245,-0.10432635265433642,-0.593791009207167,0.252826442378778,-0.0031206259114945887,-0.37193018010133777,0.12666157415623772,-0.37943901713984646,-0.5802770327073548,1.342318832390786,-0.36618196843893597,-0.2051285690910039,0.9358550152530327,-0.09946367512882613,-0.2351689722610566,0.9169529740239827,-0.12419039231821412,-0.18318729683023208,0.9844712529861728,-0.24367048763423318,0.2448467015818063,1.2454469156344115,-0.35032309659961985,0.3822999481492711,1.177531279338909,-0.5060523274712673,0.2027337586443351,0.9100725151280532,-0.23921866174870987,0.3048226658065816,0.9755308635661527,-0.04291193852610832,0.44053953869972384,0.4186279255757063,-0.09338188629154522,0.36885867927970484,0.1740346324130053,-0.14424075356241672,0.3319962939851532,0.2102631040137044,-0.10291127489283658,0.35779096132902993,0.249727320613425
-0.24418176704891242,-0.5824792798549168,0.1253144738923799,-0.15276762173454683,-0.5392472800671049,0.4761377199212352,-0.10571293464359409,-0.5816797149184908,0.24631866172914568,-0.005996475994862169,-0.3770919197270205,0.1354250885224814,-0.3834235533458619,-0.5796872502054524,1.3311767324720447,-0.36759343523855464,-0.20035991061192784,0.929989823671793,-0.10266086691578578,-0.2309330183379536,0.9131407247753603,-0.12571837525293472,-0.19231258030657103,0.9689825011012781,-0.2464886289558906,0.2431106498824791,1.2379101532595258,-0.350057355737697,0.3823527982189154,1.1765663250319283,-0.49938456134800424,0.19505667738785576,0.9116199925663775,-0.24243707723833854,0.29761435712233997,0.9740669353964758,-0.040841596729345314,0.44056088969749707,0.4168939083997977,-0.09336151944757877,0.3731762293037057,0.17427001862703706,-0.14616916936964117,0.33782065769656605,0.2111601729859241,-0.10761593423767295,0.35531687081190755,0.24473773430236095
-0.24186969255482255,-0.5768055745600925,0.1273259113024985,-0.16298139705706988,-0.5393494950901919,0.4731588579987245,-0.10178058421962326,-0.5830319690928917,0.25151140010688566,0.0001232563486203664,-0.3735926690011056,0.1265761933599674,-0.38095430764695826,-0.5809030096461347,1.3223708735249737,-0.3616330896383397,-0.20485869217589595,0.9203999886438967,-0.09324262363778858,-0.24479000288463254,0.9043307772498523,-0.12796565831205717,-0.1982587800150842,0.9733257222958445,-0.24662038264309236,0.22903897368194437,1.247107461810569,-0.3541305223147806,0.37093124235712194,1.184105219185944,-0.5093010406989276,0.1935590127285693,0.9165954156957294,-0.24035698972507707,0.2938607444277198,0.9813155221581481,-0.041806881278265706,0.4448587509878964,0.42841457918466236,-0.09507410338500435,0.37176815523486445,0.17266904033042277,-0.15319248637987845,0.33642124192468126,0.21843552136434208,-0.10304749868960447,0.3620444789818001,0.25314364868807837
-0.23782864510137863,-0.5792890304077483,0.12566152020376234,-0.15634255802487051,-0.5394483118558882,0.47141418845462835,-0.10384900840749811,-0.5831212274456357,0.24413326535020735,-0.0069255565310886585,-0.37369778747977184,0.13070240730821114,-0.37895897532278644,-0.5963687800472784,1.3388592960749022,-0.36755905945795087,-0.20983195142219793,0.9233800127466045,-0.09662827344458375,-0.2387804569079504,0.9089489072391507,-0.13291293870892743,-0.2028104225695832,0.9788393031255607,-0.2421756869082443,0.23993183726229603,1.2636935042291104,-0.3491718546027331,0.3724368387157482,1.184399252645786,-0.5035892335234152,0.19189505583934716,0.9161595281547005,-0.2457998650161,0.29429524725975453,0.9839030303399163,-0.03807139995293435,0.45073389769795896,0.4294480933083469,-0.10082270494408378,0.3851251201623326,0.18511598492766854,-0.14831737916265508,0.33568012341609815,0.22304334920292362,-0.10000832386097941,0.3675311615610103,0.2589870387592369
-0.23075498358443872,-0.5887088939743702,0.14169962084072565,-0.15218701975865603,-0.5427545664408673,0.47218211375629937,-0.09962008829131531,-0.5801373134293656,0.2450471249153062,-0.0011261971995776576,-0.3650924286210172,0.11303062425481193,-0.37645615585590575,-0.6086298671428655,1.385933449413852,-0.3475454908234266,-0.22096351397120975,0.9382390602727411,-0.09266693127351328,-0.2464694373086806,0.9052763969051416,-0.12392496002616053,-0.19897587997516922,0.9480832941229492,-0.236928211742852,0.23854392745300185,1.3210839660879006,-0.33507205479565194,0.37542264378466,1.2121921074354165,-0.4862389862371277,0.1870775594590489,0.9130461415805539,-0.2432824581593785,0.2883109678393688,0.9681969867565199,-0.028873108312584796,0.4681399884910599,0.45915071083455117,-0.09079508531574736,0.38925880471990276,0.19545916530220112,-0.14301006935091443,0.33791965754051595,0.22559390830612755,-0.09631432176325326,0.35773646748808485,0.24915997063739587
-0.23891777358031183,-0.5945902302886645,0.13089560688147886,-0.15615452527589396,-0.5438322495240903,0.48491677574819525,-0.0944781926224491,-0.5785811916550238,0.2394131280933802,0.0018208914409968378,-0.3702806194335021,0.10466552365589343,-0.37860475875883326,-0.6119389640312466,1.3735158887462506,-0.35045118195032876,-0.2175814128345966,0.9364343584077166,-0.09406677455804756,-0.24429885568386012,0.908060988476578,-0.12346157472709661,-0.19873316880484318,0.9396370565134688,-0.24149028679521284,0.2383185774398814,1.3166941370536975,-0.3356156889157899,0.36974727040154903,1.2014025043347782,-0.4843075207184747,0.18633273906059428,0.9057517380508302,-0.23570716180377013,0.28567226460527473,0.9525798933940784,-0.026867286001828344,0.47110188769992234,0.4584597264539222,-0.08860912909601633,0.38618653297240424,0.1881569042522164,-0.14074881440706624,0.33300668609449535,0.21213368978783084,-0.10111069421359989,0.35052759369978825,0.24546654079518812
-0.24802494750167725,-0.5809398382121874,0.12061660094951661,-0.1573621885555513,-0.5391280373352065,0.47847770415934193,-0.10793703706828325,-0.5756459601260233,0.23720271193855838,-0.010187608541167887,-0.36874862018476157,0.10953180005253252,-0.3780899570152185,-0.6014628901591101,1.348208576824401,-0.3552252978018888,-0.21116907842117214,0.9291098707078645,-0.09732870518825486,-0.23863593665711774,0.90039498781845,-0.1289075827634644,-0.20707589619203925,0.9469844444399903,-0.23929005399946807,0.23857738723049882,1.288446765488398,-0.34203926799713935,0.36864168191477653,1.194383832263819,-0.4906006458648602,0.1903728577930284,0.9111205032642739,-0.2422535570975235,0.2861313984706092,0.9517148105529507,-0.033170329408434805,0.4565311923778863,0.4405096351107034,-0.08516888061275042,0.38168127674657415,0.18372508132295254,-0.1495712294139718,0.33462878118997247,0.2192631704520656,-0.09942427248306777,0.3551282747951597,0.24520766006345435
-0.23657919794389892,-0.5665260033752034,0.11259888384666515,-0.1596064064253504,-0.5297592259957732,0.4644104383539887,-0.10335640268320076,-0.5724413582550592,0.23543960753694715,-0.006687223337370409,-0.36516151090119353,0.11788742702737125,-0.3805309399790766,-0.5703778842088841,1.2980605191927264,-0.3639103000969201,-0.21302332751316974,0.9086874509274337,-0.09495397139943496,-0.24203825302409437,0.8942609700307418,-0.1242080213996325,-0.1973596193020724,0.9568254042496187,-0.24576499727826265,0.2280194557383252,1.235020014239335,-0.3486845124491811,0.3685235807075568,1.1700103078700483,-0.49360612760260886,0.1834600631281719,0.8966643069515614,-0.2527048786764071,0.29094855501508854,0.9747504231065642,-0.04310258950700878,0.4390510936023483,0.4212627897705039,-0.09262330177212622,0.3673504380430071,0.1714597629983318,-0.1562866462416629,0.3312551441050481,0.21396500292682147,-0.10315011331551999,0.3588063236811834,0.25478414572481595
-0.2464538269149993,-0.5627037209592572,0.10818069251058576,-0.15690368319312875,-0.5249511204362655,0.46034846264464857,-0.10390540442818534,-0.5645550041504438,0.23624290875582,-0.004146037219733434,-0.36507898298009456,0.12228419089057113,-0.3802885984304873,-0.5831109889554139,1.2967706311789509,-0.36348582444400984,-0.2063124505486374,0.9047831067161793,-0.09996126987266028,-0.23410702896363966,0.8882194550238841,-0.12952651066217621,-0.19803116532416362,0.9501026850457227,-0.24584872213055842,0.23289383026628785,1.2195562863503224,-0.3560241231186428,0.3691512041255273,1.1603643629979212,-0.49361003539598414,0.18536697429792628,0.8923020882969781,-0.24738430482250287,0.28294821612434484,0.9621414247357051,-0.036347301258316735,0.43623555776973133,0.409497912575301,-0.09085726581929125,0.37007075812708523,0.1659043732133115,-0.15287462803733534,0.3336770689049024,0.21635795230596494,-0.10648674510623057,0.35422000919474117,0.2551783347866556
-0.24267564927026494,-0.5629127471488199,0.11621488061501097,-0.15886276842885796,-0.5333215905589402,0.4592780105682347,-0.10930821756945955,-0.5613675332480845,0.22925288864165383,-8.104421667171294e-05,-0.363398177525656,0.10604401507624248,-0.375763290876314,-0.5792906562130337,1.301571609599709,-0.36895665614863227,-0.20150064214644503,0.8988646760003159,-0.09942962651870642,-0.23577164014918645,0.8839216112653742,-0.12417609307300333,-0.1915303042524698,0.9412941099176746,-0.24340170736813702,0.22703432483933636,1.224709627617016,-0.3483604094614979,0.359872613117669,1.155684241009706,-0.48794879201859187,0.1856066015688873,0.8874949988545441,-0.2420667375694533,0.2805245007473212,0.9500793823139584,-0.04101128893839642,0.43467271245479905,0.41989333313326394,-0.09614529176594569,0.3616609115803581,0.16843934859789117,-0.147960585432923,0.3237921586823966,0.2088961824405568,-0.1061254882176662,0.3519477560778984,0.24741859369361383
-0.24900005666032352,-0.569076152035872,0.1110934768662507,-0.15833164703786395,-0.5218280490099396,0.45545510546688256,-0.10282012470893774,-0.556233632966755,0.23605767182382317,-0.004051289023435929,-0.3513459110578895,0.11001963078042146,-0.37373771918666526,-0.5661388677091728,1.2962257159935786,-0.35601593328531544,-0.2018820191347801,0.896103136671393,-0.10806079000353455,-0.22326165985078686,0.8769508859884427,-0.12751814493054725,-0.18408375384049033,0.9128252143704931,-0.23555422894396313,0.2343221932393701,1.2150102857586915,-0.34282442928322043,0.36251609607393964,1.1356998690855327,-0.4775561993869124,0.17833813452343286,0.8700603522132659,-0.24262860567933206,0.2820123399732887,0.923253059510338,-0.04750048192769133,0.43184692602595437,0.4050095468693963,-0.09681493933567367,0.3571481081810717,0.15621347537118227,-0.13948367033923217,0.3158036839494727,0.19176726781089456,-0.10685233322344354,0.341782521498342,0.22709278593680554
-0.2397822755085043,-0.5524618478085546,0.1102112579756241,-0.15544646123422634,-0.522071627561772,0.45017032255483286,-0.10443989954056658,-0.5559476743912972,0.2246681938258173,-0.015139241640766053,-0.3515552380441446,0.10883404232926107,-0.3787395478245854,-0.5568197447297263,1.276792318091498,-0.3617283989056019,-0.20147146568794316,0.8809970535939124,-0.10737620429420955,-0.2237920540869878,0.8679728294374308,-0.12621397586786157,-0.18924017638859875,0.9042307057303454,-0.2424178072361738,0.22563016077818956,1.189398201993124,-0.3429363293511113,0.3616105127466802,1.123795885446574,-0.4797006423520038,0.1818976353533186,0.8647199425128443,-0.2424130161102558,0.2838377701056476,0.9221125849262958,-0.04249887200275738,0.42024117632958363,0.39244840691093263,-0.0935134677097137,0.349772400898014,0.1520182007458193,-0.1452740707068419,0.3133349734733654,0.19233354258271554,-0.10873450930266991,0.34132051232484534,0.23194433673515272
-0.2345204559605507,-0.5345620979567234,0.10645814284649024,-0.162548433817096,-0.5158010786857381,0.4403304145615492,-0.10399509992786234,-0.5473571900822973,0.21744988845505728,-0.01206161483348042,-0.35495012060138975,0.11006923451765331,-0.3744124846123039,-0.5416119636267498,1.2274605295926297,-0.37095026614481313,-0.18550978476893998,0.8605928805136138,-0.10855403472589278,-0.22194495364416797,0.8574067425327441,-0.13121908509615715,-0.18439858846193022,0.9019868862220164,-0.24258983262197556,0.2135152131811388,1.1376835347199556,-0.35189332046129085,0.35072982905662875,1.0942725790648702,-0.48726193918080896,0.1855720117006961,0.847485678192767,-0.2463530533061132,0.2784369434685472,0.9150231831662735,-0.04802240438338097,0.4013983748091021,0.3694971902744364,-0.10311096439884754,0.339785917677357,0.14069519946956133,-0.14469782236030684,0.3128955238333963,0.17818403057440266,-0.10993078126719051,0.3316972101695611,0.22139780140267684
-0.24605237162325344,-0.5315294853381402,0.09261543516554341,-0.1593427768070489,-0.5111380461651923,0.43273812953978197,-0.10521625928842353,-0.5399139662836593,0.22363305501022296,-0.005378835431010498,-0.3480007346672424,0.09736316623244926,-0.3781224117312454,-0.5330648775001293,1.2120285302167821,-0.36838894794365196,-0.18641977851691696,0.8510721156938568,-0.10735825267386125,-0.22336391556724364,0.8489512711879579,-0.12962854323425171,-0.1841110918884592,0.8991561451158099,-0.24268186990293922,0.21841591458337936,1.1220967991691744,-0.35087439490354366,0.3496951478714417,1.0842774232729566,-0.48158950019301394,0.18116134643617696,0.8456959412082025,-0.24864928887080595,0.2747792059044372,0.9082756332090177,-0.04981986971153428,0.3955625196719659,0.36969575640490143,-0.09471581478951185,0.3395389763076172,0.14124806155985772,-0.13898758457240065,0.3082530482358403,0.1771101047281822,-0.10557551518068864,0.3349459832115693,0.23379817647993723
-0.23967989449933827,-0.5236251690098316,0.09790595263063215,-0.1588518314444973,-0.5062822563420001,0.42925494456876007,-0.10474686029798733,-0.5305762280981581,0.20401921205610007,-0.013146695249465915,-0.34469305608350886,0.09519841415892567,-0.3739091411502473,-0.5333854130278286,1.221154884730179,-0.3580198415233271,-0.18540277530447116,0.8439860886263597,-0.1117057096884375,-0.21702655662263468,0.8312642452858465,-0.13612312539900712,-0.19013087753415528,0.8761344178450003,-0.24975591855862367,0.21376044577919665,1.1235739312301392,-0.3463574164266246,0.34078900512644333,1.0728364988905523,-0.47513806302868367,0.17172199662637694,0.8367211613051356,-0.2412314073649846,0.26828209094580574,0.8831099126505509,-0.0461669226726184,0.4013927251220529,0.3700490040530049,-0.08865423067892422,0.3336164791628416,0.14207976138713452,-0.13206206892431724,0.2998169129340854,0.16827164664396355,-0.11172510863169606,0.3253792196907824,0.2236862609273458
-0.23618440183182024,-0.527704261971026,0.1068288920731507,-0.16492618238984305,-0.4946499400042784,0.42712768040496574,-0.10771776866889533,-0.5249210301690225,0.20029211757128274,-0.010040328426193932,-0.3411726402785311,0.09568900582266282,-0.36771400551725625,-0.5430732327616546,1.2276828857140063,-0.36093172183435246,-0.18956775509067972,0.837156454884505,-0.11127967655858198,-0.21733776702508822,0.8220726264681155,-0.1324265783135031,-0.1892617742591977,0.8607297458778116,-0.24734153658993183,0.20100712968247056,1.144493651139024,-0.3379773015031937,0.3375529657945451,1.0723231827835031,-0.4677785914042707,0.16837756515185642,0.8240995779692756,-0.24227390210971023,0.26068427528475396,0.8684197780439777,-0.05045670426295614,0.40281741263168463,0.3760338236336883,-0.0971275618620371,0.3353083319630496,0.14193585944387058,-0.1361783163822188,0.2928682920538793,0.16955142525404068,-0.11447453858763863,0.31900587147969506,0.2116328186077029
-0.23799324814382997,-0.5273693628253672,0.10139902174081837,-0.15748619514595985,-0.49501086900295,0.41956760796492765,-0.11033695424574834,-0.5231615227230582,0.19547628612859771,-0.008673031184369786,-0.32735714479079997,0.08565794039362967,-0.3666758412652797,-0.5461899633012017,1.2349748899461244,-0.3588318619547133,-0.18771198163329414,0.838192104036043,-0.10986538442097357,-0.21915160415852705,0.8063891496061206,-0.1265560635577364,-0.18951950622302638,0.8274974326633636,-0.24134032926629154,0.21016542005010164,1.1610561803951884,-0.3428266804084386,0.33416317975492454,1.0775339655336056,-0.4585238337649108,0.164115628127196,0.8190703692522492,-0.23781639920757972,0.25264986514067134,0.8509194065839125,-0.0460141284304275,0.40855480085614987,0.3908862870294579,-0.09191928771234674,0.33666556822379423,0.14599310921618777,-0.14003801399340865,0.2938455399014436,0.15973277032360467,-0.11120907488360122,0.3158615503667098,0.2118444160244418
-0.24038041262133944,-0.533327373695653,0.10150511243896472,-0.1568125902680815,-0.49521464610165605,0.4148456739159758,-0.0995841168016224,-0.5085551834740137,0.19166185082792742,-0.009416495233449963,-0.3308694541559374,0.08021578258902641,-0.37011106383326686,-0.5512244158750697,1.2363596072430345,-0.3594223039924686,-0.19320499345897021,0.8365011332547401,-0.1084864534312379,-0.22089150437778338,0.8033939369233394,-0.13033253996308616,-0.1898814608143103,0.8178268731780652,-0.23602512432948738,0.20776632905048925,1.1755485770494265,-0.3339493525132894,0.3354018112688797,1.081781196764863,-0.45722732951875544,0.16300649845864354,0.8153332895449956,-0.23837432273195003,0.2469888456640508,0.8436649254096579,-0.04621864141316765,0.41438957388849895,0.392254255104076,-0.0928357266513895,0.3337371401838037,0.14179055178521244,-0.13587292582319094,0.2943901500775894,0.1679859751271603,-0.1112252116704755,0.3082764329847215,0.21131263553512217
-0.24228423778166672,-0.5332738136465993,0.09804917841366372,-0.15866033662808937,-0.5002980899202144,0.41297487320666537,-0.10273176740397963,-0.5071325202827646,0.19088462346533502,-0.01955358147890896,-0.3275547732824755,0.08286162968344857,-0.3690526781430917,-0.5561865125727011,1.2436084037500479,-0.35629101958001164,-0.19171278054227106,0.8337311542580588,-0.10802362464135903,-0.22130111623191792,0.7984634697774582,-0.12939372866687485,-0.19169238381682632,0.8231688583726526,-0.2422808416572366,0.20439325251268203,1.1889598757465212,-0.3315274135971125,0.3301448361876053,1.0906502927035848,-0.4575005835816206,0.1600901377203942,0.8158064517740196,-0.2415523821938242,0.24905581492631162,0.8426780943467218,-0.03900119736557896,0.42021312467743505,0.39666508194556227,-0.09066317780542475,0.3438804138512561,0.14934959691981933,-0.13465907756715553,0.2912100581141202,0.17127442244099544,-0.11312535881689831,0.3108153347647281,0.2168521575760055
-0.2318590668215875,-0.5277792441155598,0.1003448985275029,-0.1584917914343485,-0.5003492599402326,0.4117936928106666,-0.10929990980154883,-0.5169398434843815,0.19678253186401623,-0.005609873409312949,-0.32909602681001676,0.07628709771921052,-0.3705746451417685,-0.5631359894230341,1.2425908013474736,-0.35405882182978676,-0.18610572232013325,0.8368317563479757,-0.11087206073705937,-0.2171530215374485,0.8010903750379796,-0.12932650966551718,-0.1934074486193111,0.8179684910039122,-0.24392287278668953,0.1987920359986292,1.1835926255377733,-0.34118719681552345,0.328758961174209,1.0893027055832754,-0.45426154154054504,0.15997665002796685,0.8152786322728784,-0.24239767569252602,0.24174444709889445,0.8472877695364881,-0.04300713694586528,0.42019254835002356,0.39891999917758886,-0.08900101124404122,0.3409792186777662,0.15075631349898785,-0.13366092724992093,0.2936125156213383,0.1766031025661478,-0.11127471197108384,0.3172382258547495,0.21336714968597767
-0.23785418757672613,-0.5269515778853966,0.09841900956780796,-0.15635703533141107,-0.4970228333213888,0.41167376102812425,-0.10485365058622097,-0.5099018505485596,0.19605680182765597,-0.007322938797244313,-0.32212729878083557,0.08700338646419675,-0.3729652156385659,-0.5554658706714576,1.231278870790868,-0.3639881044963089,-0.1974924068892341,0.8282234963494075,-0.1093907503005605,-0.21967364469168071,0.8057469437028248,-0.13135352782480172,-0.1957168492730485,0.8254095592895988,-0.24556206588433027,0.2072552953534629,1.1700632438526646,-0.3371377203954529,0.3319936287367015,1.087004712570612,-0.4600535367907561,0.16147784599596318,0.8175466821523134,-0.24353433166131688,0.24380008155046,0.8543469091775645,-0.055826756843860986,0.4114530101896979,0.3938271282467034,-0.09648429725395806,0.33983572161851133,0.15418143981144547,-0.1413853276363152,0.29543695635634154,0.17855920375529952,-0.11475361430440649,0.316924338658132,0.21718389985259323
-0.2397643805486202,-0.5253992543627227,0.09743428629355434,-0.1624426581237458,-0.49644201893688134,0.42458888805484457,-0.11143584103191818,-0.5155711271907845,0.20035987528035726,-0.006870371695399916,-0.3307981721074802,0.08467942969030082,-0.37607254085381864,-0.5449910520086247,1.227592517236269,-0.3722957726034782,-0.19164092262724133,0.8327887668204321,-0.10825646456260601,-0.2211792030984088,0.8088800868004538,-0.13337621633861568,-0.19802918384557464,0.832852972824605,-0.24480497259816042,0.20974061987001547,1.1626615936548608,-0.3432905947770653,0.3309335685725361,1.0788941459154353,-0.46779579043188113,0.1600744270046005,0.8209995473797135,-0.2545807634561093,0.2502558469207595,0.8605717479169336,-0.045438004032897245,0.4071425129579916,0.3838110941036813,-0.09454943965488817,0.33533660548739047,0.147550551583249,-0.1430349073362428,0.29989949643864455,0.17786185927460374,-0.10957219787340736,0.31883077042049074,0.21239118474577098
-0.24241578707991182,-0.535186203117971,0.09856552032928374,-0.161990096868117,-0.49824999588227376,0.4214229862659695,-0.11099048738125464,-0.5173528422057714,0.19779555312290967,-0.015588212183033847,-0.3326507905051315,0.08906098474008224,-0.3816275723365453,-0.546490751747093,1.2335858043455652,-0.36798204654541655,-0.1872626676883464,0.8420308106151033,-0.1094494910401602,-0.21970147386945837,0.8120715605346636,-0.13438961848952255,-0.19449751038579466,0.8326942013164729,-0.24659327471483247,0.21130003585457272,1.165865329935465,-0.3402981652271589,0.33397105749350375,1.080469579814448,-0.4629299277455127,0.17007458537365758,0.8193706096301266,-0.24542900291151337,0.25326980960404344,0.8563482045495717,-0.050925275837189206,0.4100897481866668,0.3802245237475961,-0.10464216817183458,0.33718021633906453,0.15274696986072783,-0.13944208067196523,0.2925030975133638,0.17769572333588515,-0.11295187154592591,0.32174017370791913,0.21454015073439245
-0.2505433549646335,-0.5365062301969766,0.09562417894133042,-0.1611209521180218,-0.5028889356308084,0.4302465639129995,-0.1047923052829836,-0.5223102679412325,0.20083087184001325,-0.017563054504235582,-0.33093656606210997,0.0912781680870437,-0.378656190879372,-0.5439797568498828,1.2375506823535127,-0.3677254532871798,-0.1873536694943355,0.8410780292767479,-0.1124283021468768,-0.21506041516019297,0.8102627982193638,-0.13791637141982005,-0.18410829508612753,0.8406782099333138,-0.2499923969878646,0.21950473580090504,1.1535874859557087,-0.3463497494782593,0.3435966318459818,1.079248610739083,-0.4736131333070534,0.17369719168166187,0.8175719907908208,-0.24584300841434786,0.25706658297924195,0.8591628404003188,-0.06261873411348426,0.40860184896326374,0.3839729401380569,-0.09809161817011454,0.3353981145138339,0.1451332931817111,-0.1471453936175572,0.29795889983629187,0.1691000518433668,-0.11010668391276134,0.3207601431078285,0.22368883518109828
-0.2461965477604541,-0.5304505983915452,0.09805784329468603,-0.16525202656446092,-0.49956230198234675,0.42943232627195244,-0.11268082154999902,-0.5177658371447219,0.19880816993089365,-0.019444875030960353,-0.3326889534191369,0.09316517656774227,-0.3854093482466789,-0.5369676614424386,1.2374275733420523,-0.36685019013321485,-0.18696570112206484,0.8453577484390687,-0.11394476344872269,-0.2129507511399021,0.8131142923723261,-0.13757635844873958,-0.1915765837148748,0.8463393645827608,-0.24954388478187492,0.21627141504993935,1.1446576746067987,-0.3512793916520305,0.3377199659834,1.0722123909452468,-0.4763100714788785,0.17225450928020097,0.8188750877106737,-0.24740586074278062,0.25902896336092873,0.8585915781341262,-0.052476285460195976,0.4042705305868311,0.37719106782758105,-0.09680617730184825,0.3352784019659423,0.14086990424709425,-0.1388945462107437,0.2969468303631486,0.17507845402834268,-0.10988412090687119,0.32272591707212805,0.2193199151786025
-0.24442601653611012,-0.5324198921603477,0.10201371227622023,-0.1633233751127538,-0.5028539973647168,0.43080531358847285,-0.10269427151009489,-0.5244125731765538,0.2096720600039765,-0.013942324749878084,-0.3394802002758468,0.09998339481348738,-0.38050855716465987,-0.5382231475370016,1.2389561920411487,-0.3729199721119795,-0.1830968981013606,0.8479743322601918,-0.11301882258005795,-0.21499071932615985,0.8247369608699273,-0.1381471001758715,-0.19365822067264127,0.8533318807089149,-0.25457801753518333,0.2103152364088661,1.1398559651413755,-0.3516476261435595,0.34236572954657885,1.0740602262620913,-0.474161808030999,0.17060035159404954,0.8198475094281431,-0.24879454556523567,0.2573975470063061,0.8669051676791637,-0.052151448556283335,0.40137440695481064,0.3737825022178212,-0.09765902807072757,0.3339175411295073,0.14363155670825034,-0.14525936114747887,0.3006842582074119,0.1692449698256657,-0.11494184551975613,0.3195581996846236,0.22140723996905157
-0.2427008988427208,-0.534525124387088,0.1069699268728129,-0.16237822878401212,-0.4998022847697322,0.42415717908017725,-0.10856356003747959,-0.5255005964371176,0.2070022776238542,-0.008084129870755677,-0.3342309886203236,0.09289383384485984,-0.37400762433584006,-0.539943201872392,1.241345944773466,-0.3698886836889695,-0.18277811975297342,0.8517618545471204,-0.114018179757743,-0.21337874912470078,0.8269269830065932,-0.1312028011166484,-0.18507609019478322,0.8455604224186595,-0.24373559867377412,0.21615978656340556,1.1549108558179757,-0.3455139520936935,0.34498979107913313,1.0824594425048912,-0.4687512234314588,0.1688344752581574,0.820296594344313,-0.24527998160744505,0.2662934188950803,0.8564770316795223,-0.04890956108734758,0.40717318038164935,0.3795121345478382,-0.09809161817011454,0.3353981145138339,0.1451332931817111,-0.1410219142647628,0.2998208360891638,0.1769823028235304,-0.11796937066391525,0.3216769615752745,0.21613783963496397
-0.24267899481223468,-0.5390096757195397,0.09959792641128758,-0.15942395416777005,-0.5027696899294888,0.43322598580707994,-0.10510853313477675,-0.5266755868954561,0.2051086200219066,-0.016848696204877178,-0.33435045554739784,0.09745767488508404,-0.37427784676685866,-0.5421912258964615,1.2445366809192917,-0.36778954417367266,-0.18092274383410525,0.8528022347369751,-0.11406050711117247,-0.2136107963837861,0.8248624487305376,-0.1306317589601496,-0.18124298040576894,0.8425437449601074,-0.24748993527818614,0.2258820774232258,1.1486489108180469,-0.34196149392361586,0.3437582562530911,1.0753929197338574,-0.4730776772977506,0.17297124234106467,0.8240856437874854,-0.24178676977107658,0.25671423676302685,0.8549236305705945,-0.046795810946234334,0.4071908201665927,0.376810865618825,-0.0959440094119998,0.33690607374359105,0.15224616743096103,-0.1407829116762075,0.29848498257600947,0.17543266604705848,-0.1080745859389555,0.3260519410713041,0.21633380862713567
-0.24860177163755198,-0.5334250164467216,0.10303476042259072,-0.16258329662879747,-0.5007732875509726,0.440482869816364,-0.10159663102630447,-0.5215945186342217,0.20015026599292576,-0.0037558549310782573,-0.32894291299544276,0.0958373768269524,-0.37576287277184833,-0.534050324385571,1.241680410672258,-0.3701096968665299,-0.17508212137607815,0.8578986902080911,-0.11630861260018491,-0.21043334380870218,0.82598432797386,-0.12891743562008476,-0.17912576824940973,0.8412294021046949,-0.24001995713934315,0.23097487783625825,1.1420982686235732,-0.34345834707358847,0.3485282152798045,1.0752846092663968,-0.46521864885517883,0.17437997795495178,0.8206438077323696,-0.24313789804950064,0.260505185043726,0.853207869448009,-0.04859972835032606,0.40281225575967927,0.376580760789112,-0.09320623919959717,0.33678514869752774,0.15025583118178384,-0.13420473869240268,0.2984383883342778,0.16967824885812785,-0.1077300780194073,0.31617387986408696,0.20802402235607517
-0.24355271316017973,-0.5431382100553902,0.11594601041329683,-0.15559454497463787,-0.499327975993476,0.4360832762642171,-0.09993378174137482,-0.521921693889206,0.21154902057557898,-0.0017641754892160557,-0.322062804352279,0.08230603425637185,-0.37747906067820247,-0.5288914775596432,1.2601352963103287,-0.3561876944259687,-0.17136563818481584,0.8612449884059602,-0.11496100012146059,-0.21253344229729998,0.8261425761446619,-0.12386950306349996,-0.17986893943026516,0.8238366189778418,-0.2440780133537707,0.23177371938555671,1.1527612440373978,-0.32861000590532624,0.3489979968961865,1.0636988020067568,-0.46186667536267273,0.17535240568359362,0.8099876745004986,-0.2344534977634845,0.25954515477257056,0.8309405925337304,-0.040333682614037664,0.40286057290237387,0.36798953373346355,-0.08334879210298192,0.3405884625962682,0.13915768237142825,-0.12350458974249595,0.295449540459668,0.161129936492542,-0.1055588579822544,0.3172110919876517,0.19725872585402196
-0.24538407632244963,-0.5383286314961113,0.1178738929213123,-0.15608229945382154,-0.5041836926409958,0.4395546181497645,-0.10303350842393133,-0.5246441068946115,0.21235497265457998,-0.0032726260631292586,-0.33068544499552477,0.09280071417807002,-0.3780550653446857,-0.5390528524093329,1.2674577262087066,-0.3589890878015945,-0.17486581610570717,0.8615690430297557,-0.11293901318256593,-0.21559751911374336,0.8291147562255446,-0.12295696640984857,-0.17237296338541583,0.8227313217779695,-0.23486710352203682,0.23398357942519304,1.163434783555069,-0.3349982876768011,0.35193955695949103,1.069104957544672,-0.4574410213848063,0.1840955798340204,0.807167340372263,-0.22914170183933616,0.26271614542821686,0.8192584777636109,-0.05041340829732796,0.4115994115427111,0.37329422270268947,-0.08882933917562567,0.32917874855576207,0.13532236174643236,-0.126574157457123,0.29452449541289305,0.15718837720613585,-0.10221807226276762,0.3111840596930025,0.19560266119530503
-0.2461220186552177,-0.5526375363477268,0.1150019309802505,-0.16009766588338833,-0.5025640697201812,0.43794214321557734,-0.0985927954580594,-0.5217374475773118,0.21322105815763928,-0.010911026344320039,-0.3239047641411318,0.08948131307653258,-0.37895633179936944,-0.5458861721679282,1.278084284675567,-0.3605849956327887,-0.17240059091741639,0.8688125900320453,-0.12015612026543757,-0.2050828493972328,0.826660194201597,-0.12690231088381143,-0.16925849095577775,0.8233988394651602,-0.23264824162726958,0.24936176929630643,1.1701767725739645,-0.33602134109055604,0.3529750318708017,1.0791077266940294,-0.4576680608153585,0.18500669053385027,0.7988346375964112,-0.23078919499311357,0.26096367010102794,0.8189291048935715,-0.04955523545904476,0.4115049863879333,0.3867599241095595,-0.0947135180519781,0.3352177748400982,0.14101329608881374,-0.13506915783889983,0.2926134199762453,0.1522629291859757,-0.10859448602163509,0.3102427877968351,0.1911039086620637
-0.2483089873366838,-0.553424106792536,0.11742316846789028,-0.15936097300873936,-0.500483898941094,0.4476164062524731,-0.10320307145980279,-0.5247598420694862,0.2136962036010266,-0.012262171797326216,-0.3291347691152372,0.08815274307765389,-0.38213539168501376,-0.5374544644185977,1.2754284646644314,-0.36796262110150413,-0.17064931209817968,0.8675960956505469,-0.1221479958035036,-0.2022482490356953,0.8259455597795862,-0.1236944081000264,-0.17044930986511156,0.8137401661891353,-0.23974548600167472,0.2463049610245117,1.1743484817552166,-0.34064828831780913,0.3609725423668631,1.07860424484407,-0.4646735940769274,0.18039031592697824,0.8047451615214168,-0.23722119510978906,0.26138806140708704,0.8171690393656711,-0.05522883805287171,0.41589748883167343,0.3849426833924488,-0.08764944611642626,0.3305083819955318,0.13148820284795631,-0.12775303544641803,0.2864301914800473,0.15189053493785445,-0.11235342919785413,0.30785539160532527,0.20049235656596615
-0.2483089873366838,-0.553424106792536,0.11742316846789028,-0.15936097300873936,-0.500483898941094,0.4476164062524731,-0.10320307145980279,-0.5247598420694862,0.2136962036010266,-0.012262171797326216,-0.3291347691152372,0.08815274307765389,-0.38213539168501376,-0.5374544644185977,1.2754284646644314,-0.36796262110150413,-0.17064931209817968,0.8675960956505469,-0.1221479958035036,-0.2022482490356953,0.8259455597795862,-0.1236944081000264,-0.17044930986511156,0.8137401661891353,-0.23974548600167472,0.2463049610245117,1.1743484817552166,-0.34064828831780913,0.3609725423668631,1.07860424484407,-0.4646735940769274,0.18039031592697824,0.8047451615214168,-0.23722119510978906,0.26138806140708704,0.8171690393656711,-0.05522883805287171,0.41589748883167343,0.3849426833924488,-0.08764944611642626,0.3305083819955318,0.13148820284795631,-0.12775303544641803,0.2864301914800473,0.15189053493785445,-0.11235342919785413,0.30785539160532527,0.20049235656596615
-0.24682615906936797,-0.5368888655679556,0.10452209427722225,-0.16725881596318168,-0.5039578880234669,0.4435279779590944,-0.10598004255927598,-0.5231216454388499,0.21022500459813223,-0.011860272968692609,-0.329078134693151,0.09609125473418714,-0.3816509406908181,-0.5258589738680869,1.2318617507711709,-0.37724806920832377,-0.16838811923561986,0.8522677480472097,-0.1204515536912068,-0.20409833685803458,0.8168473141999388,-0.13118970032103972,-0.17745294897163846,0.833869201779707,-0.2540272630735844,0.22482347409992492,1.125355431380854,-0.3580329789744108,0.3507026614071984,1.0677166267933975,-0.4717390737514014,0.18582895522572032,0.8111952427901749,-0.23800078327199473,0.26727319869486377,0.8326657344412114,-0.060496173514748286,0.39417446597739286,0.36131208765762474,-0.09471992731745936,0.33494971691195197,0.12686171161726406,-0.13681332641553323,0.2905880773634139,0.16214324336652605,-0.1108068308727337,0.3166837226395074,0.20358604920870227
-0.24846351796699084,-0.5330072474023354,0.10006485951044772,-0.17099458783900473,-0.49908208276998545,0.43997341634970305,-0.1116356838934386,-0.5227046832092852,0.2171537269446,-0.011272025018935055,-0.33594902466282356,0.10334027173047161,-0.3846455159446432,-0.5265307992057506,1.2279218384344432,-0.37545098427186263,-0.17405782596767266,0.849032414734701,-0.118843658965956,-0.20660307838054978,0.8204571522879541,-0.13319807312409743,-0.1761838778569246,0.8479493155907611,-0.25351739592781153,0.22528660927848332,1.119147095292347,-0.35724411704511677,0.3480494200506261,1.0583737923049834,-0.4769123722892834,0.18037626175182603,0.8106433740667653,-0.24588156582426998,0.2662335162952661,0.8498906527231818,-0.058565030362182684,0.39417458342164563,0.3608108838146491,-0.10092621892985948,0.3323765842314416,0.13316193872804236,-0.13814391992486424,0.2965667817978064,0.1598745638311124,-0.11242738993189552,0.3213060693692054,0.20357919902314678
-0.2512608836114613,-0.5462181967306418,0.09908478955907302,-0.16327112314473044,-0.5012001731041242,0.4304300976823436,-0.10395903880360248,-0.522474102077487,0.20653108383205765,-0.011471211685572805,-0.32735584054097505,0.0934114804180553,-0.38299078485020244,-0.5602974605591604,1.268730185723519,-0.37096765394129366,-0.18049054605991569,0.8571077495192425,-0.11392231974612589,-0.21338784407244843,0.8195953115136124,-0.1327187864998538,-0.17770471974218838,0.8354967799105736,-0.25165947939080746,0.22885201071347247,1.1844096169453064,-0.3463349799800636,0.34920775344140653,1.0920676742403554,-0.47019766791019674,0.1717634476515765,0.8205408538070981,-0.25122609223788406,0.2591793559121197,0.8511219946443398,-0.05238877129890292,0.42019979537609586,0.3964646146929309,-0.09422855370592217,0.3396265793300188,0.1467185029246204,-0.14246386641021422,0.2994565325653328,0.16369937452908692,-0.11458931660673585,0.31877057761715205,0.21399111102458776
-0.2465073093924615,-0.5613477621093209,0.11161693091944457,-0.1531344069853239,-0.5077813201446474,0.43384034696832974,-0.10084337073859855,-0.5148747931408435,0.1917113588059067,-0.01241635841952918,-0.3222644757044626,0.07804747660163505,-0.38815202498694346,-0.5775200527602449,1.309524462539961,-0.36087381288048437,-0.18800189630185365,0.8731796332255604,-0.11316565473829515,-0.21471081146817775,0.8182308405180817,-0.12765350949349585,-0.18196475716542432,0.8101551198055841,-0.24981874652838773,0.23595560021498252,1.252977920339416,-0.3441050630096054,0.35073967293189606,1.1207694607899412,-0.46907506294463336,0.17139518959378003,0.8234407913528442,-0.24503195841614991,0.25660492732159834,0.8336819626463338,-0.044053556707141735,0.4448164593765814,0.43232212729030833,-0.09582571679740677,0.35731223077249474,0.1671299029070487,-0.14161877583896096,0.3052902992840516,0.1811093381531938,-0.11455556149055826,0.32337086974104606,0.21384622855168883
-0.24507448648991315,-0.5449719390554965,0.09964273890820705,-0.16275450530098196,-0.5063673747820848,0.4268378671029341,-0.1113710340753973,-0.5134405569708816,0.19889638845844426,-0.012993217396831272,-0.33431195383102785,0.09334959180660253,-0.3966517028567551,-0.5751247033020407,1.2925483235662898,-0.3738726224882357,-0.20278793685291535,0.8657346636280546,-0.10813690701961168,-0.22133113929549036,0.8237187506239391,-0.13995097441081425,-0.19351418860319355,0.833516901150809,-0.2569676478058587,0.2186374629757671,1.2434358403956742,-0.3527993091161198,0.35008589608933516,1.1342735972100044,-0.4827924999912199,0.1684950194710116,0.8436394133667627,-0.2571450622160883,0.26187144284258507,0.8771074222766944,-0.05274473796335524,0.4490787974561585,0.44335194997511246,-0.10883982712255798,0.3695145211392564,0.18200146105331477,-0.15136011036176478,0.32136263468752946,0.2065086321654784,-0.11715877995722163,0.3395426666748588,0.23582414427068632
-0.2552962445366384,-0.5528136253074522,0.08715479425580915,-0.16930731640737837,-0.5096225355928118,0.42810034000231856,-0.11660799886327487,-0.5328916570191006,0.1999993927269681,-0.02271233956519709,-0.33959893004369013,0.104570994855722,-0.40657510071820535,-0.5745593199391316,1.2916482059885577,-0.3911079592249458,-0.2137325407766879,0.8610869578267719,-0.10705802894903056,-0.22144342631069405,0.8282554187670114,-0.14975849345681125,-0.19961358805265023,0.8764000661165054,-0.28387801317146033,0.2085285884795857,1.2413317919358398,-0.37540270808198084,0.3459948555487789,1.155763780713053,-0.5078163838498996,0.1724942190615636,0.8717036629132842,-0.277989330714292,0.2659308713642724,0.9221174669248985,-0.06130591131666871,0.4533477899753809,0.4523378486813268,-0.11157665632543275,0.37684280572900863,0.1841558278992111,-0.16854537337734615,0.33472827645451086,0.21922134244497024,-0.12011115733445003,0.3579601515754317,0.26557199659411734
-0.2515716098574325,-0.5516797164901134,0.09859208153199503,-0.16766722315016833,-0.5061431973541214,0.4314988114226019,-0.11082262510609402,-0.5339195911131391,0.20414770200806598,-0.023941392658304212,-0.34136811710135573,0.10219570951617792,-0.4064615635100869,-0.5836626844594188,1.2915431997882116,-0.38738048900383937,-0.21482982674735793,0.8686328463607907,-0.10530995311287233,-0.22144568062453338,0.8338458945584435,-0.15453892381632964,-0.20828090082927067,0.8992171702108519,-0.2871466677179984,0.20824050413397402,1.2408348128657767,-0.38484342316183673,0.35178959483146005,1.166580253202892,-0.5192609740377852,0.17747807852834785,0.8839766252452746,-0.28488271085080297,0.2687936401273059,0.953820136453162,-0.06956455150618075,0.45617982549242236,0.4575303208597682,-0.12802545188377049,0.3804763310425536,0.1952511180547414,-0.17181628819811323,0.3430483762599474,0.22736197668084873,-0.12544335101177478,0.366229085069497,0.2751556012006401
-0.2591222045001955,-0.5497254263144927,0.08513041710871777,-0.1733020321148389,-0.5123765612522836,0.4412186347044119,-0.12067788637731751,-0.544742498899864,0.21333981817966816,-0.025313117028152546,-0.34817576673608863,0.12235054224182193,-0.4244096100723581,-0.5696610661556604,1.285342784995869,-0.41043895581252965,-0.21752053213264594,0.8755918891159788,-0.10858294038080556,-0.21527242936539903,0.8519935859073008,-0.17120123125051429,-0.21362914319840315,0.9419406804848197,-0.30416767494800767,0.2075034871934756,1.2262997175814996,-0.40001743770817766,0.3531352487668736,1.1735549174299371,-0.5490049508136295,0.1761855260795713,0.9095157973216659,-0.3052432874806812,0.28954785370467645,0.9973817601127841,-0.08711112344909497,0.4516724953229936,0.4595742199564858,-0.13127034857859587,0.39218571831554083,0.19891070366944866,-0.19117435169069813,0.36177927458348447,0.25045284196681117,-0.136568135251457,0.3862263067185572,0.3047765423045486
-0.26699077871915294,-0.54722969732769,0.08112222095885907,-0.17844315145969478,-0.5187615436714015,0.44742236917026856,-0.1231162706184511,-0.5512990497021579,0.21168252228774584,-0.031835249881544035,-0.3533948977132391,0.13382226321679414,-0.42688734709108067,-0.5732976824726719,1.2760402738340055,-0.41921924656231263,-0.22296993138154875,0.8735596634743216,-0.10629914695245038,-0.21551726787109224,0.8618408191438022,-0.17655247645905914,-0.20932754282514976,0.9702951340912885,-0.314598514341228,0.2107939961842998,1.2162469166182899,-0.416921445156505,0.3510128408816393,1.186616002453587,-0.5616784042765266,0.18160089521271058,0.9179312543511419,-0.3106400885718098,0.29960172891404724,1.0208276781362526,-0.08648109540488094,0.4488199156441458,0.45275766064296125,-0.14214921712949335,0.3896780806717756,0.1986591479136226,-0.20200549074619378,0.37096667082210655,0.256942143323085,-0.1337819803160908,0.40315808345029885,0.31823400885883146
-0.27233880025984014,-0.5399400928558931,0.07287609547846297,-0.18715176517012871,-0.5153197219986205,0.44891008295163365,-0.12484039880771254,-0.5665400284450036,0.2215646105039511,-0.031495696489516556,-0.36714758386383545,0.14348550533761578,-0.4366768221264594,-0.5762016515027385,1.2740072298232408,-0.44081899382819173,-0.22932758011552373,0.8795281620070887,-0.10543816119868962,-0.21220393202174753,0.8830044009908351,-0.19181982911879417,-0.2204518508296429,1.0314889044969555,-0.3273187014507812,0.2065316772809731,1.2055493874372705,-0.4414686186148569,0.3628079748855386,1.2044722768184841,-0.5945067656480654,0.1832889199655649,0.9563166826004242,-0.3285976660474331,0.3204220365395095,1.0804676504150486,-0.10334901589655894,0.45881094452005694,0.46447214585248064,-0.15239557859900751,0.4149022880147454,0.21750555674136135,-0.2247220171139313,0.3987302019453656,0.2841392990851343,-0.14558800831527222,0.4394681419863212,0.36635829484167587
-0.2752893499174671,-0.5550161109796511,0.07093499130614175,-0.18839387444970765,-0.5216150076810943,0.4575377165643969,-0.12590521899681195,-0.5736206139185128,0.2339686808360875,-0.02978494086142649,-0.3842897253289992,0.15509336243970032,-0.4444322247120881,-0.5760473993070223,1.2866334143944185,-0.43956565152280047,-0.2314176979234125,0.894914984949677,-0.10089800967759961,-0.211700790695515,0.899862381653068,-0.19038667873584628,-0.22677915413576855,1.0761948662184857,-0.33820631093608705,0.20631422909555702,1.2200687826284533,-0.4515545501214834,0.37050437698735394,1.2362126534208682,-0.6139669325486017,0.19359765782716168,0.987654441656126,-0.33901077064704543,0.318124450818416,1.1220102100098324,-0.1017949148062139,0.46023897294994653,0.4688310123879925,-0.1726575250638216,0.4231244278740135,0.23262343188806217,-0.23575248263592882,0.4153432920415413,0.3106454902711991,-0.15357565398935558,0.46175400802862887,0.4011944044784022
-0.29106440391941824,-0.5516541807132906,0.061475952726498515,-0.2051471704035423,-0.5336671375133885,0.4853051978659066,-0.13277871315952258,-0.608888945937714,0.2501997667789103,-0.02975500837415716,-0.4116531566920389,0.17884248701750668,-0.46787526477580343,-0.5707339869054284,1.2872493798131215,-0.47303691119723384,-0.23828929783010688,0.9128882428168261,-0.09039741765904262,-0.20981707775003078,0.9454120647595797,-0.21159053997338287,-0.24183587048342578,1.1943127012391133,-0.37089275792783355,0.20619077157753649,1.1971667178606955,-0.4970851482300932,0.38580087560608534,1.2763225010938861,-0.6936190093271071,0.2127920349068566,1.0515606519231526,-0.3725992568301432,0.3519109811360983,1.225802797970437,-0.12083393068382696,0.4686979588809365,0.48212750493089346,-0.19540258403218402,0.45628275129512064,0.26115497134965704,-0.2857755830341403,0.4729700783755329,0.37708794612699803,-0.1665076274693343,0.5322269859892459,0.48471404956783987
-0.28487607821286803,-0.5503986358372307,0.06208013320786639,-0.21471404376159367,-0.5349702624149603,0.492700917031417,-0.13976304021826844,-0.6432148079233876,0.28255796327804206,-0.036855696605585485,-0.4319377795071977,0.22753927237007796,-0.4864917729636716,-0.5497713844476008,1.266956682185727,-0.5011395429298944,-0.23870424666458884,0.9245215978490988,-0.08980517105055759,-0.1971841813352916,0.9792248729034435,-0.23265721097324366,-0.24671887825612682,1.2921451261448165,-0.38582773818119215,0.21981664988243435,1.1519341987711864,-0.5392505411659186,0.3899760085410878,1.2907219854032619,-0.7281154741588113,0.21296248377735444,1.0888161576147573,-0.4015671028238137,0.3813488234792207,1.3115098236690748,-0.13974773128358248,0.45129676545981556,0.4607766073933647,-0.22403182293744273,0.4662143817464928,0.2655465678850646,-0.31979350530298223,0.5086771712567036,0.40812522613881136,-0.176993539518064,0.5831568358145148,0.5490441565342272
-0.2983280085395959,-0.5428927676066365,0.0535599190459907,-0.22318201734204918,-0.5426332769865723,0.5070358544048508,-0.15501895593123152,-0.6738284583469241,0.313416555456788,-0.04346107961437233,-0.46242331621823646,0.2744189634393606,-0.501319745941332,-0.5308088349764146,1.2407864158363335,-0.5278948174163351,-0.23259256586778562,0.9300952503593706,-0.08773347523968225,-0.178640564432546,1.007289529829297,-0.2549974002539134,-0.2538173554640001,1.408206984699396,-0.40557039035290027,0.22337415996996052,1.088748119661623,-0.5747553775508527,0.40065111939928494,1.2990470115993125,-0.8029390043667102,0.22923419368417253,1.1339217621141127,-0.4308415364784407,0.41452432430483244,1.3996052057663206,-0.1425280293989824,0.439947026513989,0.43009284428697114,-0.2535801038820449,0.47033992983412526,0.26572759571333454,-0.3545821620571453,0.5434584260026787,0.43870094187709613,-0.18742034970868302,0.6367376674635411,0.6156041843466658
-0.3228841902346682,-0.5267427473601807,0.03407678778918372,-0.2601592500940861,-0.5492455728747744,0.542389302032359,-0.17226051555397817,-0.761662314601194,0.3797332450530415,-0.062256524586761966,-0.5430869992500897,0.39820143472922886,-0.5421341457712299,-0.4660730910968686,1.172858047068519,-0.6051462173199558,-0.20905748862156107,0.9439567409223291,-0.07614488826714406,-0.13887183761447852,1.08563841617393,-0.30390410527098743,-0.27847721911860607,1.6591267320952439,-0.44575335843183633,0.23734199116772253,0.9316673861931433,-0.6653838291898679,0.4295245449529676,1.2938702481931723,-0.9581136646009283,0.27483362445028037,1.213547324738272,-0.500246673592046,0.5002766007281974,1.5845189060471636,-0.1625880039043344,0.3927213470624689,0.3591088990343326,-0.29361181803543224,0.4776822735628727,0.25528407376815204,-0.4539109733757422,0.6195354415490569,0.5046401408188939,-0.2224486690723179,0.7519263046469545,0.7859502409090585
-0.35908478315392517,-0.5247000295339936,0.033337020911692626,-0.31413099771203956,-0.573754125267956,0.6210354612361472,-0.19377942402658302,-0.8725434396561332,0.4944796191960295,-0.10185347536612617,-0.6282052507962649,0.6183289413271245,-0.5982262470820114,-0.39728289953901386,1.1627771061902465,-0.6920304517808191,-0.16496339527507517,0.9992543304148663,-0.08613894930003278,-0.06985680956853382,1.2037556743779714,-0.37219973498842274,-0.24280475611692243,1.9977116743534282,-0.4824585482014002,0.27538226428776896,0.7938625482399251,-0.7635755428642874,0.4882612239402478,1.30746526481945,-1.1972521269487693,0.35084493203127454,1.30426682594318,-0.577935418131364,0.6383327840830593,1.785625753170768,-0.1697070435366993,0.36572391964909395,0.3071423135774525,-0.35248995373920666,0.48732179259168135,0.2457586828547291,-0.5633164939567338,0.7182291573327237,0.5699042333305203,-0.26944901567710694,0.8927487419292502,0.9682467783666482
-0.3742204616380636,-0.5372551557872223,0.031922652604774754,-0.3184051975011177,-0.5823067492204719,0.6504996294546493,-0.20003266439596684,-0.9049850677606156,0.5346403614634759,-0.11222227819711117,-0.6465085891342968,0.7181931473348334,-0.6080999844878925,-0.38573816905580616,1.1782237115537968,-0.7114060422844758,-0.1478732947378651,1.0243736995511392,-0.099295477092891,-0.052126224621064005,1.2419882243001295,-0.3868645271171451,-0.19844439244309436,2.097704176672253,-0.4899437439428839,0.28514850211223736,0.7807034308540243,-0.7834518398979409,0.5063351220774355,1.3181409967125859,-1.2422343888793856,0.3708383430983371,1.3219274664166194,-0.5901844257986112,0.7022724881143307,1.8008606627728991,-0.17940084337357423,0.36426963741620877,0.3135836196714962,-0.35639378026860563,0.4963436792270554,0.24863656013437654,-0.574358795269437,0.7346434184450471,0.5804800528706688,-0.27618888679574666,0.908748386331475,0.9845640250282672
-0.3997378912730578,-0.5508886080777285,0.03499121661229512,-0.34107039495461927,-0.5929170490599233,0.7046569511943745,-0.21004737985909983,-0.9796866409737971,0.6405595711118147,-0.1262266188141373,-0.661797282373016,0.8002426770265364,-0.6461326314889475,-0.35466536781528435,1.1809981461325942,-0.7482892963647814,-0.10994347753810002,1.0753334760995015,-0.13729621484244509,-0.020730656042575048,1.3224215534375487,-0.3995939784061245,-0.15537356572496838,2.146397760020971,-0.5116961049546799,0.3048137387005509,0.7074246557724223,-0.8209988836450798,0.5387797937247174,1.324123696948087,-1.3496633734467516,0.4332157500048309,1.337146608349606,-0.5877408517150612,0.7536558101962314,1.7877388263085459,-0.1860635590110473,0.3444434266308059,0.27755143302784313,-0.3778960713648929,0.4851545159075878,0.22601848582904357,-0.5912400363711244,0.7552776956173258,0.5729873751779512,-0.2871280766665949,0.9308665524175015,0.9573401982192069
-0.4245980663750557,-0.5808629722846005,0.0295812315354718,-0.37179409103605476,-0.6204631704600734,0.7825881241472027,-0.21121392541298978,-1.0131613983163594,0.6864342107706264,-0.11570440341623948,-0.6687143794396447,0.8435177336279103,-0.6636159363574744,-0.34021829857631253,1.229246959743882,-0.7692682901046178,-0.07156165259225926,1.152784185916367,-0.16373798263014155,-0.008497894842083426,1.3714430052523476,-0.3887533004444735,-0.09983671117806497,2.1512478064341423,-0.5212631819870793,0.33151977461504123,0.6975373416034445,-0.8576790568856477,0.5880884651370566,1.3578955360559588,-1.3783905295149164,0.460356017169984,1.3396638446352582,-0.5611897029288055,0.7712443312569986,1.7588237380006837,-0.18600203633612436,0.3430115980397369,0.2787528657982476,-0.3931676933710998,0.4947693111663482,0.235654523714251,-0.5760095268343354,0.7572941656022006,0.5413211301093821,-0.28277093830265543,0.9275982979833063,0.8957493757597288
-0.45428861366738316,-0.5952561025173039,0.027329822790178915,-0.38048868979046896,-0.6238086779389186,0.8139271267195745,-0.2093595233405873,-1.038539225570465,0.7349566628262353,-0.1225793809628356,-0.6711744430007939,0.887032230794027,-0.7022868195621798,-0.3251806648934457,1.2682715693819144,-0.7865186385621031,-0.061325720511013496,1.181242369522556,-0.18195778128647744,-0.0018378576507525144,1.403981685351909,-0.3825029538191418,-0.07113281911556989,2.1705548167270132,-0.5376182158735624,0.3432635660353633,0.6877851498311162,-0.8785359194161689,0.6106239373560635,1.3710934037186793,-1.4097726852366972,0.48144917371580787,1.3457397057560485,-0.5504458961680909,0.79418537260313,1.7543776052238107,-0.18692966324277205,0.33876509780261765,0.27185434986200196,-0.3884666146729872,0.49446698452203675,0.22797429080155296,-0.5785574313264437,0.7659229676647029,0.5372376924255372,-0.28068218481026547,0.9305412220152245,0.8873094566749382
-0.4520625355911803,-0.6127068384968924,0.030221064527923135,-0.3873053427537475,-0.6362197721087762,0.829485207927472,-0.20687818966143132,-1.0509942783540644,0.7475182048052273,-0.11374100951949621,-0.6752520086613029,0.9103613781844624,-0.707629313726964,-0.33353496485866374,1.2749890527214385,-0.7929393220011443,-0.0600812244623499,1.1932532160424487,-0.17939065446401317,0.0007745608841782164,1.41497959612375,-0.3799405959369488,-0.07095145873140915,2.191557531454314,-0.5431279191913805,0.3481998867757435,0.6903929451222208,-0.8947702691433251,0.6125704280092487,1.387042891999637,-1.4359411887646132,0.4935841979178626,1.3656112427324527,-0.5446733401559425,0.8120816756957421,1.7664989454489022,-0.1822906590445437,0.34587010233666626,0.2746139370458943,-0.39377536812300545,0.5096108447935448,0.2403349958098091,-0.5956022888151248,0.7812191048610276,0.5549730127661887,-0.2794164836350983,0.9468750593989269,0.9055809855546166
-0.44844269464950126,-0.6148940855049982,0.03816877618524337,-0.38012589426652316,-0.6398536177543992,0.8229437503107085,-0.20105221706324222,-1.045119224513832,0.741623263480562,-0.1087591860217796,-0.6784404593899377,0.9090730735641912,-0.7047278514556115,-0.33998908981492,1.2834829838955464,-0.7845320149328229,-0.07054632226884949,1.1995170167922942,-0.16544863572363142,-0.0034044915433080313,1.42050831006572,-0.38084316916544264,-0.0795970980913952,2.2089343851609256,-0.5471453676090411,0.3463159095628201,0.702960644866506,-0.8874360033819466,0.6202646387416436,1.411006466662333,-1.4344866358301354,0.486975944511959,1.383828443473171,-0.5462326103809511,0.8122239353229189,1.7939606143274596,-0.18712742304548488,0.35156412349756416,0.2823553277242311,-0.40049631719006995,0.5114580657195164,0.24658786105347721,-0.6050839707019152,0.8012846395009655,0.575986774609174,-0.2770855148221408,0.9616523991941195,0.9348338845036883
-0.43159355626693274,-0.5929548971081158,0.021232182990696097,-0.36811781002960586,-0.6286030612632605,0.7850145698493014,-0.20238897719699875,-1.0402154780788675,0.7083491787157542,-0.10796691374023204,-0.6809634596538525,0.8757643370527558,-0.694079258350042,-0.3444930858852963,1.2316490265896693,-0.7800115127572298,-0.09313153522323714,1.1521497637133846,-0.1289468937493689,-0.011140411453191092,1.3986711739037918,-0.3746443256198142,-0.12066106978649696,2.215830630167046,-0.5493580561362291,0.32374842231383383,0.7018030173469808,-0.9010883227749772,0.6018669573820568,1.4051023333078267,-1.4481116913699672,0.4723145132909322,1.4003740855310716,-0.5595254885994164,0.7988240240545915,1.8439153515443412,-0.18874952764261044,0.34727329726624,0.2852101778602258,-0.400137291520168,0.5219033841442241,0.2568497920692959,-0.6393430750315775,0.8307625912605243,0.6098684300966701,-0.2879212953952428,1.001436630613206,1.0224638800558392
-0.4193851181040735,-0.5708569935987129,0.02204388882437047,-0.35743410142677357,-0.6151485453431353,0.7569239576112293,-0.19625004223233972,-1.0269402946156496,0.6842946817738533,-0.09578772503951218,-0.6798282533228759,0.8381577789276302,-0.6784180422142262,-0.34797893641354966,1.2035977626465422,-0.777283915791563,-0.1054279337296037,1.1179540576804143,-0.11833435971696549,-0.01801321317175998,1.3795606513859187,-0.3676544107186107,-0.148481736286363,2.21635283603495,-0.546375791904822,0.31326062696491297,0.7010835172131038,-0.8974633687203867,0.5871664028648272,1.3920611792600335,-1.449202179724606,0.4551386132995417,1.4019973316071235,-0.5683683336459278,0.7795018220426468,1.8758283561306037,-0.18326104144430239,0.34725121241188345,0.2863766156520689,-0.4072534214731819,0.5237858869643227,0.2642429171347301,-0.6536248933648867,0.8343742672442263,0.6312916540507075,-0.29286643915325083,1.0173184174540402,1.0710768091667984
-0.4028623647914388,-0.5658397477336231,0.026589796579117742,-0.34587241485544196,-0.6112492421426552,0.7357932733064971,-0.19555793845059555,-1.0034029133381004,0.653539631050019,-0.08569163387560726,-0.6706035048990981,0.7922231604351739,-0.6709678571793293,-0.3495478587312425,1.1948245849846741,-0.7733204475639094,-0.11867810385861526,1.0932245825605822,-0.1141170149542053,-0.02121981941336991,1.351660692956597,-0.3692596087962167,-0.16386499774076316,2.1999676499090626,-0.5460256786591954,0.3041353361816585,0.6954912957586301,-0.8925383317345589,0.5739232000560668,1.3805090636370716,-1.4267075599356829,0.44292250865221605,1.3950957872605447,-0.5750614752752702,0.767316352253348,1.8802883832095514,-0.18124904796493166,0.3458177000204479,0.2861770392920161,-0.4137640896082178,0.5167041593561477,0.26526646209651183,-0.6521006518099481,0.8354236405601325,0.634107638447573,-0.2884949718912748,1.0219997155399076,1.083863276497493
-0.39662498315661515,-0.5616044228041646,0.03382554969849412,-0.3437359820558276,-0.6036671523244598,0.7218570589880227,-0.19144871327382879,-0.989401475944306,0.6306670303841202,-0.08093907677334379,-0.6645142513437755,0.7609993817487122,-0.6644806689135324,-0.3545531281530829,1.1999337220447217,-0.7632686254920867,-0.11569518142914803,1.0883583398821928,-0.11096685211513363,-0.02789688050547132,1.3308148649118203,-0.3564804577369878,-0.1673464309080916,2.159339771305711,-0.5455801962409097,0.29769260143205034,0.6969994017001381,-0.8856433096511056,0.5697021365095275,1.3739952738349743,-1.4057724348942136,0.4311789912996708,1.3845370170037696,-0.5731088773081161,0.7468645537478947,1.8711095090423413,-0.18299311595149798,0.3443946963751655,0.28663237679415066,-0.41104950103187304,0.5136294711416418,0.2649122865398487,-0.656410064057759,0.8295547583751974,0.6371410593708298,-0.28536253490313807,1.0006408883950462,1.0701994119446365
-0.4036615079069763,-0.5726411881905207,0.03260601359334426,-0.3324135995938881,-0.6122701871229378,0.7154848100163044,-0.1943210811150869,-0.9724860970964567,0.6056887822691933,-0.09264819254532254,-0.6540836590135379,0.7245814452359256,-0.6734935473193733,-0.35945492914825405,1.2089398229698214,-0.7561697039191984,-0.12453204394391548,1.072631883447887,-0.1062156854583685,-0.03414087261793608,1.3067582471474022,-0.34902429298162874,-0.1690530993246595,2.091832281433458,-0.5463688983763817,0.29798811437682243,0.7132472666697858,-0.8787784782558786,0.5565153452146959,1.36151737184172,-1.3560396140168638,0.41494931150602715,1.3602671936693387,-0.5602367112547643,0.7215152813961935,1.8281006161951205,-0.18898912911301646,0.3458240593535499,0.2907278671755874,-0.4157049009815436,0.5153034950600062,0.2646030970924985,-0.6359780263085882,0.8063617224138745,0.6112936890979662,-0.28111202904572596,0.9768558423521497,1.0315734252075
-0.41129863628087454,-0.5696244363899623,0.026281529585895108,-0.3479084456993966,-0.6070484479945238,0.7205682931395802,-0.19913383641362445,-0.9728670941145566,0.6087416426870115,-0.08459307649005846,-0.6574097136969415,0.7137961137745089,-0.6774064045515449,-0.3549286526129221,1.192054796899282,-0.7602050236390527,-0.12112367627394341,1.0696681402144572,-0.1185207019066347,-0.033359652366548816,1.3064192683229283,-0.344926934578279,-0.17303442180814538,2.06440489078408,-0.5524474513317982,0.2947591148141209,0.6979679256884306,-0.8797692382472354,0.5602888377006906,1.3520391314169349,-1.3497717984514706,0.4187379463649166,1.3514313418172699,-0.5525840912342875,0.716979087281499,1.8028004986339714,-0.18247952515732907,0.3429877058044448,0.2813589199001911,-0.41529889831248634,0.5123288005471717,0.2642857550818625,-0.6318973935842132,0.7991008332778422,0.597174485425644,-0.28011744287009926,0.96408162157943,1.0017107930240352
-0.4154332075653388,-0.5531175065413104,0.012612123097604813,-0.34526761170916065,-0.6055604618240467,0.717177889297737,-0.19854995823470548,-0.9770055368536746,0.6102719088428273,-0.08724879212547156,-0.6556709940421105,0.7203610186487882,-0.676560562866681,-0.3397250867668693,1.1534316797962432,-0.768714833948312,-0.11820412156141873,1.0606143408095117,-0.11487808746003574,-0.026485521793205135,1.3021032525557572,-0.35362434692841366,-0.17375676032300197,2.0806061464592593,-0.5479358190555159,0.2943233398109828,0.6705383857323195,-0.8853150255087806,0.5532281811850305,1.340933007167777,-1.3585219914899633,0.4209543293391273,1.3461825792876896,-0.5562439585031685,0.7191939201655884,1.8052767816998294,-0.1857029323654001,0.33166157161138926,0.26487839750596026,-0.4099284894330668,0.5030527540660233,0.25019576834985946,-0.6240829936454653,0.7964962136881574,0.5941159352658988,-0.28010634802315637,0.9612516119670262,0.9995689287835102
-0.4069799487898366,-0.5276550346053209,0.010400742200636151,-0.35899795345199204,-0.5899983771967781,0.6963216881896559,-0.2085704668775243,-0.9824129249547049,0.6173941557624973,-0.11182159358612896,-0.6654147325746715,0.7694072743283494,-0.6770884992989749,-0.32194501621883326,1.0869239647642266,-0.7766708241619555,-0.115085437976667,1.0343210612065703,-0.1291766893793143,-0.011181121610900364,1.2929611219613,-0.369014345670156,-0.17279930715909508,2.1214336347931204,-0.5494217117540112,0.275586945719002,0.6106071208211276,-0.8938364679537302,0.5449279939815254,1.3019178753779137,-1.3851324613534208,0.41758398823313037,1.3430564466997092,-0.5767852485893127,0.7249763891554524,1.818758736593981,-0.17727208804234088,0.30466717221607975,0.2365547153409313,-0.399420855447413,0.486086374306385,0.2293582590275335,-0.6311606457982707,0.788536213249688,0.5905874102033615,-0.29208418341315834,0.9698298631157934,1.0208073273627585
-0.40896907894780793,-0.5278712161801052,0.008973488819565579,-0.3556606818501339,-0.5963777715909411,0.7017033371744695,-0.2069529245383379,-0.9884963537890951,0.6246146031422325,-0.10921867194618853,-0.6783262743881739,0.7855247289043806,-0.6744210364342452,-0.3202360928245512,1.0964168520286224,-0.7932917761033809,-0.11312369597204881,1.0326901394066774,-0.1277828234000002,-0.009495704499417966,1.292906292181983,-0.37878806350481276,-0.17574637316690866,2.1348114209087536,-0.5530379575854757,0.2804185156473695,0.6025789576771402,-0.8970971586493928,0.5391305467470854,1.2950767522408875,-1.3902812710145307,0.42441600002427854,1.3341527232702581,-0.5740374037720454,0.7321223588445344,1.8339861516740559,-0.18092326143408846,0.3061249627452635,0.23466219831255664,-0.4084557023272905,0.48351408922318057,0.23015946765553835,-0.627118715403597,0.7869782266749448,0.5831615948314935,-0.28759928609367164,0.9677009840318451,1.0265846904998048
-0.4220876437185714,-0.558801328798925,0.014908907205070678,-0.3642619302377565,-0.6098758879480188,0.7303625239660848,-0.2065976027847824,-1.0160147924561393,0.6530768705441307,-0.11012882487509085,-0.6910199697185773,0.8138874838253142,-0.691294111037684,-0.32954697407549116,1.1431843913460453,-0.7919127838939951,-0.10756042159421117,1.0729666032144343,-0.12922178142128937,-0.010749145123237793,1.3231212049340073,-0.3657667723676675,-0.1594800698408331,2.1393473467025803,-0.5538475410714916,0.29179287586328173,0.6229989844201108,-0.8920516660606782,0.5550473741884582,1.3141818275587824,-1.3806751337055851,0.4296415538411963,1.3477070225705274,-0.558899534789511,0.7378928589479878,1.808188083598062,-0.17799451791710932,0.30749899462989166,0.2427593315194455,-0.4057817617818419,0.4908385361394688,0.23365560960875242,-0.6130385171243476,0.7824491725656804,0.572856675675276,-0.28128098299051857,0.9509830132370849,0.983420480403072
-0.4280396434512358,-0.5593494658866466,0.009438984544053635,-0.37677025665994035,-0.6201319973059883,0.756964918780717,-0.20629572824476466,-1.0254027040397218,0.6700573029223378,-0.11736392156184365,-0.6958520775274177,0.8312430684377201,-0.6937287384861285,-0.3358688110988183,1.1551332633892297,-0.8001532600227863,-0.10432050275932228,1.0865493784849558,-0.12790820744847167,-0.008597001665495117,1.3325471106098867,-0.36830264228351783,-0.15746946005196277,2.149300011922014,-0.5579453281510864,0.29457873158876025,0.6187333235302414,-0.8949469904088373,0.5605626184196282,1.3249698192021826,-1.3791388060088898,0.4292659501670439,1.350532528954499,-0.557331541577026,0.7414017680797584,1.80080452558271,-0.17791073585120554,0.30892658755703134,0.23939885925876214,-0.4015857209190767,0.4921504496314553,0.2343300842335751,-0.6042584438184359,0.7774313778410944,0.577347526542218,-0.27573722470655027,0.9505215749504494,0.9678211745472559
-0.4460259748337525,-0.5601474634515138,0.0006512664163077601,-0.3994528770996742,-0.6305782062770124,0.7797738145595956,-0.2061681153786498,-1.090096089740692,0.7187387662552643,-0.12750709311778005,-0.7356603768443282,0.9148325777732935,-0.7140300783211139,-0.31557187561840094,1.1245253760516847,-0.8333439441706925,-0.1048594151687012,1.0935384432044768,-0.12335984823142195,0.004479788721236572,1.3738910950351093,-0.38190300281972733,-0.1493920150440095,2.2261151792206526,-0.5660815537718087,0.2879932692176715,0.6005738163636822,-0.9130588984315312,0.5712713968592602,1.3280656284967274,-1.4195716329894885,0.44529252867936375,1.3637246202269933,-0.5581419680182212,0.7636651445173451,1.832058970521591,-0.1684683600110699,0.2989272824663465,0.22238477650879926,-0.39411209823841675,0.48142772723876415,0.22836462157567985,-0.5968122401923007,0.778125364702688,0.5735368821228665,-0.27220929838235036,0.9559366801156802,0.9647948967832721
-0.4520963540371961,-0.5624124369152178,-0.006744912870452244,-0.4049452701121362,-0.6317938719397641,0.788389173899384,-0.21038965852984048,-1.0930694296560632,0.7267186193040601,-0.12848848214468125,-0.7435047868124931,0.9327527708228486,-0.7207474816279661,-0.30578589125063294,1.1202350028797314,-0.835244823176853,-0.0889871689916095,1.1072091486653712,-0.13519600837535137,0.014298804952373439,1.375260251678791,-0.3944699502135308,-0.14135236780319513,2.2400255824585007,-0.5650614891161678,0.2809570333673136,0.5889155714675478,-0.922156197333967,0.5668551043460198,1.3237765237405,-1.4291658681965547,0.4508159009395726,1.354742444839376,-0.5648608452565794,0.7680200421751746,1.824564751627439,-0.17232089565995695,0.30038577582032583,0.2236667041729025,-0.3850995013745924,0.4692177021841529,0.22506393985541373,-0.5925444982793867,0.7716318761785873,0.5682195479560004,-0.2704180167315357,0.9493834496602072,0.956600129883533
-0.4985959465484583,-0.6196046673594083,-0.0010259128873800778,-0.4094078393501482,-0.6627456959620994,0.8592279907063103,-0.20788576578497603,-1.1466365047356988,0.7900814077575201,-0.14076634329693405,-0.7779560084469762,1.0189806555140448,-0.7636805519560176,-0.3280552613721101,1.2564781058005388,-0.8375901531802131,-0.08125901714676934,1.1893942053891091,-0.12861196806430797,0.01171276085331098,1.4240857646533105,-0.39189196612053634,-0.11470009732845207,2.2638425015183175,-0.5782975312019113,0.32174307695717386,0.6474109077817555,-0.919842299643089,0.6016787629776122,1.3850425116513234,-1.4305650577979279,0.46704210019842846,1.3837673569978037,-0.5398896653182349,0.7746891651136157,1.8185093988362093,-0.176902535232423,0.318804890924866,0.2628148624355409,-0.3899365678668354,0.4917560052423595,0.24080766463266107,-0.5722400355224156,0.7691665552821322,0.5586968335032411,-0.2545917666665154,0.9194955086380929,0.9091812749475648
-0.5636730675236995,-0.684923466573242,-0.051935826968898195,-0.4641234317846634,-0.7024397434827107,0.9496567513529728,-0.20784913574933955,-1.256685080717994,0.8616146381341392,-0.18386340762461803,-0.8367605495721355,1.1522472764374856,-0.8150220995620611,-0.33540565096733627,1.3237674138302138,-0.8839201725355535,-0.07999238208285428,1.2696759316944946,-0.10555015905603951,0.04004014062224099,1.4941016595588832,-0.42335277215685435,-0.12194355191870851,2.3775778632413425,-0.6112788503767566,0.34232508524738986,0.6795029005396162,-0.965708389011414,0.6442425373327282,1.4852338171034374,-1.5237391779691076,0.49991580758548454,1.4373411659875988,-0.5557574630961688,0.8113352885401927,1.8464689234773553,-0.18805587217591604,0.35007045382914026,0.2976120195099556,-0.4100880409635185,0.5269628796197007,0.2722350195093508,-0.5975612945592793,0.7991910345246972,0.5847225963265527,-0.2610875415161846,0.937767002189636,0.9217586025927083
-0.5622015421906655,-0.6724581243026763,-0.05191576442117718,-0.47288349825182635,-0.7074431542939309,0.9494055168926657,-0.21596767284646143,-1.273863281976189,0.8589461995971595,-0.20298501838694663,-0.8512133734690587,1.1900596789650766,-0.8259339884469303,-0.3255556362584239,1.3067070832047956,-0.9017475372604374,-0.08227596261842052,1.2607160953175243,-0.09351113139199384,0.058184043729236384,1.4785960116640124,-0.45351148998145374,-0.12972940738474953,2.4170541641736176,-0.6176291521657326,0.3387056788832758,0.6683178451906917,-0.9807304350861568,0.6411598777277074,1.4837270276121277,-1.5341060700078866,0.4894331551064628,1.442780674222344,-0.5736746745541088,0.8131848408348981,1.8630009165882,-0.19179297404849938,0.34015195780905977,0.28639758996750947,-0.4140065665278583,0.5241683026550137,0.2709390406782189,-0.6167975596765765,0.7886888717944691,0.5971485969774074,-0.27475582580228813,0.936178190490189,0.9373839516058613
-0.595242459666826,-0.6672923490198831,-0.09132230409401298,-0.49607891271121135,-0.7111150859121981,0.9452392962437979,-0.21519338319131875,-1.3013562287275093,0.8647449134192099,-0.2276947130860328,-0.8836269886064386,1.2407749455068997,-0.8255084744668746,-0.32474329094880566,1.2743173361437976,-0.9378469762686288,-0.09520289547462416,1.2313708609530754,-0.07995168117357032,0.07339649079185859,1.4776853925464049,-0.4746377661439335,-0.15535261526954738,2.4697871818946884,-0.6232389768181656,0.32770805196345487,0.6398787685081295,-1.0126550137443238,0.6254135712493333,1.4623854347794614,-1.5783680166944796,0.49267511381940265,1.4440817343248953,-0.6003764561397629,0.8159579559107715,1.8818281481504398,-0.19501005552913184,0.33027398357687493,0.26852914024452773,-0.425385757397733,0.5097629848483375,0.2608496999772506,-0.6285318257858301,0.7910171978875415,0.5762403113123294,-0.28396345397338324,0.9480823849742255,0.9699566284004723
-0.6111609977576273,-0.6978026410475376,-0.09376200413264096,-0.5138160388911417,-0.7259596145445253,0.9753787663783684,-0.210351593468104,-1.3440181783622887,0.8810815365931087,-0.2455209003723906,-0.912157677624225,1.295726002866327,-0.8660550387757059,-0.3275392446704774,1.3332678329728145,-0.9556112828157224,-0.10168104608034313,1.2547113695775072,-0.06766086845491188,0.08715489524342754,1.4795826274310897,-0.4921745022065344,-0.1628346614417472,2.5072850125144717,-0.6447894624555178,0.340515009814154,0.6357715793733385,-1.0197944635768599,0.6311997395990768,1.4892845797943717,-1.5980639842700841,0.4886821234447479,1.4550878768371334,-0.6173133668037014,0.821413420538089,1.9031024562283614,-0.19744448255536376,0.32463399997585807,0.25970205802906704,-0.440109807512982,0.5194572900505605,0.27519546063370864,-0.6330291897526453,0.7964537212549099,0.593731138191234,-0.2958800055981385,0.94406161136562,0.9810457048852022
-0.6605308974990542,-0.7688726693060025,-0.12496435274472315,-0.5491757722219955,-0.7739300738973698,1.0577588468421488,-0.1973540739589849,-1.426480730574643,0.9364458060521575,-0.26382489231587486,-0.9514452219013249,1.3682839871555992,-0.9180099865972804,-0.3487560980820156,1.4629429937246405,-0.9759971465259231,-0.11327309322809191,1.3362879052211936,-0.029843708670453883,0.09252599620559254,1.5475529431860382,-0.4937570168366641,-0.16662390858909887,2.5752035818444057,-0.6740659900897215,0.3622866411662507,0.7213819723910538,-1.0551362028311067,0.6802859958752523,1.6199381920694285,-1.6641944860554716,0.5123920780520707,1.5294822526762644,-0.6057828922361126,0.8496442420668697,1.934273113372138,-0.22477716956124938,0.3797672575420171,0.3465855005078802,-0.4581792754258382,0.5698020610614397,0.3365178254004296,-0.6498710665146676,0.8298909425291583,0.6383450120607215,-0.27829506432846923,0.9490587388700306,0.9871129586819964
-0.6795708037077728,-0.7760291316741889,-0.1431605375456349,-0.5438961527287878,-0.7817457806921946,1.0632601845326384,-0.1938000963133424,-1.451012883087863,0.9533264765344881,-0.2688646542290742,-0.9702424757125245,1.3980542177886388,-0.9350055196358934,-0.3498254011998929,1.4722732762520252,-0.9909873007414267,-0.1158523564801018,1.362188050344906,-0.015626772328440543,0.10703916026727839,1.5623079193237877,-0.49929635112614673,-0.16407656847265534,2.6113617354235363,-0.682282398569146,0.36571295245369095,0.7323963045278921,-1.073916211278947,0.688596625048662,1.6513710865693987,-1.6886269442769608,0.517859324637828,1.5546226821498657,-0.6098674017677492,0.8537255147320051,1.9580781621858092,-0.223216128395624,0.3896678219131211,0.36164760737370855,-0.47619534628019206,0.5915078224477804,0.348634647645707,-0.6497024921095751,0.8413215178536061,0.6507854865157076,-0.2800496716909882,0.9614196902688386,0.998472221563025
-0.696739453176634,-0.7992320967291668,-0.16165977987114055,-0.5701262863157338,-0.7950172847360516,1.0915372201092401,-0.1875650515544434,-1.4988199406189833,0.9642502743915289,-0.2919978397847171,-1.0050093567576128,1.4623269441242397,-0.9548981645624854,-0.36342399452000185,1.514455889227194,-1.0184917936812663,-0.14243768545983643,1.3609970049240994,0.021621046402822686,0.1262970799371592,1.584136496225584,-0.5247422492827816,-0.18310553261339446,2.6890981963516682,-0.7054522534753292,0.3673201886270176,0.7548652084201919,-1.0968842622815733,0.7039138131826991,1.7110989011849733,-1.7367320283037846,0.5224172339535788,1.5881211821480021,-0.621068814464025,0.8732111429616122,2.008441596111034,-0.23354396371508188,0.40650614820804337,0.39850988526205167,-0.4972339502859219,0.6195928510193429,0.3891627337284285,-0.6736260395292069,0.8688403743670694,0.6885256912633314,-0.2794406213941107,0.9771521429743788,1.0303911621166904
-0.7285130352940986,-0.839638037743359,-0.1949849944270113,-0.5835531467669858,-0.8181981627738699,1.1162077333365668,-0.18371475388455394,-1.5270504041168353,0.9694166327390298,-0.3037611214718848,-1.0183181121195468,1.4752645508147832,-0.9830450010679807,-0.3766594392972594,1.5919116936536337,-1.0214510287044862,-0.15213450087873248,1.3891771624064015,0.034216572738710066,0.1253359634097881,1.6010357739262722,-0.5203678724393088,-0.18994108425440917,2.6875969300668316,-0.7106529790280166,0.38814155635404485,0.7999266997438981,-1.0985303765596703,0.7190038071953647,1.7550493669722076,-1.7232717830709403,0.5233321985122633,1.6018359009742171,-0.6086914832435459,0.860873699038329,2.0087668071006646,-0.24790716538463312,0.43464327337955455,0.443975088128424,-0.5116461532480326,0.6412032049025058,0.4038046989992735,-0.6675256556810194,0.8666643458360471,0.6833096378786527,-0.2729718053906997,0.9533551768111183,1.0134745592095233
-0.7489074697330369,-0.8679066239400371,-0.2040613189865605,-0.5895499849091909,-0.8299097046510787,1.1388722055304294,-0.17918477191043145,-1.535805443145554,0.9816504732873141,-0.3007785219386002,-1.021768636051769,1.4678399598458707,-0.9911903244624907,-0.38089731959523176,1.6266401224834337,-1.0207351632045898,-0.14537068597576552,1.4210489776723643,0.026526107899373194,0.11930057675982972,1.6017754264061057,-0.5108766807059776,-0.18737743548849609,2.662512964341878,-0.7173061983150202,0.38654120364557115,0.8333016950368501,-1.091848989859866,0.724192013245564,1.768340800996,-1.7170232454421424,0.528123800146234,1.5971504657348363,-0.590897527079271,0.8571830385851527,1.9836349487197493,-0.24720614958007112,0.4517193377546873,0.4600244318655521,-0.5092766935103595,0.6411376353282765,0.41121092822272043,-0.6455684230656508,0.8522592987936819,0.67733320405257,-0.2646375607515205,0.943518619504904,0.9667824418696863
-0.7662177417234447,-0.889667528984745,-0.2231808567750677,-0.594440132795601,-0.838759941719914,1.1546674331924587,-0.1783999854440805,-1.550216774488762,0.9746449936323605,-0.30558403718505167,-1.0175811765661258,1.457813848891808,-1.011918176838633,-0.3846638069191514,1.6551995338832817,-1.0200065838054604,-0.14598438652316098,1.4329139818314418,0.033678343704787145,0.11690892415146663,1.600311906576736,-0.5000441070487518,-0.1849257706922025,2.6241334039759328,-0.7226295374003697,0.38804717515316267,0.8492908910726472,-1.0959463034483368,0.7281089982971554,1.7769544976804923,-1.6931499066437636,0.5268319723243013,1.5837277360450777,-0.5774090336512766,0.8356057001391293,1.9471224780199274,-0.25212446941162225,0.45590617785934495,0.46682334110620194,-0.5158357341408021,0.6473794663219149,0.4071023721752538,-0.6333087080322333,0.8367085572750355,0.6524521817961891,-0.25775755008611084,0.9165950480639589,0.9061441710011626
-0.7731804814251898,-0.8829711241057584,-0.24167377604954812,-0.606426432822899,-0.8343661060647933,1.1492192028076977,-0.1812310335733561,-1.5518464605898923,0.971184152974172,-0.3133478374969748,-1.0288855655419415,1.4734838594880728,-1.0093208286810365,-0.38349164056114293,1.6350202118973858,-1.0276245899898004,-0.14896489999444001,1.4196433482642226,0.02413725980199887,0.12245792848443761,1.5965099779049585,-0.5050956683451397,-0.1899579589492188,2.6237233099609627,-0.7293971823028422,0.37829237676553856,0.8385462347339221,-1.0975414182520091,0.7255399947188852,1.7702150707743225,-1.6952212364503016,0.5246065198974887,1.5792714959131426,-0.5839866903691668,0.8399810798977061,1.9392461800620002,-0.2616657179305143,0.45290825579199084,0.4680453327727359,-0.5049919940486836,0.6452404246847638,0.3968191266594394,-0.6412091232646735,0.8410858565804022,0.6541631376761587,-0.2612473886417236,0.9098716513976075,0.907624090203773
-0.7685578848950985,-0.8660843026020323,-0.245801392512111,-0.6188354043138325,-0.8399167730920841,1.1420846415861197,-0.18194349857919045,-1.5593141105206951,0.9632466375736228,-0.31846968330646785,-1.0350667878942994,1.4893278212655823,-1.0163216730988327,-0.37713186660025283,1.6070385564981897,-1.0422676879557504,-0.15646726551670873,1.3958218862906497,0.041698356928531494,0.13149262135227888,1.5841461852502583,-0.5134237892711738,-0.19724340862701764,2.6457618697551797,-0.7337576139783664,0.3803284365338925,0.8121973098405172,-1.112687784273192,0.719795311881185,1.7629810889927886,-1.7037400914222975,0.5221600793708416,1.5878151484857397,-0.5864445599957775,0.8438987102351443,1.9541544229216212,-0.25918535987694935,0.4530085149047471,0.46083110840179065,-0.5126965425069234,0.6398066101043882,0.40748207363517486,-0.6474205630589008,0.8448705834017523,0.6590385506150613,-0.2670469268606741,0.9125861390658159,0.9298322185704785
-0.7741010620437405,-0.8625746741953934,-0.2533545445477102,-0.6202215537998549,-0.8352446919924609,1.1385878933484943,-0.18011293245649299,-1.562614776207207,0.962943381204271,-0.3236592918687859,-1.0287607642168781,1.4900439223503255,-1.0160662102748075,-0.37818554569793505,1.6031692739833117,-1.0379160763328603,-0.1503486099192282,1.4039777596995298,0.039265239174051114,0.13351700684277315,1.5796638569206196,-0.509830888861042,-0.19709137591355502,2.639120726880983,-0.7397906465237131,0.3783407478896961,0.8111278389631376,-1.1084775467755499,0.7268162790308522,1.7723903792878546,-1.7072591093059037,0.5263435321658693,1.5884752024882287,-0.5845240165130406,0.8363519175937079,1.949734782762861,-0.2611365146676272,0.45444610163761534,0.4582641531021686,-0.5120291602055579,0.6486788017907658,0.40970603712308423,-0.6413597137791632,0.8483878819961184,0.6605356163773878,-0.2587061409952464,0.9109643152752501,0.9228190945666968
-0.769325051531898,-0.8423473358587624,-0.23722903332551934,-0.6223984273886037,-0.826175839710074,1.1271032936362149,-0.18551242316635172,-1.5495082453191977,0.969909855935203,-0.32421406647751005,-1.0254108778398878,1.4918654257584159,-1.0116105788504828,-0.3562366934851175,1.5579398945628626,-1.0518041917632015,-0.1352675351808876,1.390532730572342,0.009470323755357266,0.13191602473420064,1.58382827068978,-0.5166502293847053,-0.1742931921096551,2.622599595849634,-0.7276177698407017,0.3798892579091579,0.772742831971027,-1.112059481675146,0.7205393173442636,1.7342983291437846,-1.6997324354125307,0.5284545615330215,1.5717767488436156,-0.5761795744606928,0.8501900601433141,1.9373438736229072,-0.256768612587457,0.43611578247226046,0.42968925067009445,-0.5009477131177164,0.627138327134154,0.38333597986133344,-0.6380673077694625,0.840893126616106,0.6503799985379342,-0.2562538633523612,0.912033173935654,0.9056283684603389
-0.7770849109697054,-0.8398474588381979,-0.24245261638054633,-0.6288366051260702,-0.8252165658147202,1.1430911307507987,-0.183780262113105,-1.5632136972154924,0.9738062474077303,-0.3226502610686125,-1.0297341070931132,1.5032242571850971,-1.016190585257206,-0.3503007887608006,1.5460264682984395,-1.0478073261891983,-0.12005661574537772,1.3994353969720092,0.0021290942529902136,0.13751933045469125,1.5829982529920121,-0.5145809374598749,-0.16008146295152598,2.6221063678096432,-0.7262527959472866,0.38700500192661547,0.7388785564345254,-1.1040465840532363,0.7256645367059524,1.7098169417348021,-1.6968506733539273,0.5327653185952564,1.5602446788602005,-0.5700591781919659,0.8550841013829321,1.924227199238758,-0.24882853889794973,0.4206881315917637,0.40008071568412723,-0.5105073068811278,0.6200461461976676,0.36398630940736565,-0.618075056173715,0.8299929065599576,0.6287780253371527,-0.26042342328966944,0.9021398547734416,0.8852542146452657
-0.7875051348173374,-0.827669852048023,-0.24674970290611026,-0.6443344830379614,-0.820770776418062,1.1639070052578382,-0.1816350061305964,-1.5888697147831554,1.013664645532503,-0.33869526744506795,-1.0338805111411005,1.5761992714988413,-1.0188496427970617,-0.32323507725401207,1.5081814730691951,-1.057490853549243,-0.09757589129082245,1.4057221780981024,-0.040606591135649864,0.15070402137717784,1.59542525392382,-0.5300522226667892,-0.11606813165386125,2.623269724478802,-0.7230394845411516,0.3887372468220681,0.6756436053233654,-1.1186450615021855,0.7279506678472364,1.679632849878099,-1.730913485153462,0.5526873348171996,1.5405261552075946,-0.5710417022544046,0.8718110798417823,1.9000651849576324,-0.24751727647140767,0.39952404228801375,0.36517948670095923,-0.4988673447929195,0.5968753530731808,0.32923841165524864,-0.6176600538324963,0.8115296895295749,0.606994039238979,-0.25888770303177094,0.8950035133201951,0.8479078547730936
-0.7860654146633754,-0.8031919011421125,-0.23603278414396167,-0.6556657288850499,-0.8138519023893632,1.171441417647607,-0.1785063451656272,-1.6062494596335986,1.050453859028275,-0.3482065775923247,-1.058081213604231,1.665691004303122,-1.0171657341710172,-0.3034401211573746,1.458194123829011,-1.0735165223198875,-0.07975135317403997,1.3991113605004026,-0.06380527153735108,0.16121319435540046,1.619784845046821,-0.5442013364077687,-0.09197915221702949,2.6709357729093557,-0.7194083793830612,0.3929283753650064,0.627468940620148,-1.1174090053117511,0.7247230360934551,1.6422292210265574,-1.7656098572988446,0.5635598955202752,1.535791762854915,-0.5820658223937994,0.8987547526035207,1.907952015988511,-0.24228018823287994,0.3783985895098576,0.3292518176205687,-0.4893187611603043,0.5814017440737153,0.31259842319682135,-0.6181836697706887,0.8174939129590905,0.5947542755801765,-0.2563718072959423,0.9017990517712562,0.8674051979048639
-0.7850654435559589,-0.7964344723359467,-0.23604145333220186,-0.658288237323515,-0.8119500638885819,1.1759269217925499,-0.17664088202445183,-1.610138849794123,1.0584922092499947,-0.34630498956564254,-1.0539615365453956,1.6798776096793109,-1.0085446182761786,-0.2979470089338733,1.4465766209822755,-1.0680147435274316,-0.06735532924598724,1.3971191495786537,-0.07667472938905834,0.1623196918285532,1.630125082095273,-0.5538078983872273,-0.06120935693063151,2.677360448056525,-0.7138211920703835,0.3918866695993203,0.6168900194607686,-1.1164881919349077,0.7334100898610242,1.631135022394443,-1.7778010056395972,0.576567546919261,1.53506611973968,-0.5773341576986727,0.9074414111091368,1.9132277770679316,-0.2315575236507811,0.3742153456027727,0.3184798222263513,-0.4846429148362736,0.5781458490604031,0.30653580020883625,-0.6123008742937678,0.8159586015974315,0.6003014209614089,-0.2559760823464896,0.9072938063160423,0.8622570896849777
-0.7671579951755219,-0.7698330821106447,-0.21982339742905752,-0.6577691460101116,-0.7990359641673014,1.146730605709217,-0.18604642933742954,-1.5857716548740561,1.05301891864253,-0.3473087139334089,-1.0397567000161274,1.6695075217869133,-0.9952082055961481,-0.28652867687471933,1.3752254425771782,-1.0635123074353379,-0.045682012505442314,1.3581210101595151,-0.12577017443388092,0.1579206686965789,1.6050498877831219,-0.5421640814852784,-0.05009910583366302,2.639134076654271,-0.7110307941425371,0.37542066624040277,0.5614607741638532,-1.0991018822980576,0.7137041324882915,1.5467837877021677,-1.7381211803924985,0.5724635773768061,1.4778236337407005,-0.5624080241642496,0.9042445983664308,1.8570702200092573,-0.22666891009635431,0.3431376045753188,0.27704123660092805,-0.46297151354262606,0.5335328802482858,0.2549292766900206,-0.585738403663993,0.7759249638859553,0.543631514248988,-0.2537502763698212,0.8818024771781655,0.7988264168294202
-0.7786640956278102,-0.7801498486372156,-0.23126467361098754,-0.6539769360499199,-0.7929865930503052,1.1377776977296803,-0.188816011663238,-1.5869037376958657,1.0423741489406968,-0.3501875722026613,-1.0367751898611857,1.6669889620460505,-0.9954217833457432,-0.28541076156988016,1.378176161495329,-1.067310913743655,-0.042115605220038765,1.3561825401129208,-0.12366257517334533,0.1590270576854615,1.583713264457199,-0.5473342885802462,-0.052814002942245336,2.619931466702355,-0.7067762269781647,0.3792210998375274,0.5472614517986729,-1.0963989810666397,0.7056100235305761,1.5306220534677188,-1.728586719201205,0.5670268069946607,1.4643779517677917,-0.5659101269824358,0.8991597343984605,1.8372770593862318,-0.2262976390346988,0.34315967621602217,0.2716287024736083,-0.46412605671263313,0.5305856095853496,0.2523924340353469,-0.5844899552227701,0.7650491825085614,0.5232064932955987,-0.2586577492166852,0.8654168850504583,0.7903110112658612
-0.7931353423996783,-0.8088965599346456,-0.22765524583945992,-0.6635486133254017,-0.8109269793703556,1.167319604502449,-0.18963286384616407,-1.588304195782241,1.0398232000828955,-0.3392679154784377,-1.0255579572550375,1.6131433336243435,-1.0209637722628602,-0.29023966615955704,1.4555302170292348,-1.075662054264081,-0.048687518166209025,1.380932573475334,-0.11281034732535147,0.1550972871492422,1.5817490618463588,-0.5240174019614465,-0.06524765082654227,2.5704874205849153,-0.7094020057808796,0.3955565712054092,0.5914525205023927,-1.1006064158790025,0.7106044858104564,1.5661822863658441,-1.7165876949552203,0.5613015476869632,1.4636600553411732,-0.5544152227703617,0.8721443611042996,1.8174355095493406,-0.23602485381208782,0.3557774235685668,0.30824984519351156,-0.46802739152293193,0.5397703914718713,0.26128007609234283,-0.5834953715472528,0.7626174897848789,0.5307955939845282,-0.2596920738693369,0.8466560707907823,0.766733623692565
-0.8163359704941034,-0.8430574801772873,-0.2497475922274758,-0.6520346061183361,-0.8191722757036288,1.1898474983970622,-0.18962653528993398,-1.5732788022311948,1.0226767472958906,-0.32954504310992416,-1.0148740687079991,1.5481111892560433,-1.032586633617261,-0.30311053256826315,1.5315479111441372,-1.0512543786055581,-0.05022926634137701,1.4281563371419754,-0.10718760449556682,0.13341412046694978,1.5893224241720012,-0.5088701618323549,-0.07269292741251303,2.5284604910628103,-0.7182291772163307,0.4094483751302354,0.6572277315037673,-1.097214257883131,0.7326020737125292,1.6237927754143104,-1.674288666324269,0.5567858309519244,1.4731226542674536,-0.5444338906261368,0.8545372634990379,1.7915850439793115,-0.2351128607311602,0.3883074052902663,0.344337918849494,-0.4710441701457456,0.5684163695624791,0.2895232905482154,-0.576670870384844,0.7631490761318376,0.5299701677160603,-0.25384941416107015,0.8409324251135144,0.7421836111867776
-0.7914206851770172,-0.8124289640672466,-0.2427147600881543,-0.6423857270186746,-0.8000602298937992,1.1280448695670136,-0.1929199894705045,-1.5494050396290129,0.9748435811355142,-0.3255161465810175,-1.006940330108368,1.5005235613682062,-1.0188744510274266,-0.30329028391493024,1.4591528582689044,-1.0406340172726638,-0.07535197898936906,1.3395596578172309,-0.09985487620031244,0.12867948113966962,1.5383903601529045,-0.5002707324372904,-0.09859646059778143,2.486550419905515,-0.7203083905365226,0.3847583119946186,0.6305576194292768,-1.0748494770632155,0.7018152605513345,1.561285041916449,-1.6285188481275334,0.5305173184057803,1.441554341123759,-0.5429784079257515,0.8266796498662985,1.7814963151361702,-0.23823264504585887,0.36708365520883146,0.31906930746284284,-0.45647054805238974,0.5408183904627348,0.26824418795792077,-0.5530111242036851,0.7375187252263592,0.5289515875407289,-0.24953154772342367,0.8177038671611162,0.7413389792536288
-0.7926780993647363,-0.8076785552806734,-0.2481606025169391,-0.6375582863102339,-0.7979136972323543,1.109233900034046,-0.19566672682993663,-1.5269887892720237,0.9575144711427553,-0.3125175201819878,-1.003229268492107,1.456153123385786,-1.0116597294968346,-0.30771602964510164,1.45170422081946,-1.0379002951759704,-0.0814099549352283,1.3339570786332706,-0.09671856164924335,0.12140639244047918,1.5219639360662178,-0.48671543373216364,-0.11229048602313388,2.4649236087783057,-0.7135738633991813,0.3826142501548522,0.6210701311420936,-1.0647596909583914,0.6897393782143328,1.5569480880990667,-1.6016993569039948,0.5222523123037601,1.4370684058878926,-0.5455896555815946,0.8066283893555152,1.7694939350241405,-0.2354985181656159,0.3599784271443071,0.3197846032125466,-0.4541847002532034,0.5393309814640967,0.27618618794165306,-0.5570559587233362,0.7361174255648567,0.5171226729393714,-0.2525086541335539,0.8081010594282757,0.7303202796169214
-0.8013037035484121,-0.8373785310438941,-0.2407382993810496,-0.6300027029919033,-0.8081246612386125,1.1282842314999595,-0.1937741823438323,-1.513979042709305,0.9479677718496079,-0.30517931364075757,-0.9873972037963646,1.3936528926937772,-1.0172726412640785,-0.3209680867952822,1.5382006878457448,-1.0274336566949964,-0.08519560606706678,1.3723015454446048,-0.08507337868416878,0.1043721708476216,1.5263453509791796,-0.4648175596566501,-0.13259871415336738,2.4127597284120936,-0.7089792627200983,0.40574794223934346,0.6931242662014925,-1.0568303049029797,0.7126750943879967,1.603672446821582,-1.5711052012001627,0.5218815780577764,1.437069288513868,-0.5306948371212648,0.7829355766075092,1.7517525105175977,-0.24068042365743578,0.40092751041844094,0.37402757952522414,-0.45692483877504486,0.5664347548661939,0.30455472653311016,-0.5438696341428185,0.7443270034049347,0.5237494044068987,-0.2406133669538343,0.796897886492501,0.7129164282785676
-0.8000201199138197,-0.8286735409854534,-0.23888410119547482,-0.6258238602567551,-0.8046070867578129,1.1311621458683216,-0.19531004272219715,-1.5068908682218132,0.9458754430958458,-0.2884904828476924,-0.9811341341445431,1.3632586163763492,-1.0185156254643515,-0.3214473325989645,1.531182117177118,-1.0217942988512214,-0.08529859500187216,1.3725164161334107,-0.09163608883412594,0.10036705994610272,1.52962708471376,-0.45362226830225916,-0.12094617752234907,2.390658860252893,-0.7049690907591766,0.4105861528424809,0.6968550240815741,-1.0554133749137717,0.71678313667967,1.611067038110325,-1.5522242063419218,0.5258780386205831,1.43736556881332,-0.5185455017940614,0.7743153399000482,1.7458688185548308,-0.24297854770118069,0.4037672798151642,0.37452800287676413,-0.4571235563672732,0.564895714522039,0.29839417445732175,-0.5355961980498629,0.7387177320157177,0.5194241569455978,-0.23855007247703186,0.7908567660336625,0.7002962123871038
-0.7963791354676066,-0.8183249615547484,-0.24262099526117942,-0.6257878861075153,-0.8022890212937821,1.1159944079748798,-0.19868736843986018,-1.505874124622572,0.9466713025655945,-0.29297756172713196,-0.9777712424028185,1.3706092382524577,-1.0136905152266706,-0.30859026419799807,1.4903048205092249,-1.0136927938577918,-0.07988006309037674,1.3553959997212834,-0.10135145254074401,0.10256102636037921,1.5273580809846925,-0.45411211188761824,-0.12330913891557253,2.3834272526658093,-0.7039168621503,0.397513797214171,0.6775946028210711,-1.060843047953993,0.7140431233052398,1.5859077780352653,-1.5476644275734157,0.5215702498512269,1.4261977254751548,-0.5134661708257833,0.7774932491542839,1.7372339333938942,-0.24082443244773818,0.3839582200601559,0.35224430586748956,-0.450537629719491,0.5541177716464076,0.2887397109308519,-0.5367717679747929,0.7328295861818382,0.5177703801127816,-0.22996134340557173,0.7910037590986448,0.6902588067675336
-0.7694989738973512,-0.7730531930395758,-0.23119535545079464,-0.6315280973572367,-0.7752424382933315,1.0758144939593026,-0.20950158691644374,-1.473716410486976,0.9098936054552189,-0.29730229868573443,-0.9618538916403494,1.361751265364604,-0.9836670421314363,-0.29465243259599627,1.383463515108736,-1.014631205789407,-0.06573698714432978,1.293898764075343,-0.12790561181416543,0.1039114661152538,1.4815393162410335,-0.45905464347835273,-0.1146917581387786,2.359849261591551,-0.6940867380210408,0.3736511456816799,0.6114276403224611,-1.0422315493053547,0.676650677582342,1.485139761407757,-1.5170647783588618,0.508497946731787,1.3808130321961591,-0.520570347871359,0.7633972293613684,1.706227851179786,-0.22294367827968606,0.35016911629848657,0.2910846767595009,-0.4382356731493868,0.5114553092188227,0.23552990691735784,-0.5286956853658177,0.7011062523624187,0.4757138411700722,-0.2360598834750319,0.7713029893064037,0.671674612362847
-0.767397910441736,-0.7581387170118635,-0.22635227697371355,-0.6140185213955118,-0.7636366794691803,1.0474557604763866,-0.21555420544689863,-1.451172155590488,0.894946067458975,-0.29564157952055864,-0.951598177733741,1.3277028202550176,-0.9786101746882021,-0.28903026842428187,1.3778650138622597,-1.0100027904467255,-0.06465632909587322,1.2679612496681945,-0.1341468837270694,0.09840563932279488,1.4495457641391065,-0.4538023644615989,-0.1261607029978286,2.3215137450056327,-0.6893761234936039,0.3782769177613778,0.5889412277047562,-1.0302199104654188,0.6666221190142639,1.4532437908430498,-1.4924172207938773,0.4978096626465315,1.3503007076801632,-0.5212826909991188,0.7541828400069498,1.678492707235087,-0.219876618160609,0.345945703897233,0.2811195090185775,-0.4187994457701008,0.4956601424393886,0.22272232389308794,-0.5093754331159547,0.680566774646897,0.4465138145828613,-0.23521006763701832,0.7560016282818761,0.6457117913483558
-0.7592265083767201,-0.7841174045048971,-0.20863408084499271,-0.6026733777067423,-0.7661768999855803,1.0581730949579133,-0.21576801427495196,-1.4160710634056635,0.8836501153216287,-0.2727274442217441,-0.9240684495692757,1.2401674607913409,-0.986105160284533,-0.29945234669797544,1.4309225905438478,-0.9848388236259475,-0.06026416440578906,1.2818735777003398,-0.15178030861847788,0.07571927027830047,1.4441289643428628,-0.42786715824181537,-0.1054709710215825,2.231236181174853,-0.6838519915569979,0.38829814978876676,0.6331472880759023,-1.0047687085482768,0.672431065503156,1.4611991034442469,-1.4371161604797735,0.49285823334204565,1.3266564363504327,-0.49701633937502937,0.7275789638231738,1.6067630221407063,-0.22078454065393077,0.35292658090559104,0.30872138553703804,-0.41303363547765015,0.49841074345857883,0.22518601630509144,-0.49203235569113696,0.6673914675329001,0.4435538247357662,-0.2317131777799545,0.7228463406912088,0.5893623292862765
-0.7576537020510774,-0.7739780278842822,-0.2158482108258649,-0.5945754857121923,-0.7651716292775301,1.0465092998625287,-0.21919699126039233,-1.4052120162588115,0.8666263375655812,-0.26316406498101247,-0.9129619774275517,1.2143579193069671,-0.9812916729315895,-0.295473737836185,1.400989271963836,-0.9792232361589436,-0.05910879484078502,1.276161984929379,-0.16037135584172388,0.07468102233284615,1.430818379285438,-0.42395082238067183,-0.10999735916123604,2.195322513297369,-0.6886630254828959,0.3803029344587035,0.6311868853568886,-1.0001335147788948,0.6706534108190159,1.4436175783129324,-1.4318197342852321,0.4924075314775524,1.318324549266612,-0.49077837288013754,0.7102544723995166,1.593742610775237,-0.22261767372713193,0.35436336247091343,0.30579071065159125,-0.4123443032804471,0.4983517013950912,0.22299356495806796,-0.47963678578952723,0.6606884736013279,0.42871317419663574,-0.23315156615881194,0.7203655848651535,0.5840098429619958
-0.7344130844899432,-0.7384092984526796,-0.2078527766881185,-0.5890465017306677,-0.7432257643841089,0.9993943693308436,-0.2252266215844382,-1.3739999727013963,0.8273040461169285,-0.2670075410870141,-0.9009855603292241,1.1851752073838888,-0.9575855209407378,-0.2957450868252156,1.3356674410550782,-0.9710162862459968,-0.06619857771536512,1.2223435531039546,-0.16485364398476302,0.07448023620305337,1.3968911720782156,-0.42416552918705125,-0.11240146437573367,2.1677919557559253,-0.6813366243981217,0.369575217317595,0.5910761540071257,-0.9989298192149973,0.6424554149090791,1.4015322483731505,-1.404812436746295,0.4786642724254836,1.2881808823756529,-0.5013197836569211,0.7056621524137455,1.5758837481617152,-0.22147164899820557,0.3332107924549307,0.2733770405818596,-0.4084272527206904,0.47857281854323525,0.19522972643586148,-0.48393944087633434,0.6487293673622622,0.413469914834556,-0.23692398228652767,0.7188863694280234,0.5944757141688666
-0.7004345077985527,-0.6975066064495339,-0.20347186281345953,-0.570252266261344,-0.7188102103267477,0.9341623772839008,-0.23765922609639936,-1.329976028200896,0.7748148790371547,-0.26581175298411996,-0.8944441220670222,1.1360798728196613,-0.9321738375506268,-0.2915778510257338,1.270353784028104,-0.975200913712402,-0.0885021864784347,1.1402855700252932,-0.16059405974271523,0.07381420797688514,1.3433554113323556,-0.43192784454617816,-0.14869117846972751,2.1472028579246634,-0.6828431355772083,0.33484277273851953,0.5698046935167232,-0.9846919867079225,0.612330281719071,1.3426040432436477,-1.3872626526923644,0.450416731057178,1.2610877453505571,-0.5180633438402379,0.6979918137900251,1.5731764576276945,-0.2129479350949086,0.3204928407488718,0.25241014820762026,-0.416689333698759,0.47161435164089427,0.2025917766311974,-0.4988186968537012,0.6500716296507348,0.42251313189630657,-0.24219024812802917,0.7221364736743796,0.6041283140454479
-0.6838866349598941,-0.6931322650712819,-0.18848847830403057,-0.5674613969212137,-0.7200372804595337,0.9126051211530425,-0.23667073291791443,-1.3201329320339423,0.7540262202672462,-0.26061818943413717,-0.8913877777624293,1.1216714524512006,-0.9266730157172306,-0.3074204949302645,1.2727234890293095,-0.9768336637282097,-0.10276481244785494,1.1247231357630716,-0.12979582358762276,0.07157954701959314,1.3226530368975824,-0.426636209125335,-0.16171148621880369,2.154811641041866,-0.6806135926457845,0.3340793622454562,0.5867973855422398,-0.9840809976709498,0.5978386034713533,1.3481302874002536,-1.3869477335622935,0.4454719392389086,1.2779435110266968,-0.5231246908656144,0.6892604227707141,1.589606880644538,-0.21493096840431747,0.3246821512165098,0.27386437943858216,-0.40924158287268203,0.47128727496232864,0.20045579199480218,-0.49999806983996686,0.6552456472460736,0.43622456790407704,-0.2479111949478993,0.7358796199477293,0.628779959843695
-0.6611401606652579,-0.7035353632189805,-0.17529810382869584,-0.5420296136651809,-0.7308119505644161,0.8953635260699737,-0.22739075505105535,-1.3156972911089557,0.7303747721270898,-0.25763525590266323,-0.8946217047446927,1.0746870534523103,-0.9283932387053953,-0.339402906941022,1.3232322572207902,-0.9668653720934999,-0.13870680170866906,1.1324651383479551,-0.08702030196093406,0.06314025665044799,1.322783809524986,-0.4319884981965208,-0.20680914835153824,2.190144328435128,-0.6928669120317396,0.3309353941764055,0.6593209226381738,-0.999027742984313,0.6036937163241325,1.418537084184399,-1.405925190987869,0.4383779224816102,1.326366916303473,-0.5415015661685204,0.6950186270309517,1.6579933927509924,-0.22447872216668527,0.35853261292434563,0.32516395372069734,-0.43391907991873807,0.5101009571516735,0.2587875718189095,-0.5298725998121049,0.6925021896284024,0.4867767586706952,-0.2436226453664268,0.7710799854550182,0.6944885197124149
-0.6539981922263203,-0.711570562508478,-0.17779081605535238,-0.5391825050503045,-0.731095185578024,0.8901425035670782,-0.22590059008801544,-1.3085180950683608,0.7170021704668854,-0.2506253181100164,-0.8961038207768134,1.0701718841694405,-0.9255283665953786,-0.35032038159962603,1.3387040144772764,-0.9700506480766973,-0.15638987085372055,1.118380321659545,-0.06042431497990648,0.05895476234067511,1.3228071255929046,-0.4282185022446858,-0.2131032766173602,2.206443383475957,-0.6954322068372955,0.32499861338631314,0.6924890541686769,-0.9951561526402358,0.6061508811775742,1.4497004484393066,-1.4105938758389585,0.4339419066242419,1.3514218064068122,-0.5440678774919285,0.6991100131929443,1.6928743543193598,-0.22567026096944026,0.36977813835421774,0.349408283335989,-0.43262541436652924,0.5295923799749821,0.2843925244616471,-0.5358673503281198,0.7127273909452593,0.5146134391846497,-0.2419149380296703,0.7976856909751203,0.7413325282932155
-0.6118907959529368,-0.6820993739547516,-0.1594415347364008,-0.5045136105291886,-0.7160238320113481,0.8311208682270556,-0.22299003323634148,-1.2963624183660294,0.6740812103162274,-0.24417737280822,-0.9100426961317031,1.0445565799969532,-0.8941121204224338,-0.3736808616828707,1.3019175869633697,-0.9595368113476751,-0.1976023872031941,1.0701625856143069,-0.003545799939815235,0.05818458758199519,1.301626440076331,-0.4382887240994326,-0.27712257189674033,2.2639333487642217,-0.7010260973211109,0.2998372824487527,0.7200019733529637,-1.0091440645411696,0.5811192624245782,1.4729417595710568,-1.4390708115586166,0.4162356015641546,1.3960388555967178,-0.5898649576141654,0.6966445401961976,1.787775704920643,-0.22541671081989897,0.3753936220210785,0.3629264450341146,-0.45633592005512363,0.5518163516006495,0.3223559763540748,-0.5789188506588974,0.7543246628655164,0.57871913520714,-0.24784004074604013,0.8482642385393337,0.860506695664603
-0.5812971284056507,-0.6787578734757812,-0.14040984051602115,-0.48498418953285366,-0.7236166771725099,0.8120799418342708,-0.21460966060931702,-1.2830754245352856,0.659576510759761,-0.23834775300368802,-0.9202272776407793,1.0311613899063468,-0.8787999316513695,-0.3999568829648429,1.313145624808962,-0.952485211624264,-0.23593791515640325,1.0494842879954807,0.051893681539423454,0.05753719073400287,1.2903770130154628,-0.44543950235512453,-0.3393388104232185,2.331576015999903,-0.700783508442487,0.27807763786301437,0.7760594128442647,-1.0110660711277497,0.566708332697241,1.5016288213152162,-1.4587222936143684,0.3931605582277822,1.438379942717013,-0.6127774646559194,0.7031135265558108,1.8876985289138093,-0.21972570858494664,0.38947694662577237,0.39271345632551563,-0.46717877062398927,0.5689017183376587,0.35032122951260625,-0.6187119621927607,0.7842986588838267,0.6307568019529288,-0.26622789732083463,0.9001122070414695,0.9727833280292116
-0.5582451440662027,-0.6887409055712106,-0.12648749310644897,-0.479240136119132,-0.7258678694579269,0.8009807850393393,-0.20824896376103813,-1.2846150717400364,0.6521611488054527,-0.2274490103874581,-0.9253122945051945,1.0129247969470059,-0.8738900088242298,-0.42027820776770475,1.3272329954220492,-0.942375410027384,-0.24805385239690234,1.0556589058039298,0.07589658535562717,0.05030401910364043,1.2975463003403382,-0.43795624658052923,-0.35854335727987535,2.358913927932854,-0.7004918241216167,0.27268125902162166,0.8143596626963117,-1.0154272178279633,0.558367953903738,1.5325258763036462,-1.4661033367156302,0.38654909421252476,1.4708454470308476,-0.6195142246368618,0.7040335448410473,1.9334386616358104,-0.22182540101750167,0.4064016871218688,0.4218993030692911,-0.48706201807585525,0.5909750071561561,0.38974577495142243,-0.6340440258062097,0.812906311084048,0.6723080154964333,-0.2598284049357701,0.927484651116158,1.0241051874128135
-0.5364950742271815,-0.674892136295981,-0.11283058135931302,-0.4477075963729748,-0.727071869932498,0.7761277442768872,-0.20368407784946596,-1.2722453493824923,0.6319565650492638,-0.21426498378323644,-0.9242231239965082,0.9775525838465655,-0.8542697963054755,-0.44113673263257036,1.3178167420517157,-0.9398887323854233,-0.2865969981122611,1.030610918074856,0.12742347528688205,0.03767480783358411,1.2955327574138558,-0.43040973294758467,-0.40262371679490966,2.4112945517938824,-0.7039194937675202,0.25841401500318834,0.8530245178130831,-1.0274097853839286,0.5467071118286264,1.5669899120184798,-1.48345121409743,0.37039079214528803,1.5147781118961612,-0.638978237654276,0.6937093617693811,2.024120483357038,-0.2310573271280061,0.4189891722828322,0.45023853272442066,-0.4951714445551972,0.6153969413995577,0.427979156331228,-0.6777193029388283,0.8484458871515279,0.7436736652453514,-0.2626406378791189,0.9721378566524717,1.143823357970263
-0.531211475996757,-0.7477052945988715,-0.07756715478824419,-0.42224137017021596,-0.746690981753875,0.8060287978699244,-0.18559880707298293,-1.2613525915448949,0.647386706805688,-0.17014848132932126,-0.9139575072171329,0.9180347970829753,-0.8571240513597755,-0.49711294457314126,1.5095998874243375,-0.9013029078795572,-0.30591044137897394,1.1060324583257874,0.14881125169666548,0.009614329696713423,1.3206004659070314,-0.4034722593718388,-0.41985225503047235,2.4066333484105944,-0.690473982097214,0.2836621060566115,1.024655736527717,-1.003928229105626,0.5683798170435486,1.6766861515228515,-1.4643215969573724,0.3678461847617507,1.568113179201201,-0.6233948241741062,0.6906916778219084,2.0828639081692737,-0.2239901801149188,0.49266907922945313,0.5661425789269092,-0.512219056180329,0.6789201919711527,0.5022408019032291,-0.6805698162042834,0.8909515081806729,0.7996794805985369,-0.24074337340709295,1.0063787015511911,1.2075603265121735
-0.5332527099698489,-0.7812192925546977,-0.06596911921108095,-0.42423713338472185,-0.7583578684014626,0.8327455309124874,-0.17970447553822871,-1.2662529028290415,0.6683966869106549,-0.16814852971242894,-0.9060796101073024,0.9024278057193981,-0.865595741498307,-0.5065572831131478,1.576590906574098,-0.8913382108880278,-0.3085500113180327,1.149380630026211,0.13986055617951662,-0.0058082804925589405,1.3544568279220115,-0.3788277943803477,-0.4036156213919672,2.3737186599182123,-0.6979649485435676,0.29514988490183663,1.0724508756988096,-0.9980637296387009,0.5927170435621401,1.7231106774526337,-1.4529353938243599,0.37396283052652685,1.573373364566633,-0.5956220478638012,0.6877951740573314,2.0687419297248657,-0.2284805678485274,0.523865880255407,0.6116039296015721,-0.5102499760187237,0.7025615451996008,0.5255224848359736,-0.6648520431835118,0.8948799004619172,0.8103090094093972,-0.23354473654683705,0.9920194207535394,1.1814073426444345
-0.546683456684198,-0.8081542833289572,-0.06994082215921861,-0.4312307634463655,-0.7805287102780363,0.876660916208474,-0.17559390705962605,-1.2826102750849049,0.7002602585427349,-0.1556568049205745,-0.9018304492991543,0.9095101428544018,-0.8720158093376599,-0.5087156218522653,1.6046983094810825,-0.8860001126685902,-0.3056509190079077,1.1941710560945242,0.14100079225719653,-0.0028756654219896736,1.3876965370598346,-0.3724353673481603,-0.3846403282312016,2.3687425810002662,-0.6968849708356685,0.30308343461129456,1.1048334137489004,-1.0010330671923795,0.6157704216078285,1.7645235092226816,-1.483396362928696,0.3951478723952896,1.5970314313474925,-0.5813717989805567,0.7118364920544252,2.064039110374337,-0.21930827339279918,0.5341876561819879,0.6117991283751375,-0.5226399805571363,0.7225555624054634,0.5417368992652875,-0.6754105300330141,0.910499695567064,0.8156247456038684,-0.22796329101462015,1.0160743305000222,1.1815712585535325
-0.5528439909433246,-0.8254326363135246,-0.07161008706225566,-0.4238787191712947,-0.7815488236219269,0.8858409229035964,-0.17795901195766817,-1.2923256612973553,0.704067372350248,-0.1577064979074927,-0.9014905111512531,0.9225062314621223,-0.8811653461527678,-0.5146825871555736,1.6556318150755385,-0.8912661338109233,-0.29889301935111384,1.207541953043291,0.13681531206763375,-0.0031593454788651464,1.3952370392116427,-0.37108408396615306,-0.3799258500859937,2.380481807608276,-0.6988310286435111,0.3180677892550165,1.1145618382744453,-1.0128079189505406,0.6209540531058546,1.776541310469265,-1.4871903443195573,0.39383187495834393,1.6082966597793487,-0.5791864201488562,0.7207687264160503,2.073291987217253,-0.22978368342804056,0.5439087044222808,0.6303759894661549,-0.5296440839201638,0.7318783936364243,0.552320044937847,-0.6855496903747295,0.919545200815354,0.8232333688461089,-0.22975440555382073,1.0254126794221647,1.1919046036072414
-0.5609605315527564,-0.8727250062873438,-0.0570284309783701,-0.4235552561457383,-0.7955344910332734,0.9258768809985389,-0.17097600639189742,-1.3006877627088345,0.7297355172868927,-0.14946928883566013,-0.8962498154994392,0.9170946419229062,-0.8925020141860553,-0.5378775958129038,1.790041544532754,-0.8831589594752594,-0.31110814152436705,1.259431967993276,0.14252928918156058,-0.008421414216689748,1.4187893646499021,-0.3683536991415365,-0.37276599838082825,2.388327536300347,-0.6966134632137851,0.3434699250292248,1.197080484491492,-1.000010282907721,0.6396382883654734,1.8355528524341433,-1.5012662817254214,0.4036987805317333,1.6314457777465126,-0.5805591015662062,0.722766454899789,2.0811734404204927,-0.23637606420206875,0.5950517205876552,0.7076166715246052,-0.5463122466688667,0.75517063181227,0.5868929463156766,-0.6961303020811134,0.9375611579898948,0.8369475661921187,-0.24012084501907688,1.0266956067722683,1.2091574401628427
-0.5714812654474098,-0.9246014472663233,-0.05599643535272095,-0.4281441992585155,-0.8102196164478871,0.9543096523664363,-0.16988395213155957,-1.2974835150004564,0.7413293202047192,-0.1404531095198497,-0.8849025797362997,0.8949084240397172,-0.9032047592761674,-0.555588979763976,1.885815014162271,-0.8692572459865882,-0.3086576328115089,1.3165842693761942,0.14389903965429174,-0.024193980874316096,1.4440434940059974,-0.35210967334179133,-0.36324793196889793,2.3576045282197824,-0.7002523739631017,0.35514114527020946,1.2761703167036682,-1.0002371185222099,0.6696461175516885,1.9041286127057646,-1.492340667671981,0.4138526624031442,1.6495479992469668,-0.5658328139542723,0.7175827947569263,2.072361469998044,-0.2424654747563038,0.6333752470016434,0.7680850959371387,-0.5493948633261551,0.7894175670538449,0.6224388060993173,-0.7003971122206615,0.9539330294917137,0.8551667467979746,-0.2313757632789484,1.0309378143842172,1.1963129542930466
-0.5863206625466152,-0.9301905055265929,-0.08142188113413529,-0.43856025463212717,-0.8212363393806192,0.963471749694679,-0.16728462608023256,-1.3220711310818711,0.7594002249545277,-0.15278076672061772,-0.8894749100065344,0.9261654422238964,-0.9237649546442691,-0.5420549060063198,1.8443715616319247,-0.8823159124876603,-0.31222367073946355,1.314905827482274,0.15482548454633346,-0.004060029249077175,1.4626594189108348,-0.37341989015405874,-0.3692764734589554,2.3965749485111316,-0.7164351973870428,0.3481355864933664,1.24137283034108,-1.0364974124004942,0.6717791945296455,1.9126913116718895,-1.5444600117830811,0.4232386539984787,1.669181907649096,-0.5817466249304529,0.7392961520141424,2.0845424921766376,-0.26082139105866686,0.6315729855103064,0.7610081655484214,-0.5812355498095514,0.8033120416881622,0.6372982210516124,-0.7404325493723859,0.9785467636666212,0.8772777542864942,-0.24501269728346423,1.0573459921891306,1.2332262846766555
-0.5769419132925979,-0.92188456230431,-0.07608816019163667,-0.4266519713287614,-0.8141917016960876,0.9428807907225669,-0.16998141918369009,-1.3071579741415478,0.736466455187507,-0.16290900785087972,-0.8898094506220051,0.9321199681100543,-0.9108403112986759,-0.5498131301925911,1.846729659505424,-0.8907156070196859,-0.3179909123604155,1.2930602112624754,0.1698571726791823,-0.002066104692193099,1.438718917825557,-0.377190400304265,-0.38759663977034553,2.4198690256714985,-0.7212705644978364,0.3367254291043821,1.2369422380999353,-1.037926474957074,0.6594718605664764,1.8936282701266458,-1.559218118967672,0.40780785392637914,1.6607867244022718,-0.6112558478322891,0.7297028592542053,2.112399890468826,-0.2752827405236651,0.6282865260625187,0.7600542023487431,-0.5862934641392978,0.7962327193683744,0.632137295802636,-0.7679045584537199,0.9901836078907345,0.8944668117606248,-0.26176688351415256,1.0661138907181675,1.288808519350523
-0.5744868709799094,-0.9501120231030397,-0.05952395179716404,-0.4117158569298136,-0.8205276865094695,0.9434193588714601,-0.16519331341584287,-1.2994688263581993,0.7254442083227568,-0.14949041299433444,-0.8837727379614871,0.8934398850721379,-0.9121286177108521,-0.57075191213069,1.9214415391142985,-0.8755057779425128,-0.3342476082345272,1.3058058032794644,0.1758382758743524,-0.012707381709785205,1.4368272251053942,-0.3675995738361642,-0.39462879360366554,2.391302104201595,-0.7231696610717635,0.3431515515618618,1.3088378510692575,-1.0303119920347288,0.6645144205386955,1.9283285841125726,-1.5337537174101292,0.39918222269724957,1.671974855846824,-0.6047023523743211,0.71448795826588,2.1165298609294845,-0.2773330193053102,0.6592018209148526,0.8264202554335207,-0.5987071466036512,0.8207534777657741,0.6674902629474762,-0.759420683809299,0.9947119141230047,0.8959753536399171,-0.2542607583451917,1.0626094475436714,1.2947689474881614
-0.5733913817767657,-0.9936278398778072,-0.058839680810123515,-0.3898575034750849,-0.8285785022678452,0.9410767998047174,-0.167585742925027,-1.2698842408121402,0.6931206508597118,-0.1335750766448112,-0.8642343448894244,0.8047563435086585,-0.9164784950891125,-0.6141065325980926,2.0237104679939586,-0.8487856742323576,-0.3684724551600242,1.3289872983558875,0.19093331487119908,-0.04373363390392209,1.4320762720835856,-0.34472544794859983,-0.40748265421114477,2.312481032628895,-0.7234988798674531,0.3436275557924841,1.4327533256970053,-1.0074475736003257,0.656031667484434,2.001711135333401,-1.4860462097736409,0.3817217421927321,1.6851391742288382,-0.5860121272053888,0.6870603718264097,2.105847039988138,-0.2801296432198895,0.727322148618694,0.9415946988434104,-0.6095893521618074,0.8569588123125729,0.7311667987735214,-0.7657514406987513,1.007383438566023,0.924547357690329,-0.254052479396178,1.0646328469538795,1.2921156299223202
-0.568921396957889,-1.0081042817385162,-0.05123865563450204,-0.3877659790701611,-0.8417590645127011,0.9389954210160665,-0.16345223203304593,-1.2729279226351935,0.6909255501688877,-0.1357619148343867,-0.8502904062017147,0.7747512887392395,-0.9148947017540846,-0.6264100492087601,2.067954310345985,-0.833368501605217,-0.37927889825366684,1.3418183002857056,0.19990505066093298,-0.055808349064681934,1.4265499595652247,-0.33863741974760936,-0.4126539624513965,2.2883869350613693,-0.7297293325033872,0.3387654942833217,1.4943921853340238,-1.0011668036602825,0.6596422753969143,2.034586054188355,-1.471658047548985,0.3767396112954537,1.6903943066441134,-0.5815448688586733,0.6684113343568654,2.1024955036158857,-0.2894909668967145,0.7537662145744908,0.9982881596936186,-0.6138710705830434,0.8852775456905075,0.7643363917518912,-0.774329748234177,1.0143461085503211,0.9355848387143226,-0.253181620667473,1.0626615093964222,1.3048428129319314
-0.577600163296336,-1.0115763924716925,-0.06382297772299236,-0.38967439860554376,-0.8369384541105015,0.938098050287892,-0.1621168773755811,-1.2643703355943483,0.6833554733345643,-0.12802901027309704,-0.8455631301113412,0.753284161372603,-0.9206215836671139,-0.6319867282881938,2.0666226479621517,-0.8332588798250997,-0.38639971457045386,1.3399940802887467,0.1995023281392805,-0.05725224433033088,1.426492203728889,-0.33775596891407345,-0.42757099638834384,2.2747759277212927,-0.7392681571893569,0.333530977199986,1.5018946865986882,-1.00737004214899,0.6628758029864472,2.051169830578581,-1.4677655168064427,0.3751986938461667,1.7027020990841986,-0.5784762305291244,0.6663551962427385,2.111975554678331,-0.2828839840485997,0.7730562833011113,1.0067905925086345,-0.6259392486972968,0.8979159110290822,0.7800165352819356,-0.7844585831832039,1.024381219259173,0.9508739072738356,-0.2586426493231514,1.0659108577686616,1.3211512307210789
-0.5759427074849968,-1.0163306651248636,-0.06624493543462288,-0.39126986603553476,-0.8388757971845489,0.9336728940048417,-0.16505354990371757,-1.264647932936995,0.6771012264899868,-0.131115001647925,-0.8454110638670405,0.7631832257039244,-0.9212248504278253,-0.6308519583734012,2.0772364427421266,-0.8266445312631041,-0.3836666867378241,1.34938412075335,0.2012445055180761,-0.05855174071011407,1.430475585831012,-0.3421646843912457,-0.43076346618732086,2.2859737715907698,-0.732203772756717,0.33572599327582064,1.5064126997962395,-1.0060901584146735,0.6647797605153969,2.0462577173542114,-1.477010435995169,0.37295801356985275,1.7109750127700494,-0.5887950399726936,0.6620024055275381,2.1204943431407486,-0.3017958081736031,0.7721346002124743,1.0185677053229867,-0.62875476081475,0.8981153568598915,0.7805349976460442,-0.7808222424304578,1.0298863624286902,0.9520391716658052,-0.2576402129947254,1.0742045048225655,1.3387747386721902
-0.5699313692745372,-1.033328319250398,-0.04827541982882208,-0.3788882496510855,-0.8433555151948492,0.9376748121002364,-0.16411420555498046,-1.2520431564112293,0.677299305835739,-0.12542452338504315,-0.8403787755803518,0.7548087944595089,-0.917649386572426,-0.6458176226644446,2.1168750377247543,-0.8162061537539256,-0.3948856658683395,1.357638718674324,0.20398176164759105,-0.07057564113934849,1.433918750003806,-0.3305997817190306,-0.4280567621118695,2.2666414232472922,-0.7313174423699041,0.34252581100097407,1.5443516216841446,-0.9932638862720149,0.6678148014630908,2.0672090346753667,-1.4615719169635724,0.3700883384046073,1.7100663138127852,-0.5848328153253354,0.6561871918022577,2.124117227528234,-0.2875921327998248,0.7897251481760543,1.0453271426839135,-0.6299360134595129,0.9055422732412286,0.7962368663365154,-0.7904056595712364,1.0291879793902294,0.9623802342430693,-0.24949160503114262,1.0754646071697516,1.3351751967885095
-0.5792623292843728,-1.03989994634032,-0.05368827361710154,-0.3726796647422279,-0.8365100363800428,0.9412614375787476,-0.16284569025545456,-1.2366243852477365,0.6659699915638524,-0.121182633268307,-0.8098122053756353,0.7084076304459431,-0.9248882448072248,-0.6373197641068727,2.128643162483453,-0.8070718508818415,-0.3873321283432594,1.3639601404356883,0.17716383931444124,-0.0805494219260392,1.4277194104999944,-0.3176544038688804,-0.399330318070303,2.1765444082709946,-0.7400475696191434,0.34552346803243045,1.5482003354960354,-0.9902916396729889,0.675348899651496,2.0681544219791665,-1.4272848954806736,0.3744410165799716,1.6924857790810517,-0.5647881032491532,0.644612722334867,2.0598707993568466,-0.303652129560702,0.8067388304067018,1.0574780312716636,-0.6342006754851718,0.9147129915310374,0.7984020123359995,-0.778220755707092,1.021949651864391,0.9467111786435685,-0.25219067816779644,1.0542220539147646,1.2790840571525337
-0.5771910589183094,-1.0421940170561987,-0.05916803967788818,-0.3876242681600131,-0.833541261343478,0.9396869646254207,-0.16887081499330894,-1.2280690686808096,0.6659055131023002,-0.12791339649870911,-0.8083658617848541,0.7114282337133946,-0.9192204358200674,-0.6309504005832298,2.098554173104538,-0.8119312569824804,-0.3778380620201653,1.355947178709038,0.17046044376803757,-0.07495726537892596,1.414493956706215,-0.32476789779273335,-0.38593633439731667,2.168810158875383,-0.7348235699254572,0.3457449391414059,1.5063370683334742,-0.997551744503104,0.671470982555827,2.0390758226054038,-1.4422522909839481,0.380549416450903,1.6666352580437365,-0.5653802045966103,0.6499653917793503,2.0383746391767406,-0.3139685163400574,0.7821346486241441,1.0187461144196523,-0.6410740386267195,0.8990216055820229,0.7710924220491007,-0.7713124122895686,1.0116820989891029,0.9245464908500229,-0.2583261608014791,1.0487330366087444,1.2708103590148436
-0.5955256443309306,-1.0505582126410016,-0.06266237281339326,-0.38690731234176656,-0.8361969068613471,0.9491864321911159,-0.16915624236554674,-1.2187919926784203,0.6569842696412735,-0.12861114811215263,-0.7985921994558511,0.7030650319279953,-0.9255028535430319,-0.621943069672365,2.1208278870762878,-0.8064266689006513,-0.3564081042363092,1.3624441749691458,0.14350533996163178,-0.07069403259732797,1.398956979613856,-0.3176040458962066,-0.37160994666580666,2.126905773740988,-0.7265048729543473,0.361289703809361,1.4819135738597313,-0.9813293974959845,0.6743280668187459,2.003666074733906,-1.4201162780140486,0.3810909506590246,1.636371800682047,-0.5587910095411769,0.6416800093238327,1.992129468919725,-0.305348270100901,0.7607901035183608,0.9936965176218101,-0.6256001385123934,0.8772934834500183,0.7341821873086153,-0.750286446310049,0.9828037425980952,0.8858281014690648,-0.2590751657267342,1.0201408964228633,1.2015868355109942
-0.600385839554822,-1.0713900128283358,-0.061758524797921086,-0.38740125022719246,-0.8359853407106116,0.95261656048785,-0.17023305964145272,-1.2060640166398795,0.6634300118328098,-0.1331357899255764,-0.7891272519140281,0.6894130266594721,-0.9313826324996399,-0.6257480239238484,2.152273782959386,-0.8013087967730907,-0.35795801255417226,1.3643880828100063,0.12981031952411395,-0.08049339287540454,1.404915952133005,-0.30826876856112895,-0.3548770421377746,2.0925511890001234,-0.7205990546096025,0.36772575325314216,1.50161467391306,-0.9738038170194353,0.6787113057258246,2.006788419915012,-1.3922437217687105,0.38000255545902195,1.6186662410845702,-0.5495053991034016,0.6368058151516365,1.9501297627549385,-0.3059485187045259,0.7766837212676257,1.009978658877868,-0.6072490690362745,0.8775069346802749,0.7263746472591941,-0.720862926949267,0.9632352275615167,0.865283334257508,-0.2576730282326952,1.0028718582407259,1.1611733544106764
-0.5943407481166367,-1.0749060242899078,-0.060150328193939825,-0.3785801473640754,-0.8359121051082968,0.9519113996688509,-0.16881567585905707,-1.199986901192906,0.6528578243971824,-0.11753689031619598,-0.772633226677736,0.6543025845613455,-0.9273833194589216,-0.6288094050681318,2.1680030327736723,-0.7929749885997246,-0.3531582637441382,1.3771514434991035,0.11451106288808117,-0.0896122570484481,1.3965612855825664,-0.2992570432286615,-0.3403444573768147,2.027184821165463,-0.7213314865712601,0.36299515267209226,1.5465275495233084,-0.9629053601606281,0.6872218437818632,2.0159593984377358,-1.3696925595290141,0.38416086251056625,1.6040487411399549,-0.5223106611072541,0.6228265994637295,1.8987124172277183,-0.3102788175871942,0.7935210395419825,1.0424517390245824,-0.6052091522624313,0.8788561922322026,0.7203631995407211,-0.7126744702756879,0.95802908078403,0.8539144890706102,-0.24369826249111123,0.9845086516788834,1.0918772626522597
-0.6031488493873791,-1.06165787983969,-0.07252533627308619,-0.382951642812583,-0.8376192274570258,0.9516666362772271,-0.16788767031032115,-1.1900931084107627,0.6526010314717349,-0.11614564842304287,-0.7692130736002155,0.6544200630637199,-0.9312387402526033,-0.628279139391978,2.1527675783403333,-0.7853112675738347,-0.3549389127569713,1.3771105943235589,0.10683722405481161,-0.09041502536541865,1.4011750869660125,-0.3040686843895583,-0.33701142488049723,2.0152676045923306,-0.7240216343146664,0.3622263802547318,1.5429138364065507,-0.9526359646204926,0.686849315051353,2.0216903085807143,-1.351255065946874,0.3794794857687353,1.60568809688137,-0.5202794696553407,0.6262801380043789,1.897853909234523,-0.3036413724369583,0.7998197321633294,1.0381769073751785,-0.6021616556795554,0.8830688117241828,0.7252671189152399,-0.6982562261770424,0.9544893782406989,0.8454081568747165,-0.24086100374390917,0.9822384111375931,1.0976940454914879
-0.5894227825160108,-0.9928824753800717,-0.09492642853084643,-0.38521910832341383,-0.8106574979587077,0.9127892386037819,-0.17242408380122223,-1.1775371365056297,0.6447519837588787,-0.11704302207689547,-0.7735453868653359,0.6814463305750947,-0.921980761797083,-0.6008519368629317,2.024767719920513,-0.7973139233132662,-0.3340318958732832,1.3131965451910357,0.09363414349223512,-0.08919528068659428,1.3853094207751122,-0.3040800865405397,-0.3349884677718967,2.0339892600970244,-0.7302789704779545,0.3498807532829127,1.4384038815503248,-0.9614991098867384,0.6632992052470554,1.9305889539549415,-1.3561122607121152,0.38312410348693426,1.5761391106010627,-0.5176126796552225,0.6314794517893385,1.8941101450321067,-0.3016474777416025,0.755933840403383,0.9559690827808388,-0.5773853754219174,0.8444830390939454,0.6586183201911383,-0.6783217153648706,0.9299446523419201,0.8156852511733438,-0.2407610003005207,0.9739163883955286,1.0901843152530495
-0.5894227825160108,-0.9928824753800717,-0.09492642853084643,-0.38407199226563615,-0.8111406792954458,0.9047677251151218,-0.17355458302386714,-1.1806353993042982,0.6425476751025577,-0.11270379857059318,-0.7802255604200441,0.6753320949298217,-0.9181029712600444,-0.5974988223729765,1.975687717194945,-0.8054517260672724,-0.3298090993062381,1.3033046078252426,0.09074454016893516,-0.08260983901134093,1.3767939704533434,-0.30716783338355497,-0.3313639259350695,2.036340167939187,-0.7223109399374483,0.3531162816137875,1.3916058380942453,-0.9563651474290357,0.6575992126874216,1.9055009055842997,-1.3474782122549103,0.3788580845796923,1.5641099389428526,-0.5197865613691108,0.6281116635860492,1.9047766849201402,-0.29417019371312714,0.7333613418481165,0.9186256951610113,-0.5840253584008375,0.8286565271535156,0.6525813256099339,-0.6802634559829045,0.9265950041238074,0.8054964313479445,-0.24569171376546675,0.9775386451966832,1.0953036676619148
-0.5750464621294955,-0.9631143285382174,-0.09324835398551991,-0.3812574978429993,-0.7999780948674738,0.872484742747465,-0.1730816310192305,-1.1795823929011187,0.6204756189422143,-0.11140480913023121,-0.778734703693623,0.6665418057562519,-0.8990050655439908,-0.6047957587808097,1.916955380366365,-0.7967012103852832,-0.34192978135887037,1.2721525328573133,0.10461458320554906,-0.08887337751684081,1.3538584783758647,-0.3084661821397067,-0.3547158375443651,2.034702872426565,-0.7193896697647918,0.3335670674006993,1.3696286612424848,-0.9394068862949251,0.6381246252788552,1.8811895335880364,-1.3196982630809189,0.36064843546110636,1.5611427084424576,-0.528189144896336,0.6087722610025111,1.89899055126425,-0.28488930630764436,0.7137796753196815,0.8822232094671096,-0.5643350029771803,0.8184772480057468,0.642912276077426,-0.6723183185026813,0.9135914434783639,0.8102695071881838,-0.24313048273123428,0.964449659043899,1.099628535595347
-0.57346920904158,-0.9520227107661907,-0.10067340448010013,-0.3845007462803256,-0.7938410967499745,0.8660326034447409,-0.17378181032456744,-1.1705958343378646,0.6071537945352042,-0.12260493702542175,-0.7761147316125825,0.6578679622292547,-0.8982005535371645,-0.6015147869292984,1.898492314157867,-0.7956775272231638,-0.3523901248798312,1.2560247185495017,0.10767806153516903,-0.09212487670083071,1.3405724917206108,-0.30409013567385806,-0.3601483954746778,2.034325514825546,-0.7187480137411918,0.32389166465981434,1.381791449645846,-0.9336811827833975,0.6249983984276031,1.8731609311681678,-1.301134111553545,0.35155766188307014,1.5529615414167834,-0.5255026476397358,0.5993881634915907,1.8997133436033051,-0.28098166200816227,0.7137652368658012,0.8879577520941687,-0.5572237329198565,0.8106200045384941,0.6392149618873423,-0.6597657415116913,0.9114157430137679,0.8082645071115443,-0.23840525800609683,0.9544984841861436,1.0946165235528842
-0.5716036415651259,-0.9374972704474306,-0.10412916274384877,-0.37719999113195357,-0.7867046427983504,0.846960689835987,-0.1730923494166625,-1.1652131543271356,0.5972218513230126,-0.12164991203499723,-0.7779064127186548,0.6521954859569217,-0.8911091533119623,-0.6058442469078911,1.8876284921460305,-0.7900910652505404,-0.35596155699408477,1.2393921245822261,0.10961969770408544,-0.10184663906356864,1.3303763905848074,-0.3035912614961062,-0.3704369942170505,2.0144575319664675,-0.7180643692628399,0.31416203617671856,1.3938488558535587,-0.9283403147729902,0.619434066889464,1.866121262000766,-1.2874239913955459,0.3480205412735985,1.5454327482040982,-0.5261494767782321,0.581255419761433,1.9067763117493493,-0.2718294395543407,0.7111214348437822,0.8862221152167328,-0.5402989756769004,0.8095122169621665,0.641982049569517,-0.6448985944651403,0.9031710889389052,0.7997112457550659,-0.2316594618029515,0.9573062810873254,1.089319112225215
-0.5468433155094719,-0.9370173054420943,-0.0715278315919205,-0.37153950667604996,-0.7855366353399728,0.8380846054870336,-0.17432373587289188,-1.1565072207106526,0.5795080154484354,-0.11866000952893037,-0.7732988816806053,0.6315609745320943,-0.8842511185486076,-0.6131558086261137,1.8841766777692956,-0.778037717285671,-0.36582074798778513,1.2294474933411028,0.11015563089202504,-0.10802255923835113,1.3107745520584002,-0.29996401315709187,-0.38628127616526003,1.991140975568247,-0.7137068727254797,0.31529243292140724,1.3964620221642394,-0.9120313486451966,0.6095561231755039,1.8560750550496457,-1.2595829383320063,0.33761261155790007,1.5348790560741639,-0.5202043699391586,0.5732381411103861,1.8905143119468393,-0.27121836344601896,0.7182696128740076,0.8977729734865468,-0.532188254823146,0.8075049890186368,0.6410909597951031,-0.635766621420386,0.8900699260888073,0.7879880551975521,-0.22860421984652876,0.938401633601874,1.0802241559375465
-0.5398009538384713,-0.9148455917984488,-0.07713780741210838,-0.3645317395021631,-0.7741860517957636,0.8066248170901738,-0.172005093183395,-1.1198704330483176,0.5407874582873959,-0.11229124832831922,-0.7624331068674739,0.587277135465615,-0.8681051900232621,-0.6207795524951017,1.8549211276508513,-0.7661356496156726,-0.3652455011443691,1.2030787329691826,0.10314929717620527,-0.12508337954034157,1.2755387835513174,-0.29224939881596196,-0.38002565381718295,1.9258924887116353,-0.7047789490854433,0.3020339187485046,1.423495784213356,-0.8889459146982067,0.5949389057829323,1.8271425695132626,-1.2071673069451763,0.3201326361289182,1.5088521346116717,-0.5138683743970541,0.5448208702234844,1.8482703273750496,-0.2535759592232869,0.7203392854589938,0.8951073346896029,-0.5132262329754346,0.800364873083679,0.6321524279263917,-0.6066558996958636,0.8648603432053525,0.7668023191106222,-0.21932020919905834,0.9121310169865127,1.038433110291782
-0.5346658560725065,-0.9073981501693333,-0.07713768769473876,-0.36307499223012013,-0.7681207742469852,0.7975978133297743,-0.17414257251571508,-1.1118828417269928,0.5250155141048816,-0.12203017530463678,-0.766390336213414,0.5806854539183668,-0.859826125217367,-0.633101668417502,1.8589455889782696,-0.7601184220860167,-0.3779942850122946,1.1822470616308414,0.09873489220288637,-0.1286962076740223,1.2545496589715137,-0.2942747689890449,-0.3927565513571579,1.9022397082734812,-0.6994399044660174,0.2985079849083477,1.4428802474013493,-0.867559782504242,0.5778444344131367,1.810781640686323,-1.1793680382436083,0.30908769988886226,1.491134564668238,-0.5099220556269041,0.5259945185238136,1.8308219742213319,-0.25130460972720314,0.7288897023926796,0.9124866993126397,-0.5109943275513007,0.7943311420182216,0.6343267086772757,-0.5981752019970117,0.851776444378364,0.7570886216900636,-0.2170711594261364,0.9038778568819579,1.0205549059708505
-0.5228345492352405,-0.9139924507897846,-0.06880677397451282,-0.3400141939838454,-0.7619172371876604,0.7592717312483599,-0.17076688205095117,-1.0636595739627053,0.4728243668397242,-0.11987301738733508,-0.732998069075129,0.4962908633579757,-0.8414261281469564,-0.6724912130601441,1.9028313810579487,-0.714927428322465,-0.40439815793076245,1.1652354466060637,0.09857910293122568,-0.15803195646674756,1.1975458709042197,-0.2793326645354889,-0.4068091180174265,1.7876912490501524,-0.6860536744523824,0.28109083586769434,1.5751203148762534,-0.8189163470438724,0.5561356486074329,1.8175270551271887,-1.0886542784811006,0.2708655814471854,1.4548191500615575,-0.49180543719784636,0.46882847656409316,1.772388661258939,-0.2268105637401372,0.7710129945511244,0.9816739323344452,-0.4657330752450107,0.8002045743133123,0.648709358923222,-0.5633758704545503,0.8150341843833976,0.7348266053406555,-0.20483944709994822,0.8593538530976758,0.9748378557106024
-0.520033198619093,-0.9089161467303157,-0.07147707152893028,-0.3489559435833494,-0.7511250658404636,0.7476118735995315,-0.17378325078319407,-1.0495452336100006,0.4565209294031004,-0.11165515735402697,-0.7298569559408152,0.4724810050722351,-0.8325316182240681,-0.6804344411619541,1.8909973547129657,-0.7048966635813785,-0.41291715216706437,1.1511807685132687,0.09536944549205315,-0.1660376953243425,1.1772328846964923,-0.2774688186296295,-0.40804731179470805,1.7541358049268818,-0.6819509710870332,0.2693309947728953,1.60393719399437,-0.8090055579291229,0.548914150504678,1.8119317528005368,-1.0646089864996937,0.2616549991300346,1.4449723214548442,-0.4950330574374304,0.4488011141309785,1.757617164282758,-0.21673742451106387,0.7755431320261411,0.9912682870222949,-0.4751001548798336,0.8022916242668454,0.6604229090713848,-0.5562407335994694,0.8105616482494572,0.7360730151040329,-0.21101458549829988,0.8524455981845093,0.9661800248401978
-0.5154886618363685,-0.871643144169114,-0.08356103238889473,-0.35552036165217255,-0.7378972400749914,0.7197857264282445,-0.17673472198116666,-1.0347789332783566,0.4254855008591328,-0.12439316052389872,-0.7303362270336257,0.4737572646302496,-0.8296268618976561,-0.6688566523285004,1.8026168931658186,-0.7234989220518117,-0.4213822832374664,1.0893709097720918,0.09521150688369183,-0.15410555853277763,1.1374512176706815,-0.2961763686517683,-0.4332448081227658,1.751577384379588,-0.695346340609572,0.24637321006950416,1.5504672442516376,-0.8237312446543932,0.5183082333445386,1.7681672101343788,-1.054002509642213,0.2401537810452784,1.4249184500276224,-0.5218304789806516,0.43105832309514414,1.7615080135493395,-0.22791460810637637,0.7492598145767516,0.9582260461235593,-0.47572872623039203,0.7788306609440709,0.6378068388554582,-0.5668631131324071,0.7981535492226213,0.7393372388632317,-0.2251229479767695,0.8470056951677477,0.988485531434987
-0.5186913567719066,-0.8450045122108708,-0.09038021203071911,-0.3611139137886042,-0.7241288601150779,0.7004789662240568,-0.18422251895983346,-1.0274400325088682,0.4095641386900063,-0.1417035033406513,-0.7377484607194164,0.4757881463868946,-0.8311336748848667,-0.6638522186362804,1.7697696078442398,-0.731786462082986,-0.41915992731244994,1.0615995843832349,0.11349262932143772,-0.1475350658728637,1.1152124187957808,-0.31095020376400134,-0.45402091367867986,1.776368459160816,-0.7048402404114535,0.23877085385382069,1.510781826958304,-0.8236568323742648,0.502062683540873,1.737245420166172,-1.0621841073562133,0.2309366415971916,1.4108452027563239,-0.5495544193269931,0.42461285845031416,1.7817769419931333,-0.23820185822374895,0.7431204129324868,0.9537390396450831,-0.47917984925606727,0.7746413106326614,0.6341007580069339,-0.5717757766845964,0.7933547647129082,0.7333151651682824,-0.23617553672301808,0.8513812321722896,1.0194235447163533
-0.5198818176653103,-0.8386588882809981,-0.09761138692283053,-0.3485823444412768,-0.726381895312295,0.6882737099311274,-0.18661720378608254,-1.019952545848624,0.40978277759210674,-0.14215018945374822,-0.7376957680462217,0.4787072339859008,-0.8338440331984078,-0.6610292326738785,1.759559747759481,-0.741653775835629,-0.4164316365313152,1.0542975392116352,0.10323671058283714,-0.14598993335116453,1.114046790825081,-0.3175011467653535,-0.4557953367887576,1.7791255447566994,-0.7012235639843707,0.24095370894221163,1.5079549881348324,-0.8300695170835913,0.5025349493007883,1.7299716361143322,-1.0651594555001775,0.230112984610707,1.4066227091877195,-0.5468666851888818,0.4279683802015463,1.777216895225672,-0.2329597187510426,0.7404934245970415,0.94624590091305,-0.4719787866146253,0.7653549339851601,0.6225451996052955,-0.5753625216902631,0.7905517907164197,0.7200269548583101,-0.23962646492742862,0.8419436077768164,1.0188609551115342
-0.5275542542110394,-0.8174960845869165,-0.1150460153296749,-0.36704543837122683,-0.7152101243953807,0.6826706547487925,-0.19277714368384682,-1.0276903597786722,0.4065641052372889,-0.14853891725804558,-0.744163109199954,0.5017850892333124,-0.8365988382868113,-0.6296986804277432,1.6714364342169248,-0.7608317705958795,-0.4059140291764275,1.0214289360617046,0.097126790693784,-0.12848542319302597,1.1001087075726657,-0.3323334248623918,-0.4620353927374913,1.7955693892388997,-0.7042933605390135,0.24297331658725513,1.4026538306167182,-0.8403965061166933,0.49963566633118606,1.6808975167754883,-1.0732039042607378,0.233253861747952,1.3927220286054656,-0.5570187243821695,0.43068201302325837,1.7777431898074034,-0.23986461640965548,0.7048921755856005,0.8760771717650397,-0.4736130681865537,0.7418512017661196,0.5817931439827977,-0.5774804250639572,0.7821447574708545,0.7139252596771598,-0.24873031384053948,0.8371524381662102,1.0054129692326237
-0.5186252661521275,-0.7910865872636519,-0.10399545346054848,-0.3728811635185615,-0.7088035736727734,0.6791346659879566,-0.1962668644041902,-1.023143402267801,0.41162911541518354,-0.14573403859347733,-0.7439968955600439,0.5039925357144104,-0.8372264149829214,-0.6073536168655673,1.6371284586310946,-0.7666117674735962,-0.39086646862121455,1.0139269222724647,0.09012576709510166,-0.11549802130415644,1.0990369790862369,-0.33207918315870977,-0.4514498648192443,1.8047841946743057,-0.7054327689156682,0.24627421274311825,1.3357056790164084,-0.8517745551966673,0.4967683745026398,1.6544562788573145,-1.091720120999904,0.24147224070730694,1.385411678538619,-0.5621126953005121,0.4383339119475069,1.770439572224444,-0.2472945764202228,0.6760232854082693,0.8358506844742383,-0.4793592472599247,0.7230036061553836,0.5595280689218262,-0.5800103139537157,0.7746382384345174,0.6987540976291832,-0.2484773961103371,0.8392707984054741,1.0015160336572748
-0.5432300900189038,-0.7904143193323271,-0.12028794339082259,-0.38163231988052165,-0.6995742834096279,0.6971127805194985,-0.20175532998497706,-1.028837598581623,0.4222083427661446,-0.16006528993149727,-0.740413183068351,0.5349203632817459,-0.8476365341427539,-0.5835628391266721,1.6045303828442572,-0.7854204106930078,-0.3663659329963489,1.0112001256575225,0.06309171882799189,-0.10233985272228022,1.1057968006332914,-0.3341974724682444,-0.4349788844795126,1.80294091634957,-0.7025265175701931,0.2567589630948255,1.2504798669786126,-0.8574820161967687,0.5087455340546514,1.6119044547811112,-1.1063271483169026,0.2589681165119277,1.3559684966920598,-0.5602232124450022,0.4560014037858436,1.73686544545021,-0.24917223669673805,0.6391120747411871,0.7662390980211803,-0.4690486691687317,0.7015479718620362,0.5056115573375738,-0.5482463419559152,0.7536152738245491,0.6673658966584126,-0.24660624739597423,0.8198292694962223,0.9526042296090418
-0.5374658898147169,-0.7768009167441992,-0.12131780553027517,-0.39058661306138404,-0.7028621481205782,0.6985020232046891,-0.20042638609645944,-1.0352685276249514,0.43345879892526085,-0.15188721246511272,-0.7466075466775226,0.5450028042509903,-0.8517041561862893,-0.5616286183628086,1.574669274702434,-0.7854010251781809,-0.35405108508834676,1.010536325276839,0.06493115722783688,-0.10167699686400082,1.1035490534836325,-0.3390109778273173,-0.427721174984894,1.8110715245621463,-0.7066238166130732,0.2541890738922387,1.2214462903810344,-0.8694531809974486,0.5141525417190118,1.5996041337448812,-1.1125163980343784,0.2597292843854473,1.3506886169232204,-0.5559928414261804,0.45740628078469353,1.732655280139025,-0.2477526719158363,0.6235026385579331,0.7395729444345326,-0.46990043990886643,0.6867846779132689,0.49009842867994696,-0.5636018179924499,0.7574668318985974,0.6530027218930998,-0.23810250948323278,0.8271964692370541,0.9474506133997902
-0.5373988413286537,-0.7382262412711934,-0.11584154578880554,-0.4006382112007296,-0.6931324400333287,0.6951674162574444,-0.20419701272569768,-1.0421884596514346,0.44074767381106184,-0.1608088917962696,-0.754923660032214,0.5645934984207454,-0.8538207953457086,-0.5326369241001374,1.5069151385465451,-0.8097247245222956,-0.3405327847423097,0.9858812924450284,0.0535676734739368,-0.08824176453335823,1.1037675815847265,-0.35187930215022195,-0.41384225876804687,1.8357442512761784,-0.7035186314857321,0.25725932703570065,1.1159483867817674,-0.8754002933204876,0.5053913889220182,1.5458626593114844,-1.1322782082626544,0.27236588489084307,1.3415619906383902,-0.5634848202520911,0.4727322474643879,1.7312103175803772,-0.2515221805699106,0.5765367562363929,0.6582417931509958,-0.4758209322857752,0.6663096482567238,0.46248393821562894,-0.5724470597207003,0.7511943308906468,0.6352638266503703,-0.25441195511205905,0.8244422652737684,0.9501174131772834
-0.5330017210701979,-0.7366229535188553,-0.11836604724344267,-0.39890096783649637,-0.6769811404704678,0.6864145339648249,-0.20251240691795735,-1.032123395202328,0.437859232214926,-0.15860993061510104,-0.749645154055155,0.5692261142636341,-0.8468075032309743,-0.5204188044772978,1.462896905366675,-0.8094209446091203,-0.3300116468651159,0.967344459561722,0.04453874153889537,-0.08756016444493857,1.1004126005051134,-0.350469597599107,-0.41133653499770956,1.8316242157780382,-0.6975256063211724,0.25650768618915304,1.0702209564523175,-0.8721949880435331,0.5012818038633821,1.5145928990458846,-1.1235425445693237,0.2661461474049203,1.3209190600733807,-0.5555522107814852,0.471814654787636,1.715368137991927,-0.25236300350184243,0.549362738671095,0.6247494420605322,-0.46534170728890484,0.6508510745786069,0.44260264655167625,-0.5581884461248982,0.7419303293580264,0.6261282713243155,-0.2421872756687923,0.8145305822831689,0.9252594797934542
-0.5330017210701979,-0.7366229535188553,-0.11836604724344267,-0.39890096783649637,-0.6769811404704678,0.6864145339648249,-0.20251240691795735,-1.032123395202328,0.437859232214926,-0.15860993061510104,-0.749645154055155,0.5692261142636341,-0.8468075032309743,-0.5204188044772978,1.462896905366675,-0.8094209446091203,-0.3300116468651159,0.967344459561722,0.04453874153889537,-0.08756016444493857,1.1004126005051134,-0.350469597599107,-0.41133653499770956,1.8316242157780382,-0.6975256063211724,0.25650768618915304,1.0702209564523175,-0.8721949880435331,0.5012818038633821,1.5145928990458846,-1.1235425445693237,0.2661461474049203,1.3209190600733807,-0.5555522107814852,0.471814654787636,1.715368137991927,-0.25236300350184243,0.549362738671095,0.6247494420605322,-0.46534170728890484,0.6508510745786069,0.44260264655167625,-0.5581884461248982,0.7419303293580264,0.6261282713243155,-0.2421872756687923,0.8145305822831689,0.9252594797934542
-0.521604708592616,-0.6887819453946707,-0.11312902072175633,-0.382754217247002,-0.6638486412404269,0.6506556296440007,-0.20897838060079943,-1.012387388108143,0.41774941462680787,-0.16303537520757566,-0.7450892644354198,0.555686694021528,-0.8315601532484311,-0.508928535052902,1.3934139840515787,-0.8000531430292492,-0.3175200888746626,0.9335000870246822,0.03894191193826299,-0.086810425486499,1.0752213373457058,-0.3431808629965998,-0.41582827168069747,1.8017789053626325,-0.6970713147388462,0.23865473677890206,1.0220960258745608,-0.8690830579523066,0.4906478165733052,1.4646407537556214,-1.1106970542967287,0.258949282040271,1.3078564726263069,-0.5661100471902983,0.4634165718391512,1.705841066875736,-0.24098552219229394,0.5268827100085616,0.5863538771291095,-0.4599579824655248,0.6267235410731669,0.4114218714258256,-0.5602884229631278,0.7295267157653382,0.6120723110771037,-0.2481329861978552,0.8112565468497464,0.913153095413088
-0.4994777632525851,-0.6540477627736758,-0.10794435848720432,-0.3794772811833556,-0.6440033049536029,0.6155462934988432,-0.20816750408728704,-0.9790065703065298,0.37852413209237495,-0.15266250848377838,-0.7307098240730685,0.5043403632289343,-0.8076364308004856,-0.49835969995809093,1.3210199766494737,-0.804563301312314,-0.3174364925828392,0.881808931464888,0.03988091797788102,-0.09151815032789942,1.016729188064785,-0.34424317178031366,-0.439325532373866,1.7730966166389939,-0.6867086032999394,0.22763365254069376,0.9689776467999864,-0.8658390497120749,0.45672446250745785,1.4155252314793458,-1.0820894687741698,0.23167920978063397,1.2720106959653534,-0.5734160450670064,0.42010368601880144,1.7162001169867875,-0.23745384419488902,0.4998857185039796,0.5498996475330666,-0.45718756820541234,0.6028374535795666,0.3955710399345408,-0.5569220272310275,0.7179114391690635,0.6139501234097906,-0.24633786263348498,0.8032398999179892,0.9380230643843503
-0.4860772878767278,-0.6417893889598937,-0.10083899059447031,-0.36912276012735107,-0.6319473458375717,0.5898021456936832,-0.20710766781117515,-0.9596907495594351,0.35504332199465305,-0.14689088028769828,-0.7258461793516707,0.4858308815452974,-0.7978960176344719,-0.49659635042091677,1.297164665017473,-0.7903533279043193,-0.3150352897421659,0.8712203041047005,0.036104149168299446,-0.09296819589071784,1.0010641497507617,-0.3426574827187224,-0.45371960807088885,1.7583775058374762,-0.6811610173623878,0.21163064694965975,0.9719944908560435,-0.8551260132062641,0.4499178016513662,1.400696332210265,-1.06158418860845,0.2237976360518332,1.2627576220292043,-0.5724744813672333,0.41993927379781765,1.7110010043506756,-0.2275544670831455,0.5000239632348605,0.5511480382448499,-0.44953616029342985,0.6024374081191974,0.39400717284311815,-0.5508046799310106,0.7021853413121857,0.6050593212510935,-0.2447676754625175,0.7988732400768934,0.9364959556280122
-0.4675592218806973,-0.638517111192457,-0.09113631140538694,-0.3592076222832425,-0.6163394723599948,0.5677798430844179,-0.19670395240368424,-0.9294580969645979,0.33012358775556083,-0.13406737189688145,-0.7063510417175342,0.42744105429738577,-0.7818586403632651,-0.5175659779332341,1.3165472670961844,-0.7613223726941553,-0.33222730411889806,0.8453324113697601,0.0297584121576282,-0.11112226829757067,0.9724087637185601,-0.3282954395990468,-0.45116855455599747,1.678425417187665,-0.6790417538224599,0.20108547848439765,1.0110324162648783,-0.8205770076788984,0.4210316470509339,1.3924976357455572,-1.0182568544961739,0.20632254942584297,1.2460792224303556,-0.5573461939346224,0.3850135477892477,1.675712023219279,-0.23111602905791342,0.5111496139342375,0.5833106344013228,-0.4331111497256438,0.5988123063608817,0.4099582946262134,-0.5202070702465897,0.6883906865624527,0.6028027525696629,-0.24123896342794957,0.7723778484973959,0.9162758431078348
-0.4603255658647802,-0.6232810680821326,-0.07542643032970286,-0.33833793031422027,-0.6058509408365692,0.5430891334086619,-0.19856811008185646,-0.9011885009767759,0.31451330343789186,-0.14044028703577066,-0.6799779203832574,0.39999441800959235,-0.7702166659969273,-0.5225540552387534,1.2929125886642607,-0.7367633686601923,-0.33985672745756484,0.8247804437231161,0.014199559566214093,-0.12418847630834344,0.9475156703498038,-0.31789677169189645,-0.4473430372960768,1.5955479571326485,-0.666511732711816,0.18873638376011914,1.0557375744394122,-0.8039200841468496,0.40354927221737696,1.3745688069255657,-0.9698487148845475,0.18704101543620033,1.218172983866409,-0.5376643069541187,0.3625140926858089,1.6372962542580949,-0.21870033428462984,0.5269293265346836,0.6122540005152286,-0.42910574818635205,0.5940934577139987,0.3989918412467248,-0.5098239816934563,0.6754489641498033,0.5915403099960236,-0.23193549390347892,0.7556590355017487,0.8826879690961884
-0.4474807671645512,-0.5966919726044728,-0.07565350513211151,-0.3376464895037376,-0.5984287200157169,0.5237254946468651,-0.20047459518310778,-0.8619568655324902,0.296121484929177,-0.1366915269241044,-0.6651134901230272,0.37151104827086107,-0.7556550072290132,-0.5129436419665157,1.2436664337871972,-0.7376124116484574,-0.32650834500176473,0.7974997075536617,0.009108821849528105,-0.12839792371678932,0.9148751603260673,-0.3133267751845948,-0.43923388320635026,1.5488470681599018,-0.6644817161266963,0.17542149549453442,1.0204247798399069,-0.7917355541887118,0.390414090937403,1.3348127730512054,-0.9459731790457567,0.1762427016789626,1.1953392318560785,-0.5353487510764421,0.34716863447539986,1.61175471730452,-0.21531153393463268,0.5014012418379153,0.5723624509774948,-0.4119902515381117,0.5813521156081116,0.38603109706003325,-0.497950310857359,0.6597838778262342,0.5740984381031039,-0.22658926400440274,0.7397287273354166,0.8646364895893788
-0.42873047049809937,-0.5695769528381528,-0.07106871352080474,-0.3348382493330714,-0.5876042498541018,0.5051286366543591,-0.19501939164238358,-0.8461166780410179,0.28181903025107136,-0.13386002485718515,-0.6637011456689577,0.35248395396695587,-0.7402068195830297,-0.49334009686884805,1.1787366599094857,-0.7407706660187104,-0.32196960682867437,0.7535222260845633,0.0010569730900943757,-0.1306075778378851,0.8928849077530334,-0.3133358990788329,-0.449305786201491,1.5272845197464275,-0.6553741324724136,0.16668253328935678,0.9634375803494453,-0.7901092147699484,0.3720807379336219,1.2777135845447352,-0.9315167091072333,0.1698243997100696,1.1600942449146525,-0.5491404142118572,0.33502187035313175,1.5909902001368184,-0.2089102322597178,0.4746038885181468,0.5209474064090093,-0.40759210887810554,0.5528308066940771,0.35121938193106367,-0.49495034710499997,0.6421693129314434,0.5587715526211305,-0.2341821751113169,0.7334238901498971,0.8517266476174067
-0.42874688831472824,-0.5682995912314693,-0.06631744496521341,-0.33197856179538504,-0.5827907239422355,0.5007521563251905,-0.19898725112383367,-0.8408484358177973,0.2748552149107254,-0.12722476510741745,-0.6533326659072187,0.348071807333261,-0.7423436776173937,-0.4953471564623604,1.1864539135312877,-0.735536362401329,-0.3244410020950099,0.7472422638119965,-0.006809020569238405,-0.1308207840148695,0.8809264898519461,-0.3139706928463392,-0.44716087147315237,1.511424485255946,-0.6465851892590009,0.17044541835639404,0.96482096558221,-0.7785912236265701,0.369243862828937,1.2722354155368645,-0.9210970432281084,0.16403332931290285,1.14604334824919,-0.5392055544197166,0.33038489186665204,1.5822889560223645,-0.21597237140226683,0.47434994741747283,0.5362445511753628,-0.4104853508486043,0.5426376659060751,0.34869652456128114,-0.4815322590844731,0.6326544986308111,0.539903840912711,-0.23414274958010106,0.7248189762746858,0.8467591696893328
-0.4291155001020972,-0.5910423109778368,-0.05754298104527376,-0.335640342334092,-0.5822587013722212,0.5118982960771149,-0.1898270924314832,-0.8198728419363415,0.2699033002784127,-0.12100406436863319,-0.6265267927003586,0.3111730138222597,-0.7439456996916536,-0.5155543752660963,1.2440079160278217,-0.7126793257515942,-0.3258754038010802,0.7698732116678473,-0.018429161900115516,-0.14291389294026396,0.8760141663857215,-0.2986662186606166,-0.4376065225088654,1.4276994692823177,-0.6417822239671536,0.165208438856688,1.0383774006256994,-0.761177361621637,0.37091756069672405,1.2954777413145164,-0.8867383934569026,0.1578752202516287,1.1267676581951516,-0.5150596453933988,0.31997258826133346,1.5216133484304213,-0.202451923820742,0.4943925440273155,0.5689554044895502,-0.3745159031771304,0.5557365588419646,0.3561644447082171,-0.46792212278521683,0.6184217633637816,0.5222649499555079,-0.2235596707084236,0.6979823225118471,0.7834247324577727
-0.4268694336678525,-0.5886585964965659,-0.05696358968114066,-0.330249314902996,-0.5725198765414269,0.505515427770615,-0.1949247305138235,-0.8086441409407089,0.26523599312172663,-0.12413634410906246,-0.6232281614345176,0.31005965207936864,-0.7441960173842685,-0.5142290732837899,1.2471236389279492,-0.7116373488789546,-0.32312045093483455,0.7616500087884535,-0.018226285637081667,-0.14684052184079724,0.870240779614315,-0.29523345016393976,-0.4261082951369807,1.4059023390815162,-0.6358481014813249,0.17150453301028518,1.041698994626815,-0.7542188951869389,0.3744095129175894,1.2879026328874756,-0.8732076810838455,0.16185843413839032,1.1234368887619626,-0.5123843942976346,0.3137525403950655,1.4957842629343232,-0.1947344389903779,0.49886640663208126,0.567415689831446,-0.38088051086431635,0.5500800003050684,0.34838240105311646,-0.4518540613860791,0.6127755461302664,0.5085026983374493,-0.22244084933672176,0.6876815439050388,0.755877365173536
-0.42234498648484997,-0.5635964824513393,-0.06185213761571089,-0.3363460256965561,-0.5666023782752349,0.4883872994351751,-0.1906508803793986,-0.7983106541469935,0.2611854753479114,-0.12167045770465035,-0.6181495219105603,0.3031333024923754,-0.732259055679969,-0.5008799750972783,1.188141217626374,-0.7111566810179204,-0.3076875225707237,0.754038602551292,-0.03327380076586097,-0.1399943016897641,0.8562476049792327,-0.2940215412445509,-0.4110042294087187,1.375674689031575,-0.6364841239606283,0.17018687598874294,0.9872994442181902,-0.7557481664693719,0.3607805910152813,1.2556161210765187,-0.8642873308104264,0.16130515185749458,1.0992514345659765,-0.506689076104305,0.31085204298049895,1.4631015569921708,-0.20160066604532675,0.4775384685871243,0.5252815112872304,-0.38127109157303557,0.5336713700180462,0.3248278524156361,-0.44901759845072786,0.599211292325312,0.501221250359328,-0.2235746547436696,0.6771807064562687,0.7412058125212352
-0.42234498648484997,-0.5635964824513393,-0.06185213761571089,-0.3363460256965561,-0.5666023782752349,0.4883872994351751,-0.1906508803793986,-0.7983106541469935,0.2611854753479114,-0.12167045770465035,-0.6181495219105603,0.3031333024923754,-0.732259055679969,-0.5008799750972783,1.188141217626374,-0.7111566810179204,-0.3076875225707237,0.754038602551292,-0.03327380076586097,-0.1399943016897641,0.8562476049792327,-0.2940215412445509,-0.4110042294087187,1.375674689031575,-0.6364841239606283,0.17018687598874294,0.9872994442181902,-0.7557481664693719,0.3607805910152813,1.2556161210765187,-0.8642873308104264,0.16130515185749458,1.0992514345659765,-0.506689076104305,0.31085204298049895,1.4631015569921708,-0.20160066604532675,0.4775384685871243,0.5252815112872304,-0.38127109157303557,0.5336713700180462,0.3248278524156361,-0.44901759845072786,0.599211292325312,0.501221250359328,-0.2235746547436696,0.6771807064562687,0.7412058125212352
-0.4159654461695496,-0.5360045796252897,-0.0540321902770227,-0.32501096417920006,-0.5506648866669981,0.47078735811536226,-0.19403631617568362,-0.7776690583653535,0.2529616254831568,-0.12259175256200197,-0.6012180566117836,0.29485963684721267,-0.7295976285717012,-0.46620230500070403,1.135011567872218,-0.7130213821426711,-0.295463444545236,0.7136863504606525,-0.043735797965526846,-0.13582647716661617,0.8289061588548085,-0.29873677832232737,-0.4058327372886925,1.3622790372853049,-0.6339722544991033,0.15760550480671037,0.9246278129853903,-0.7531629290872889,0.34990628480005,1.2007478310835273,-0.8541978352980495,0.1556295093755961,1.0704958031489065,-0.5070315753246736,0.303143934433191,1.4442420314337514,-0.20405314871476,0.4519442778402033,0.4846039610174624,-0.36624438278198806,0.50615377792199,0.29188781563773264,-0.44953584216337283,0.5858677708079112,0.4787450683675747,-0.22164915763340373,0.6706810515179351,0.7321508749737473
-0.41644258373496695,-0.5417190178942246,-0.0557488572582603,-0.3225518663716882,-0.5440168615308618,0.4695238651884476,-0.19521678901568087,-0.7603502862213093,0.24144376853427418,-0.11624890653473598,-0.587563107427704,0.2816222487399967,-0.7209239220054199,-0.4692337162538375,1.1324155859846965,-0.6988756268890434,-0.2929615414295935,0.7034705928401918,-0.052778905944448506,-0.14108208293649788,0.8137148744301854,-0.2924897924268959,-0.3952706431166177,1.3107430392588433,-0.6287344854005135,0.1647511747293614,0.9135430166315482,-0.7436329255221975,0.3449588094035931,1.177056993784625,-0.834676046956506,0.14728897388634687,1.0500098157089883,-0.5028500358334912,0.2964403682370773,1.3997904512151318,-0.19362899790578955,0.43488932051109463,0.47035843534175475,-0.36256245856298963,0.491207795163757,0.2841428788664326,-0.4291829610307519,0.5648489507632587,0.46036530401812864,-0.2267430327894269,0.6462371607687795,0.6927351853274486
-0.41779440353618486,-0.53294725296107,-0.050785024522948315,-0.32361620602361457,-0.540989631084522,0.4621237990190726,-0.19132730940092021,-0.7483698860044312,0.24119854770918184,-0.11630111121975678,-0.5774919571811491,0.2692716240363671,-0.7222708582883434,-0.46493298928870874,1.1258978049503194,-0.69619649043433,-0.2851131772908238,0.7098025278583184,-0.06115107034956966,-0.13917437550177778,0.813819946171355,-0.2847100008267186,-0.386860993016097,1.2852799330422078,-0.619782101823359,0.16742469502339272,0.9083466529804956,-0.7404991026420116,0.35148398313432944,1.171180009038992,-0.8271387133771015,0.15410184040333386,1.0351727254656502,-0.48852631229943816,0.29842898275613233,1.3671383573502793,-0.19760291659611612,0.4377545252368013,0.46813370619513406,-0.3550192244665349,0.4908604150451012,0.2818992307922977,-0.42368442775746107,0.5608868962883844,0.4446630828530422,-0.21885813075865534,0.6366470464923365,0.660174505098134
-0.4129977278109055,-0.5256249515481197,-0.05393369582624343,-0.32205345942385283,-0.5357297175731285,0.46720752988245373,-0.18862642899451407,-0.7497359467830929,0.24346215812709066,-0.12162455913955275,-0.5810013663687706,0.27349029278094117,-0.71953618975537,-0.4584635450450435,1.1082958993804386,-0.6998526656459209,-0.27802784841850964,0.707911897796986,-0.06878198803385989,-0.1335343401542095,0.8127418859169445,-0.28903766615314364,-0.3860003822880155,1.2927419302107208,-0.6179003356405148,0.17051842405873058,0.8843583282169639,-0.7403716587065923,0.3522418472425838,1.1576655394370372,-0.8293808792363055,0.15606653792290823,1.0306145822825186,-0.48707907557647956,0.29834581132874344,1.368619190704782,-0.20066435880926367,0.4235151609195252,0.44941962701481974,-0.3545198532868669,0.4818423803648605,0.26817960688922415,-0.42159003539074513,0.5567782029092498,0.43585549530311196,-0.2172735455508292,0.638047312170123,0.6616289138215257
-0.3986283445539912,-0.49817553127776204,-0.04779004417707118,-0.32080587900971935,-0.5310732782917194,0.4587800769629843,-0.1904413944145861,-0.7460324959760121,0.24282049749295487,-0.11840537069436387,-0.5807358962858544,0.2838353037234331,-0.7064410300055572,-0.44357797345539346,1.0606365060720555,-0.7082815422089235,-0.27518236762693626,0.6808844452264129,-0.06821179890877573,-0.1292024229292848,0.8028664589678963,-0.2881162487894261,-0.3859314169148907,1.3016326550596053,-0.6088866607544907,0.16027516816954973,0.8359105750620178,-0.7444827966895878,0.3430095185317225,1.1283678906424044,-0.8359740982509312,0.15846854826379728,1.023605383254688,-0.49892032787818763,0.30313683578703104,1.3785805319485869,-0.20208034500541183,0.4022326052577759,0.4190508206305537,-0.3475314916330812,0.4622262101326994,0.2509601664307255,-0.4206783902692251,0.5490882871834477,0.4350162812995223,-0.2260613269034047,0.637692414088292,0.6750316532094135
-0.4011368976591095,-0.505659200067238,-0.053590430138944815,-0.32451216019841006,-0.5244736772221761,0.45571283493027415,-0.18657807113795077,-0.744842071476563,0.24404974965853382,-0.11171153588770259,-0.579046626496371,0.27095506772046796,-0.70974656381455,-0.4445435676717116,1.0598184239330133,-0.6992538974483787,-0.27348197574803,0.6804407152035351,-0.06629739637157472,-0.13237934790518255,0.7977540942638881,-0.29066446305681753,-0.38242998074544776,1.2989941859727474,-0.6100024419689082,0.15397684455376914,0.8357469531460212,-0.7366821424165176,0.3385060407392946,1.124362522893968,-0.8333529730798459,0.1532495290068226,1.0193084089556057,-0.49286516158417676,0.29718841395223417,1.3819650459438348,-0.19316128511911504,0.39661335133003917,0.40879488904539446,-0.33949048229308393,0.4574620999171363,0.24797793916978425,-0.42276502143039985,0.5541511910698854,0.432506112405368,-0.22594725752413514,0.6379771243567428,0.6727724297932821
-0.3986038679176171,-0.49944363410315473,-0.052550391839447916,-0.31689836537570676,-0.5215195272039348,0.44724288158443176,-0.1877019320016477,-0.738306366272643,0.23400478001089378,-0.11586020028542673,-0.5775275104834565,0.26637076922182046,-0.7011685053359706,-0.4442350110010885,1.0581486355227172,-0.7023927704047265,-0.27267210513737444,0.6699334753216847,-0.07272428215484451,-0.13343249891807699,0.795747001659502,-0.28607757855346094,-0.39327909266182987,1.2860855700393743,-0.6094805634061612,0.15709303783465678,0.8363604588296195,-0.7381605105622693,0.33736050119763955,1.1171041036432747,-0.8175035060191619,0.14704814058623167,1.0059271700410912,-0.49341324782479595,0.29321034813217545,1.3648165358122601,-0.1851787325609938,0.40083440116181146,0.4242457233650944,-0.3439844851394779,0.4561768736208325,0.248373139465678,-0.41141944970740857,0.5429081216946474,0.4221177038779095,-0.21782099111417785,0.6308194811305039,0.6700818887631532
-0.3974589556938828,-0.48584940947903116,-0.05039992590005361,-0.3154022485720475,-0.5152422907879596,0.4371925442823375,-0.19517114993956144,-0.7212670949562104,0.23004575344200412,-0.11674407117148461,-0.5690850565422518,0.2598640630699885,-0.6977885411705597,-0.4365568094256226,1.031780112253212,-0.6892039330275814,-0.2697929076924599,0.6633060689966815,-0.07866870771970316,-0.12977963254570576,0.7908870045889385,-0.292402277651093,-0.38453486895832906,1.278935635693238,-0.6077166075669559,0.15068486793652852,0.8142762766283581,-0.7246132723896717,0.32586988959802893,1.0975552972592681,-0.8119577801866426,0.14875647940029932,1.0007190058983921,-0.4976929142321755,0.28973216361948817,1.3593041952927867,-0.1879002875524196,0.3880980395688608,0.39990532928260286,-0.3315317176267849,0.44978809192536856,0.2459197130347424,-0.40960107723275446,0.5355449229243067,0.4162276270147526,-0.2171653177308059,0.6265717921564695,0.6547923863456394
-0.3788753526270911,-0.4759395712153247,-0.0401226546861075,-0.3143832358510433,-0.5088027425514628,0.43067261335774987,-0.1963384033866201,-0.7146879516045449,0.22001556087948732,-0.11528055684442247,-0.5673204690119843,0.2603983902783437,-0.6910971073131438,-0.4189932857467245,1.0037748724854116,-0.6984869034897688,-0.2563886696458964,0.6506714087277252,-0.07919995599512679,-0.13312833405782692,0.7752613586201851,-0.28893495308614126,-0.3834044759139036,1.2612935512474894,-0.6036315937627826,0.15298902085852933,0.7787148160002312,-0.7213274108838349,0.3237737159686291,1.0783523800985904,-0.7984764998841394,0.14333291802973017,0.9806408565123679,-0.4978967850220805,0.2840119820288132,1.349632406350485,-0.180112521398961,0.3810802113699088,0.3797668005503328,-0.33605428345590155,0.4394021808417826,0.22716381925595486,-0.39959083490234004,0.5328500204106311,0.3973481042785807,-0.21704643873429544,0.6165883404043905,0.6484047741667874
-0.3898184773413584,-0.46691203280171917,-0.04953392512727764,-0.3139710059647213,-0.5072436935385252,0.42786772928694533,-0.18903562930654608,-0.7084053565539432,0.22352064475453398,-0.11733464156744801,-0.5639095551958336,0.26267470310785085,-0.6987857834208299,-0.41961935990794175,0.9923874447252304,-0.6965124211328361,-0.25514920431392474,0.6448473753444276,-0.08082312313590284,-0.13148891856451006,0.7720296391350903,-0.2926308412289562,-0.3841692239082151,1.2546466609960774,-0.5951853107772916,0.14412371194543835,0.7791236428261278,-0.7249007120441529,0.3229063835799772,1.0661457114438453,-0.8027530682427282,0.1437723980478732,0.9781937806427488,-0.49682983894875754,0.2875282677163221,1.3441332158052766,-0.19137360044323254,0.36969902308199043,0.3686756565590548,-0.3312648514611235,0.42886451408477017,0.2216365427299164,-0.4023930668408975,0.5242693049448065,0.3946070782740954,-0.21843887662276013,0.6083250556602207,0.6403003626809425
-0.3838471044541064,-0.46620112955674153,-0.04669433602939273,-0.31040415921895825,-0.49755702403676166,0.4187313779546462,-0.1921778079909539,-0.7004881536693265,0.2169671682553066,-0.11584331098341269,-0.5623154101851101,0.2525081062613994,-0.6859338666478372,-0.4201775214384522,0.9796287193491453,-0.6925512328365192,-0.2599926389800305,0.6328692997565525,-0.08509637382368544,-0.12917153467525913,0.7535913009313575,-0.29105478405311613,-0.38166951992950565,1.2492771310020565,-0.5959893762871754,0.14614660556392903,0.770136657167872,-0.717732559466873,0.31583275685403217,1.0515947968053867,-0.7925275562964985,0.13592997570291618,0.9690902797363422,-0.49529871828791666,0.2760982694584448,1.333320742564283,-0.18391203121548919,0.3696968731529638,0.36919415590208743,-0.3318368739228665,0.424416542916523,0.2174940555727188,-0.3915445761320614,0.5162092652380988,0.3843515407428966,-0.22005893940845986,0.5995069824610296,0.6367402499991851
-0.3734761655183388,-0.4580017999399418,-0.03608815270058467,-0.31596856938246926,-0.49609188667305026,0.41285578253018085,-0.18933084608915152,-0.6973433459467383,0.21365487330527294,-0.11220589716899067,-0.5605510160598903,0.24927649053358855,-0.6789735286219101,-0.4175939561813954,0.9769219528615596,-0.6952183957390661,-0.25241938988839,0.6355059092419146,-0.08257608926580771,-0.13455708706669675,0.7467184692014218,-0.28942788518663864,-0.38117000766920167,1.2428074501521515,-0.5873352752268328,0.1483267988505233,0.7710513902773878,-0.714336518793333,0.31303633424943333,1.045018258815235,-0.790135767224074,0.13772171264958202,0.9642882221850202,-0.4915319351488238,0.2739190931183963,1.3309831349023402,-0.1876259277404111,0.3653852556772654,0.3746825651081175,-0.3255293244019583,0.4285849655429323,0.21742249385525217,-0.398510373801753,0.5150933308976896,0.389360682265881,-0.21670332849800183,0.6056827767456998,0.6370781734144568
-0.3774748571463518,-0.4599274311035204,-0.041386272964594246,-0.30772845306561675,-0.49774608524632097,0.4146564061457843,-0.1860811628896288,-0.6961422468556332,0.20911652343168355,-0.11004168363713308,-0.545148770791105,0.24246002653377055,-0.67947251126128,-0.42021270038497793,0.9846161765734973,-0.6867990788565491,-0.2545582120923575,0.6330217938593862,-0.0862572777958476,-0.1398957406329953,0.7538216356307655,-0.2848041301091108,-0.37781045159832016,1.2292332288185213,-0.5899515900434231,0.14600866641279825,0.7806597355606982,-0.702946175106498,0.30660501975890325,1.0466494961599038,-0.775161293271951,0.13457429887040798,0.9614759422337523,-0.4834552638586729,0.28227227983273007,1.3154898632237206,-0.17677231142591124,0.3725490090196942,0.37049215472533903,-0.3202303782678217,0.42992063636237077,0.22146294447376733,-0.375758862172786,0.5054979620683773,0.38117978912005446,-0.2216513976065786,0.5966304113973545,0.6348728857848382
-0.3755416121552418,-0.4598912092619545,-0.03914534155005648,-0.30492949234907796,-0.4928912721170752,0.4104171196553163,-0.18133066461886332,-0.6906590672832426,0.2117951019129857,-0.10583955182435897,-0.5470094367407147,0.22567812255404807,-0.6736613819948418,-0.41816346957351597,0.9744032970862835,-0.6778895584478104,-0.25688468710160883,0.6286208987345926,-0.08921716675709736,-0.13724946411945568,0.7331826727999149,-0.2797607658045383,-0.3762018426577165,1.2061947722312722,-0.5876037326861466,0.14946678325401333,0.7789096955908724,-0.7029229252994075,0.31286707707649963,1.0463773420733005,-0.7663952124015859,0.1340082643146424,0.9498405946534955,-0.48022258141621565,0.2760990947662547,1.2957780694848642,-0.17540657656851139,0.3725089756586372,0.3776183660497233,-0.3137871736817867,0.42094103192764964,0.22435039516352348,-0.3823851563560225,0.5060618763819734,0.3837077802063561,-0.2176446331080002,0.5838238473520224,0.614582596097799
-0.35466792650542095,-0.4470425583484958,-0.034577123985852685,-0.30300516538765276,-0.4901193976086972,0.3965732310584725,-0.1901497849095035,-0.6716180069221991,0.20475741195775254,-0.10953195010504757,-0.5316372579036273,0.22586826706712876,-0.6640829348962634,-0.40572098531810974,0.9332297842777021,-0.6763688123771459,-0.25506169419408103,0.6099074308473671,-0.09832389241542447,-0.13414564567650417,0.732567658294421,-0.2812354193336587,-0.37405388327079414,1.179842230374596,-0.5812081453406654,0.1385048751811435,0.753225226885298,-0.7045227247274669,0.3021270374670868,1.0137228723327385,-0.7572444301095057,0.12676197762182895,0.9351358405651367,-0.4803832732863999,0.2701719391049537,1.275902672077626,-0.17369434382324894,0.35550386919502863,0.34964726920768663,-0.3120964335803652,0.4074211989766109,0.20779694875328725,-0.37633274288595847,0.49613148766478943,0.36672418354437336,-0.21214089092356386,0.5765627397796124,0.599254230199218
-0.36097717420936754,-0.4281920042553033,-0.03848660396971063,-0.30056912809951897,-0.480058996401322,0.3957326300469417,-0.18766402632124482,-0.6620994962331052,0.19843281288330386,-0.10972692287690645,-0.5317775534513349,0.21658878695401151,-0.66050680101095,-0.38835984434877346,0.9032152846654196,-0.6816030490262536,-0.2436180848061043,0.5954725428436993,-0.09700647826596163,-0.13440665611575203,0.720321826650552,-0.2792647018275163,-0.37132361166846417,1.1661164754474866,-0.5849039296132975,0.1309157775436256,0.7099567709961968,-0.7061743593096086,0.2972751208349065,0.9875613872536829,-0.7618532592916275,0.1304396395213486,0.9286135672001348,-0.4873166563010895,0.26883839013422883,1.276135690526604,-0.17054152048800067,0.33847256973994894,0.32778803203333806,-0.3067638533114821,0.3908931969857684,0.19449205953666082,-0.37531780344451054,0.4933224090497145,0.36254906780801355,-0.22202503343333152,0.576166794027509,0.601050619864143
-0.3546640741614116,-0.4233828933356072,-0.03736426001652093,-0.29894137334656445,-0.47379108851654295,0.38454578262818717,-0.18701039380809317,-0.6555726320702319,0.1984969929637597,-0.10389649732707186,-0.531572094508309,0.22043748389303305,-0.6578059653034795,-0.3887086782757297,0.8899196727719676,-0.6769549065581238,-0.24262199237769191,0.587238071080642,-0.1058365466672285,-0.12794712972740702,0.7166566168831494,-0.28339692731066357,-0.37635672427633665,1.1678694470740096,-0.5688156583813506,0.13533282406622887,0.7064636036852784,-0.6933679389082319,0.2898767211211909,0.9771825853196618,-0.7545588271282768,0.12065639707113111,0.9121831737722002,-0.4790212159262934,0.26081311975472266,1.2763920225834573,-0.17165201547983916,0.3342228430220781,0.32316415031430984,-0.3109203327528771,0.39235174868882866,0.18620368746028623,-0.37790477031568964,0.48955843752532774,0.35644693415538475,-0.21218093717025466,0.5808809981754837,0.6016380906156733
-0.34815162848275216,-0.41363069292657756,-0.030034997766281907,-0.29606917540703215,-0.4672558439360397,0.3799063832634067,-0.18500877068514282,-0.6397867035816752,0.19050463248397587,-0.09851215296656204,-0.5229171563571186,0.2150359779881687,-0.6536177018552698,-0.38430749215760396,0.8786270035605708,-0.6763930715351463,-0.23223912615157902,0.5809977991409733,-0.10902275474958097,-0.12838873619204622,0.7020328412361015,-0.2787897339898113,-0.35901804124321973,1.1587070992499038,-0.5670799025817477,0.13822967482011025,0.6852288931309671,-0.6939084292467084,0.28766855946365877,0.9596878252339015,-0.757865617458577,0.12883834742453398,0.9020688618052752,-0.47362358164453444,0.2599964128283953,1.2549090815765258,-0.17408154647355203,0.3300095747903135,0.3112681861293304,-0.3090631831574799,0.3834285191263666,0.18246413673332537,-0.36697005649682113,0.48237656433813136,0.3550920675960202,-0.2186228252775469,0.5647976649982045,0.5941128667249748
-0.34777781876291114,-0.40667557111072705,-0.02397545386264753,-0.3032132583629722,-0.46866360472886703,0.38546368714586904,-0.18228396523135004,-0.6495999930739667,0.19007530177506649,-0.11136484053589887,-0.5198061832876991,0.21448438441851092,-0.6491837115907212,-0.3794503627490308,0.8640170179629953,-0.6744688422185691,-0.23300394101912864,0.5731719208176761,-0.10625785143985067,-0.12995402721568022,0.701132574016419,-0.2825489048931148,-0.3617637340435449,1.1520043630409225,-0.5628682937845799,0.1391219691543445,0.6736903829618983,-0.6889548401574567,0.28951660903394794,0.953433436141529,-0.7505253078826865,0.1272099256632286,0.9010841431247607,-0.47708345031846944,0.2621165149682947,1.2554438140101882,-0.17121005078493895,0.32289666334572453,0.3063481689964331,-0.30816004274315656,0.3760538459233454,0.18150131736599873,-0.37368369085521413,0.47745329310554674,0.3501322580713612,-0.2181011075411189,0.5689958524244464,0.5846938704949342
-0.3441486444082392,-0.4130062240147337,-0.029743958936683895,-0.2974953981050236,-0.4589730330993408,0.37589265257707116,-0.1858204013561728,-0.6396762697816712,0.1847829603633591,-0.10841219643921231,-0.5094103640721801,0.21425543663893706,-0.6452168795395413,-0.3754091193912408,0.8560234511456932,-0.6716440029242303,-0.22800956116960572,0.5681539445989238,-0.1136430903977817,-0.1277278360726727,0.6939217673234636,-0.28126178821501924,-0.35949004936216217,1.1538115357153687,-0.5630820726423348,0.13021601349904205,0.6548927323008319,-0.6914281532929406,0.28413123256991973,0.9369773709989093,-0.7496572344174723,0.12673431820430903,0.8918495267013433,-0.4862102025485582,0.26433084149306285,1.2390811065609653,-0.16738322091992114,0.3158164498296059,0.2875160900509629,-0.2931904057182895,0.3710794956547425,0.17610296335337314,-0.3692183722619227,0.4749189352877601,0.33797097436786216,-0.21841142661513535,0.5608949910904562,0.588326993651948
-0.33856505776741813,-0.4121655761886853,-0.015617224657334526,-0.2969334344063287,-0.45745060989048064,0.3719208600465875,-0.1831256079048851,-0.6308697180841359,0.19083469611624293,-0.09934283793108775,-0.5077111372346506,0.19654646915867263,-0.644923491564879,-0.38731963088989274,0.8780744496195202,-0.6627146228171621,-0.22956767462995964,0.5719692539337233,-0.11188332910895082,-0.1329431210772446,0.6920127632451938,-0.27442841223541936,-0.35733618683266805,1.1217726069248821,-0.5651351643515534,0.12998607410012614,0.6878757451480849,-0.679604725738888,0.28368023357773686,0.9433539221888045,-0.7278173915143753,0.1206581986811465,0.886780794604022,-0.4728042946148041,0.2611257344135386,1.220412214336671,-0.1726466639246657,0.32006941955742313,0.30473902950816956,-0.2902297519887298,0.37106881993884705,0.18064296327143328,-0.36469874053576085,0.46834755692793895,0.33814862729308154,-0.21602163543120223,0.5494896722924769,0.5685836626942024
-0.34235755115829564,-0.41204179643826977,-0.02087994142304926,-0.2917511383873822,-0.46561291326640275,0.3795948492188455,-0.17791197117629884,-0.6253900181420713,0.19210944315505685,-0.09432555731307293,-0.4938657433806746,0.19280433820039888,-0.6452409765037451,-0.3878796167862651,0.8824854281846429,-0.6620347432097498,-0.2310687854721364,0.57551646147407,-0.11322300093801867,-0.13536369441176463,0.6944143039287329,-0.26936141857769397,-0.35376389719643136,1.0997494141912305,-0.5674704126295593,0.13225958858448142,0.704217473533942,-0.678707003533318,0.2843957987038405,0.959486561516704,-0.72950032221905,0.12407640266229736,0.8815670976741564,-0.46362689586168887,0.25273994593918514,1.2055455041849068,-0.17003725516889484,0.32285847316995314,0.31575965237788994,-0.29081789835187627,0.3740362296379377,0.1818559552474674,-0.3533932967062914,0.4723707234570022,0.32944069422446187,-0.2171048381226578,0.5478388075252127,0.556470578451067
-0.334450096212082,-0.40830200823475415,-0.010871633814757219,-0.2893121031077281,-0.46403146505013043,0.37745595070556265,-0.17536606583638456,-0.6264109300634696,0.18456260618509826,-0.09900252078512535,-0.4972860682918013,0.20303129890229699,-0.648419370367091,-0.38505591601892697,0.8782855887823177,-0.6634939387389596,-0.23129414502992401,0.5730001387350696,-0.1186272116663835,-0.12896920037186804,0.6932177214277206,-0.2679270304896133,-0.3455012585820629,1.1015846292372968,-0.5562653316886631,0.1365883581412937,0.6974894487758694,-0.6882289968309426,0.28651828753217184,0.9506836043459637,-0.7264485378793546,0.12398211414052626,0.8811054500939628,-0.4647575796881416,0.2583440711087984,1.2030114577259559,-0.1643192334702553,0.3242581629300049,0.31053176310692154,-0.2932701009441941,0.37413282925074587,0.18280751803268677,-0.3505140544157462,0.4646280460547883,0.3278698233491477,-0.21365810789876316,0.5468350294748595,0.5524150970304448
-0.3366065204235366,-0.41200343269932077,-0.0144790826527888,-0.29058920326603227,-0.45579686382277745,0.3722816227171365,-0.1788637808190673,-0.6164814372592218,0.17927913363857997,-0.09671248620252583,-0.49385506950517005,0.19793449425720694,-0.6417857730084572,-0.3829432420954534,0.8810948419808454,-0.6545029396761914,-0.2222759801974866,0.5724220183662857,-0.11819575742190783,-0.13574208138044794,0.6868915627716236,-0.2691415938251845,-0.3457128322374754,1.0985200240640995,-0.5527913709937538,0.13392249786784813,0.68941773653207,-0.673757892967925,0.28727116954441595,0.9335972951080024,-0.7196359483412931,0.12095381442311098,0.8667487012406697,-0.46192751271688814,0.25614805434865506,1.196141348507135,-0.1672389715675386,0.3171727233803931,0.3096785677889424,-0.2874175192505225,0.36643685504884,0.17239516435510768,-0.34834556765779606,0.46446387339804296,0.3270207954847086,-0.2183726396617073,0.5413297473918928,0.546556281168996
-0.33615695906100224,-0.40756614134493335,-0.017980899480296367,-0.2926011904688458,-0.4524197051231345,0.371937416298582,-0.17963014035615188,-0.6215099026094514,0.19019185959409546,-0.10195008159095931,-0.4922232413515288,0.20035337014507135,-0.6400025376484102,-0.38128196740707676,0.8798594648701178,-0.6561481851010188,-0.22039107386546508,0.572794160906029,-0.11544539845306928,-0.14056110614850953,0.6879401717233563,-0.2670577946997841,-0.3449407164979393,1.082386478085457,-0.5529437847088783,0.13379654084082793,0.6915842693534128,-0.6725912612895403,0.2871539879125497,0.9356081056688818,-0.7118598013788646,0.12084657355264826,0.8642390443829469,-0.45192144783951316,0.25878674643011645,1.178070106904489,-0.1618864028956449,0.3199810660986083,0.3075553073371614,-0.28950937533917276,0.3679551830067829,0.17179811579238877,-0.34425032792019195,0.4493609226428538,0.32169230539708854,-0.2146055552367906,0.5337098064416951,0.5336180174259579
-0.3381597576656412,-0.4064774196171116,-0.01437517660753616,-0.2866127043228264,-0.45744386106898954,0.3740274531094771,-0.17766910692566046,-0.618542379942542,0.18376702406732964,-0.09834480026822894,-0.48887110232399383,0.18661216916744283,-0.6401119178585453,-0.37965574794458484,0.8809452550651408,-0.6549399023519712,-0.2208669677473047,0.5678923896503633,-0.12119107977444254,-0.1355940261217535,0.6802625255884286,-0.2634903462794648,-0.3437750182828846,1.0632791879155667,-0.5537886260844987,0.14025839966406886,0.6936593984757737,-0.6668276497955884,0.2812976653837048,0.9263791921500317,-0.7109757320521233,0.12264164543696988,0.8600487691836572,-0.44760599920749455,0.25631785189741096,1.162415596439039,-0.1613010854954199,0.31571780509280334,0.3048416740172269,-0.2834641064767991,0.3618321412377093,0.16750682003244763,-0.3390829153861361,0.45246330878382024,0.31392686848013085,-0.21191013307899864,0.5288668785740639,0.5097345792784165
-0.3361659628970604,-0.40477110607826194,-0.010515931635219002,-0.28361765684111784,-0.4543389486091979,0.3679312018007795,-0.17862300259923314,-0.6081569484232204,0.18190635569235808,-0.0972949224287646,-0.4802012738772797,0.1888049285945937,-0.6469351649479008,-0.3802960111188633,0.8803174709653795,-0.6508141880343509,-0.22010503375086984,0.5763925019027427,-0.1248926566941187,-0.13387083606070765,0.6872972200951111,-0.26279232660199453,-0.3393914147494337,1.0500626927043106,-0.5573876154624544,0.1369702129310794,0.6891861258537133,-0.6668276497955884,0.2812976653837048,0.9263791921500317,-0.7039516588116977,0.123151897715607,0.851930981898803,-0.45088639162183053,0.25262183989471293,1.1509409695464958,-0.16410563582191443,0.31434782230176983,0.2947341674500286,-0.28384001639888734,0.36159589186442004,0.15437222101427397,-0.3369812546845523,0.44696456775858623,0.30456470521238593,-0.21368284507876498,0.5211438110972884,0.5101361471270583
-0.3298044406550308,-0.40110722133050375,-0.015418245209873317,-0.29266973627728554,-0.45070121019649506,0.37268413748069873,-0.1820258187033862,-0.6025374801502167,0.17953286778732305,-0.09520180798535548,-0.4853532411951839,0.18650569881946613,-0.6392219637702574,-0.3637544899051381,0.8423350332454447,-0.6562498633258426,-0.2166328889389919,0.554298863802359,-0.12863912447697792,-0.1311888445664669,0.6675477472290282,-0.26805929032713194,-0.3365421075318523,1.0485974490145626,-0.5527505231631177,0.13232388098995704,0.6574479833167143,-0.6751291065371274,0.28051745614392115,0.9128529521573497,-0.7052515160116727,0.12114467322645087,0.8448382236948063,-0.45321918956839674,0.24913259200413515,1.154060528605854,-0.16833561449192883,0.31015326088370393,0.2829776892274825,-0.2757927681454296,0.3525093808054883,0.15121283204840896,-0.3335115175785134,0.44415865314204606,0.2974939112384126,-0.21879232996029846,0.5161997417193547,0.5127145253304533
-0.333729276380714,-0.37758806425810143,-0.02183932897373692,-0.28822581680180454,-0.4412476322633408,0.35662023067283866,-0.17827341574279054,-0.5990119067192629,0.17077861611064393,-0.09934388789804204,-0.48378493826166874,0.18169616045410686,-0.6295736645296338,-0.3561083620655086,0.8042058772728425,-0.6536438281749606,-0.22048761844665415,0.5331787569590267,-0.12587843285600006,-0.12790120987262127,0.6563392593334856,-0.2690497654894272,-0.3470483885305673,1.0654259968420654,-0.552399775232534,0.11925207416924528,0.6207815638615316,-0.6665564262101289,0.2664255090438814,0.8796896723887616,-0.7129638401419794,0.11679045938300259,0.8362953774845151,-0.466109521864248,0.2557680112619815,1.1602743678914178,-0.1614990822013268,0.29026079449787073,0.26441479550402647,-0.2822317567005236,0.345425282172004,0.15311888285772499,-0.3404259473706734,0.43286739833175714,0.29653669484913053,-0.215776639827774,0.5200463648967474,0.5194149324080417
-0.31921680973262256,-0.3676814048665714,-0.021711168951216678,-0.2877104217868977,-0.4199351604682106,0.33979217192521727,-0.18129367785615932,-0.5908570156767345,0.16294825235214286,-0.10068454867680843,-0.48211692239503307,0.17962223589554296,-0.6184856285045824,-0.3584543652079634,0.7725086311649714,-0.6597142115131006,-0.2134687604752248,0.5093624386471597,-0.1252211727459649,-0.1288562100099304,0.631751996604016,-0.2843569345635135,-0.3666370527186663,1.0691549868170014,-0.5408547686077323,0.1176760624777979,0.5966739789213866,-0.6621295058299902,0.24994395968458158,0.8627384233500097,-0.7028043122432217,0.10699195483234074,0.8314718814241184,-0.4786025617273728,0.24220435573943716,1.1810945721064419,-0.1582036708080862,0.28173364070726387,0.254552167674088,-0.2791626447432203,0.33930873395366506,0.14431163412153547,-0.3442783496014671,0.43709475820046534,0.3051689143483926,-0.21876341501556307,0.5212624178655136,0.548175554330086
-0.31105658680103493,-0.3614369805015103,-0.016545992519118348,-0.28816013853147227,-0.4317000231434479,0.3415856908532917,-0.1831181984323712,-0.5847677093475773,0.15960900249350846,-0.09978277445069376,-0.4752846509947795,0.1724960859278989,-0.6170121683655297,-0.35732846029963133,0.7757232669366015,-0.6520915349498986,-0.21940313418204543,0.5058151884253733,-0.12051827028239136,-0.13330910249090144,0.6316819969664254,-0.27422603934279693,-0.35997716331099605,1.0543832064422596,-0.5401431992307744,0.11393086030848412,0.6040854569371004,-0.6613834236549766,0.25008271011396105,0.859814184927646,-0.7032916798292068,0.10668760568229471,0.8210665579966547,-0.4743914422098083,0.232283562400745,1.1649846181190542,-0.15884244413325357,0.28314910379257546,0.26188170283697837,-0.27631991102364234,0.3364109994521808,0.14986027960218623,-0.3376282899488238,0.4336192504249349,0.30255048129817624,-0.22171629671711657,0.5190346792458057,0.5407416874704354
-0.30486506072809905,-0.35827677027675653,-0.018901197327654287,-0.28296799587109367,-0.42183021725570335,0.33567416572200237,-0.17515549775760988,-0.5679739991204701,0.15567358170672724,-0.1014858599280736,-0.4684255992290732,0.17191889673059765,-0.6133251870163523,-0.35371390488911625,0.7721405628139505,-0.6475131480326162,-0.21224834777242446,0.5041023660041555,-0.1273433578578838,-0.13068323823629668,0.6242588717839862,-0.27350326427898997,-0.35749952476751434,1.0386830186037794,-0.5384686509015553,0.11396635371408817,0.6047684701887713,-0.6587629491414402,0.24708933784954296,0.8562000476754968,-0.6882815447190412,0.1027805901643891,0.8246331148036419,-0.4720958676935769,0.23205026340269938,1.1615693138142127,-0.15536802921830273,0.28451963861598295,0.2614568020863371,-0.27745039035854857,0.3363764273954463,0.14648934863772436,-0.3432351694564462,0.42428447259140595,0.29395886163353496,-0.2148775826403456,0.5139047842429175,0.5329860735549273
-0.30192032103761124,-0.3429502529266216,-0.015546928592869358,-0.28207341914012124,-0.41359663061122925,0.3300288412657086,-0.17701089677329704,-0.5663472626509861,0.1565659876944732,-0.10607011712285107,-0.4668213518732039,0.16993518178201922,-0.6139660002944173,-0.34215312124939085,0.7555727617819571,-0.6472664677154121,-0.2139235527060224,0.4862421089128567,-0.13032844373766198,-0.13028235883512596,0.6216629887614857,-0.278571435017714,-0.35058482505718785,1.0348067979699924,-0.5389187862767121,0.10446699703876416,0.5909573866349169,-0.6545230286620471,0.241903009475372,0.8331179056132236,-0.690322559571223,0.10020114337399208,0.8098267325190135,-0.4707690186260771,0.22620299358602167,1.152923150240665,-0.15033746343039392,0.2787975291053684,0.24801830541725967,-0.2729089588334912,0.32575215373270666,0.13379487507745388,-0.33731179801031175,0.41902699030879736,0.29593205225287855,-0.21788711078016484,0.511543624555613,0.5266933781324012
-0.30217132758486964,-0.34385895959634943,-0.009472609542680071,-0.27249080966636785,-0.40891708303380053,0.3220763064876325,-0.17669104745952638,-0.5594705494870011,0.14820901092893202,-0.09933806467041358,-0.4598053243628656,0.1669535971102452,-0.6111663914136127,-0.338547250134349,0.74096668501835,-0.6471156680994217,-0.20865118254957735,0.4835028612704094,-0.1332115762144782,-0.1277788040118127,0.61781132668724,-0.273196765210861,-0.35531268784537984,1.0326393546315296,-0.5347238884149791,0.10668043716393417,0.5839928145667416,-0.6520497889360708,0.23730161329911448,0.8301068408450788,-0.6885709643774587,0.1049714195639789,0.8034791689417413,-0.4720184160083591,0.2243712197340616,1.14989442753714,-0.1524303636325418,0.2675099605601681,0.24216822300433793,-0.26507569475236137,0.322374983267957,0.12231978510308843,-0.3377589440696756,0.4166365735630553,0.2885269789494923,-0.22090189837582372,0.5077020515670159,0.5200020992966761
-0.30071241090068646,-0.35124563217810956,-0.010178407352867,-0.2777931441189856,-0.41195506330800685,0.3298016697703254,-0.17796653455764505,-0.5537574996198249,0.1532937788973312,-0.09989929828641528,-0.45472463794930784,0.1591655697450501,-0.6091126704671678,-0.35098113193174,0.7618765988989307,-0.6451276605143915,-0.21521679089555815,0.4923375600276725,-0.12948736885700388,-0.1365435893973625,0.6202241612159256,-0.2688286792972608,-0.3417449359202457,1.0013548052421746,-0.5319061741057258,0.1094027817897457,0.5994712856669967,-0.6458319861026026,0.2434298885209616,0.831967931072461,-0.6683829446774562,0.09927641787656394,0.7944496937960787,-0.4578501295449809,0.22663195047445908,1.127554624238883,-0.15380263800066746,0.2774306326268208,0.24841758432547117,-0.2649646762679255,0.3255667959186322,0.13558666045489468,-0.31939213925913296,0.41208611891559993,0.2859229723690334,-0.21509889152800987,0.49360793834435446,0.4969888046409106
-0.29503974732559207,-0.3499129851000041,-0.0004985170346196805,-0.2719869555256192,-0.42035464769583597,0.3327531247285135,-0.17184434621611908,-0.5502345932364343,0.15189373800813058,-0.09799847793151487,-0.45298173931489516,0.15699994807228737,-0.6095264869831732,-0.3517436429554951,0.7674444567033032,-0.6389978920531613,-0.21320169015338045,0.4948660277413135,-0.13586955817668697,-0.13217386873316736,0.6233959218817678,-0.2612687382981029,-0.33580265554336186,0.986592699112494,-0.5314987842250098,0.10540051682942372,0.6112268042040454,-0.6438201523649238,0.24786854105266257,0.8371781195228134,-0.6650746564634122,0.09943655708117628,0.791256323247281,-0.456965175910271,0.22999516373636256,1.112683962726819,-0.155835169822252,0.27603963326532177,0.2540469647969332,-0.26531283830010255,0.3241465185629548,0.1371335681209869,-0.32212887197415235,0.40823062735207705,0.28088568207191456,-0.21494116425535642,0.48659695939703224,0.4915885935373244
-0.2986821921058128,-0.347885471434529,-0.004827927995000614,-0.27980148504689567,-0.40856389906997614,0.3294606548660575,-0.17236974493821838,-0.5484114602405142,0.15448378843872662,-0.0899624015127343,-0.44603061151538637,0.14550624609176033,-0.6091070637515249,-0.34538802443695565,0.7607747939158571,-0.6376854466085857,-0.2096405088346923,0.4937098078047877,-0.13717805906519112,-0.13079625303448023,0.6108700766637097,-0.26217321964045226,-0.3357898143308748,0.9762212320697787,-0.5306306514392184,0.10605121768415415,0.5991691331346158,-0.6414105693184188,0.247983004136804,0.8343294577098178,-0.6612197303711075,0.10222637770146245,0.7895420210861845,-0.4441061738565333,0.22691245701749838,1.0971574115099563,-0.15365275207173254,0.2731794925203876,0.25215693232831304,-0.26178876598264794,0.31958945884275713,0.13343699313474924,-0.3104620994046071,0.40180364114948386,0.27240700020505854,-0.2144374244640773,0.4862906459658622,0.48086108760516544
-0.3022549676471344,-0.3441617259690848,-0.007448805192849446,-0.2753772150965442,-0.41036654422927343,0.3277102259657582,-0.16933870877065677,-0.5389929090583041,0.14805372242528497,-0.09285874711662918,-0.4511718710605702,0.1547687058609126,-0.606719549629712,-0.34255818207248623,0.751745092366705,-0.6337415486799478,-0.20835150951663972,0.4882301846431462,-0.1391766699361332,-0.13250960095098005,0.6264874056916669,-0.26061945455734614,-0.3334095561265585,0.9732912153856985,-0.5373431783818964,0.11330808802537466,0.5856625114355987,-0.6402067362383432,0.24505214372852255,0.8296656024340174,-0.6622996156910508,0.1014847954278129,0.7836207948084599,-0.44805220267421975,0.23265432848295217,1.0908288628207647,-0.15762412185357882,0.26759418168403637,0.24024920297571317,-0.25462600671226104,0.3162801990792547,0.12413792737322954,-0.3172221715636149,0.4113091863736718,0.2740912454679828,-0.21092323089030335,0.48538133114544135,0.4756451141531023
-0.29618744661754526,-0.3399410437205428,-0.00424282219419996,-0.2713401107956134,-0.41035410777495945,0.3290848284413976,-0.17027937156291945,-0.541867213181566,0.15756536997643725,-0.09516633699791296,-0.4459945479391498,0.15850387927108017,-0.6066870899182039,-0.33876854790766897,0.7506434453007124,-0.6329740571243143,-0.19721590551621143,0.48914420052854457,-0.14243993074942826,-0.12902304221967048,0.622030480907561,-0.26173363504589353,-0.3198844220908426,0.9777122277302809,-0.5279708047993836,0.11577770059450125,0.5785852752142835,-0.6422791441764867,0.2453306610128328,0.824614036110035,-0.6600940569830956,0.0985788392883195,0.7834625932447115,-0.45202277188531387,0.22926555199393409,1.0935239761347415,-0.15375345494406237,0.26894966970203865,0.23350934122227146,-0.252529226762376,0.3176775068370424,0.1238382610933816,-0.3114596124499259,0.4047495164825971,0.2551243703531663,-0.21267746116597339,0.4880590091886061,0.47883937975956614
-0.2944852076972617,-0.3421062940629524,-0.0009061429065390554,-0.28373958336012395,-0.4035011882536996,0.32800704394139296,-0.17101661394842987,-0.539412108662725,0.14905694988741072,-0.0927061716444981,-0.4408295027611977,0.15212691432018569,-0.6026611503868774,-0.34008550575284496,0.743701928719339,-0.6308764128498806,-0.20132074596755808,0.48489888625947447,-0.14281532030055308,-0.12815575356544345,0.6193734079201374,-0.25930042063025643,-0.3253549600989538,0.9801837525506063,-0.5262188474349131,0.11278011389535901,0.571685780856772,-0.6413249068065917,0.24235237693782877,0.8209262213168611,-0.6694791597966856,0.10757377160522838,0.7826163191949609,-0.44547700109953264,0.22883617464995734,1.0953779643980959,-0.1501166085621216,0.2688922434215384,0.2322833099893091,-0.2567935690596593,0.3119827311776867,0.1254067965172486,-0.30795343947483145,0.4026976836720141,0.2580154696107491,-0.21274290839155852,0.4805214806591234,0.4780398447409504
-0.29261372643143396,-0.34366454620883435,-0.0016125678395444167,-0.27141599334644306,-0.4086325694403061,0.3298527091650837,-0.16199173574850456,-0.5310935594518246,0.14676568032531026,-0.08934507068338376,-0.43731952863822365,0.15073281061405583,-0.6004966694354198,-0.34299839768354223,0.7612867028419102,-0.6371557963626359,-0.19841029766222862,0.4956398796658519,-0.14215771869522173,-0.1311673706315812,0.6180681121843312,-0.25142877341318526,-0.3173936208084026,0.9619509025477068,-0.5207114976557923,0.11944479799355667,0.5801252853035539,-0.6314659754605432,0.25165205511767097,0.8217191188640375,-0.6615789920246586,0.10872504789666025,0.7812446636241217,-0.43722960647422027,0.23162282330142756,1.0774051685758501,-0.14831460770598004,0.2660311524881923,0.23579169343148884,-0.25203399638870166,0.3132693072650491,0.12318195416712757,-0.30060598638643404,0.4018023270957977,0.26075535823104673,-0.20883742331002364,0.4775534916548102,0.46399342564495416
-0.29105736868340065,-0.347811742132086,0.002109347051747918,-0.2694108931241494,-0.41881416332168575,0.3294751459480429,-0.1632790947146742,-0.5377841685854162,0.14941971503514365,-0.08970457070806123,-0.4321239277823481,0.15230557128982722,-0.6059929576151999,-0.3428106809032711,0.7649950321732488,-0.6272596478649789,-0.1996037994391259,0.5038037178298775,-0.14177959982737304,-0.13203300407798937,0.6207239124333176,-0.24884660881360282,-0.32077658844279366,0.9619879892437502,-0.5250528180041931,0.11396780996454813,0.5827425694459981,-0.6361491827085924,0.247046738932293,0.8203499719292818,-0.651754361178634,0.10349846237197628,0.7724994391934316,-0.4379976572152257,0.2259664939747828,1.0710191474173563,-0.14899126253962922,0.26886914110665994,0.24183405714506143,-0.2527414056805343,0.3104326481377926,0.12629084874767435,-0.30571535770062824,0.4017399118103136,0.2676109894925852,-0.21031955749807904,0.47347366089340237,0.4594928552619844
-0.29097296331850775,-0.34751023663387653,8.329732579206344e-05,-0.262795100760616,-0.4070727858370607,0.32865296430479923,-0.16571861439839788,-0.529989376683931,0.15002595573656588,-0.0864693754104363,-0.4320599038932202,0.15227751254363645,-0.6030715979552937,-0.33872288865961003,0.7714488209667896,-0.6221547156060392,-0.20002188391060124,0.49990553293405837,-0.14393826259530867,-0.1323784322238992,0.6175940718647958,-0.24992590968538042,-0.3170160909228762,0.9590010613295851,-0.5241266579702695,0.11187979630689192,0.5906006759537022,-0.6311561941956727,0.25295520404510224,0.8270643887266599,-0.655351499241456,0.10759987647645108,0.7754589536620642,-0.436430246366392,0.22773953407442787,1.072139035281705,-0.1477112606028067,0.2631934946989937,0.2308211136146209,-0.25371572326932035,0.30907559347089636,0.12997017035374794,-0.3040784160112926,0.39616674668212554,0.2603269552774063,-0.2120210180442222,0.47480295463019057,0.4611459627951896
-0.28945678232893196,-0.3518018397051844,0.004837204501686541,-0.2691563141646007,-0.40360100145593025,0.32930669971043963,-0.15962328637633938,-0.5287966432370192,0.15137898584614085,-0.07832161584202532,-0.42165534534065574,0.13966760399598224,-0.6048843184020387,-0.34607365282161795,0.7737698861686477,-0.6233212853174399,-0.19831690382645545,0.49829533565588385,-0.14238822608839005,-0.1353407428584805,0.6142104057281919,-0.2466593327406071,-0.30584335274343655,0.9260451887051946,-0.5178170924006557,0.11480707558553896,0.6052723882537245,-0.6233078181013595,0.24992532868406908,0.8227213837393356,-0.6415837934423914,0.10626022215930382,0.7679887038446782,-0.4219005202285114,0.22435217304175392,1.0465099055772484,-0.13855935710131548,0.27011599795260044,0.24328375589727042,-0.245497658296549,0.3103229612029544,0.13027397639612803,-0.29688043010692716,0.38844310328807863,0.25508154219856244,-0.2013618547945756,0.4648807942562978,0.44123129932291033
-0.2936332516618128,-0.3589616993268142,-0.0027739247644520226,-0.26030482632379515,-0.4072058647180883,0.3257974632000682,-0.15593011899635573,-0.515498140450795,0.15043269200721734,-0.0835255988078036,-0.42011233452883895,0.13112907536076104,-0.5999500972014912,-0.3491623874450988,0.7778432208394168,-0.6207682866929748,-0.19243257080521273,0.502465721129956,-0.1464176264714683,-0.13468603932089657,0.6134929129681065,-0.24290580476215642,-0.3129048264081656,0.9265934672337673,-0.5185079709622141,0.12017971656895063,0.6006303628648996,-0.6225122122463257,0.24533800095310906,0.8196507285034842,-0.634065792428449,0.10494750028152473,0.7632974372907144,-0.4208807120781381,0.22396464033061525,1.0301799259774673,-0.14602629088654162,0.2716503506671966,0.24663285492433398,-0.24035202350014673,0.3088170680250855,0.1345550974462956,-0.2980769711132724,0.3873483011621972,0.2512907605555216,-0.20624888165820535,0.46198455459508553,0.43966021201808986
-0.28905698674775965,-0.3459953947873573,0.0047409646705068404,-0.2595173104348383,-0.40404038420732935,0.3202569798126966,-0.16038729353581113,-0.5198322465365854,0.13852129012540665,-0.07336286377129679,-0.4130343594550444,0.1270945701877657,-0.5998919718205342,-0.34719287264909915,0.7767375665307059,-0.6166451039837236,-0.1924759863936869,0.5025008400268605,-0.14713851256575597,-0.1342062765351469,0.600481806660721,-0.24168762734862304,-0.30443393648904843,0.9074587619065986,-0.5225663916217476,0.11646186247401735,0.6026378752768603,-0.6236176162727366,0.2486208136556837,0.8173780532018373,-0.6292034437475933,0.10399883750343056,0.7563749372003022,-0.4241503222030095,0.22024066690207791,1.0185130409854022,-0.14576400921083132,0.2702313366829882,0.24468915248028988,-0.24878913400758823,0.3104955659988629,0.13432916501120273,-0.29348932930709754,0.3835250218887123,0.23750479277945774,-0.2040999872972991,0.4498168975004635,0.42571763200756574
-0.28935018227793946,-0.35288419640963714,-0.0008683877394568122,-0.2650138621486338,-0.3991200593607419,0.3145935110185796,-0.16332382533007242,-0.51238078994447,0.1431822873572741,-0.08190911827161317,-0.4079823946287766,0.12940867528675473,-0.5976763716493412,-0.3502801228818682,0.7710348985849518,-0.6173213676852479,-0.19095766714949344,0.49891387482894506,-0.1483807761046505,-0.13325967089173882,0.6019325268214523,-0.24248485257274444,-0.30432736176035996,0.8945745516864496,-0.5152056006329313,0.10963994664538078,0.6072871057798629,-0.6242320171491015,0.24410304596197557,0.8132470381287836,-0.6268001395315846,0.10024869147561355,0.750477166998552,-0.4217408870266574,0.22559836186514196,1.0150525229718168,-0.14805788915451581,0.2702632621534558,0.252257056967088,-0.24749628565808054,0.3073137025691209,0.12342114595687993,-0.2893319384085432,0.37563336334555697,0.23828050639223286,-0.20739743016062634,0.4468193027617993,0.42519131747605543
-0.28693130642610476,-0.34372837069552864,0.004322339143634709,-0.2631561849200374,-0.39906912253937404,0.31646995239843934,-0.1594234720439262,-0.5068714040882188,0.13421633509503517,-0.07699897530507686,-0.4061652686123151,0.12879607930368486,-0.5956434673519803,-0.3462445889095321,0.766472227104628,-0.6170975701912963,-0.19384746328893177,0.4876163077655885,-0.1486788321311662,-0.13361777809641756,0.5915547113591514,-0.24320652729827735,-0.296520316979616,0.8881421745912188,-0.5099628816406157,0.10831576961418808,0.6032973862020526,-0.6150804567156838,0.24255598610981335,0.8103521671465864,-0.6192218557964109,0.09901796524675051,0.7448615838270126,-0.42062151039858076,0.21417440514427374,1.0069324531136388,-0.1481031927684033,0.2716799760509752,0.2509987892873905,-0.23474267889216252,0.30406340334336657,0.12351303104874924,-0.28533329039129024,0.3799332116629755,0.2360898933925197,-0.20569258811562213,0.4484454049612272,0.42429945565967947
-0.2869114084770587,-0.34219485592290866,0.006989815969461816,-0.263313664033146,-0.3990232229994863,0.31765189071927713,-0.15562878158998186,-0.5000916222567064,0.1376062417784029,-0.07901623791010194,-0.4028191898129658,0.12030557446354707,-0.5956341281014226,-0.34062573055312834,0.7653868795813639,-0.6177927112106941,-0.19154852938152658,0.4924613307842344,-0.14882698255709487,-0.13718255414163605,0.5978730243188201,-0.23786918018463984,-0.30694530534917736,0.8793771962921016,-0.5173163376347262,0.10772866434024356,0.6093960280126681,-0.6109722065974879,0.23791406305431131,0.807460926940378,-0.6140704041245403,0.09608542548644425,0.7432870699881783,-0.4194572494476659,0.2139566651424417,0.999947315162388,-0.14692786252046713,0.2645907996357573,0.24339689698188,-0.24355932376831715,0.30287313935021276,0.12531572695937654,-0.28814539786212656,0.37366948163164326,0.24307210246288333,-0.1970560587627414,0.4405224962961041,0.4133475375868308
-0.2848633493483106,-0.346061543897468,-0.0040969188173130226,-0.25787189327193877,-0.39262691836401775,0.3091487460779699,-0.1560130634713285,-0.4886953196901449,0.12059491153735531,-0.07523901369163709,-0.39067048003077837,0.11513305195884625,-0.588876946109444,-0.3494083727658421,0.7692949244404156,-0.6069705190556641,-0.19793401143444458,0.48448808431750157,-0.1470265376769791,-0.13863342030289968,0.5808947856373369,-0.2362339261963172,-0.29822938952412875,0.8516731347469075,-0.5120333631460436,0.09894106328142892,0.6160540899313375,-0.6104357763318886,0.23327659086636388,0.8053878079374507,-0.6090281537366149,0.09530484093500702,0.7345275626012844,-0.4165506276699993,0.21154351524807236,0.9822569888432092,-0.14803013150694846,0.2716795558171832,0.24992949948219947,-0.23194986265660206,0.2995872410488088,0.12205072126935226,-0.28585882914795957,0.366851401312706,0.23218493127018716,-0.2016073548398544,0.43247307187345796,0.4033450982518837
-0.28458039984853256,-0.33625995301951395,0.007826605097666089,-0.2622911430603244,-0.39422180706591553,0.3105221379501454,-0.15533107292378398,-0.48822178052434917,0.11519118669665122,-0.07399703423366892,-0.388895800804988,0.11738901114258805,-0.5916518913110879,-0.35138049785515596,0.7606206175234186,-0.6041761048780507,-0.20633596626467143,0.47363994871125686,-0.15084060072213198,-0.13507045695191913,0.5763644126523197,-0.2378855110401068,-0.3024919628633254,0.8532025436666911,-0.512694573754204,0.10280586980083545,0.607659181182393,-0.6042025588041743,0.2353300023572705,0.7941750902527525,-0.6036432189786859,0.08929136847466584,0.7353058525925517,-0.4158287244694226,0.20974010733416548,0.9879988429935253,-0.14256447822670007,0.27017700262852634,0.2498672012976638,-0.2390411499342024,0.30257983402088795,0.11702323282222246,-0.2837285320418035,0.36915378709605845,0.2193026138472867,-0.20473878974303608,0.43134283139970625,0.3997332938609282
-0.2863029613855856,-0.33563029404677275,0.001805118728617119,-0.25523352294729273,-0.389404412095608,0.305495890933407,-0.14956615032447537,-0.48745792658334464,0.12054226133202277,-0.0819658607531571,-0.3890442221362953,0.1165121626575867,-0.5893866288065526,-0.34503749332620837,0.7527217436151334,-0.5997836564363055,-0.1930657028151381,0.47821856080729985,-0.1491663973548033,-0.1369149041030932,0.5765287222792888,-0.23801437184805468,-0.30826595987094174,0.8492029259154471,-0.5162375431728216,0.10697712475767136,0.5913413500465042,-0.6059838012396107,0.23092063881278574,0.788021143236905,-0.5992461551300805,0.09132562310907605,0.7269052252262249,-0.4162091717982343,0.21522060062728465,0.9806546636882578,-0.14201267767347114,0.26875505662431626,0.24365685052763245,-0.23090799376062676,0.29818652997190004,0.12595189499121404,-0.2795006007851303,0.36201151444906843,0.23008107044097198,-0.20160795020481972,0.43395486318478405,0.4037208651694661
-0.2725269852397897,-0.33093929732867405,0.008600405365432608,-0.25104349218738065,-0.3928414977131585,0.30532938078840743,-0.1528749277098446,-0.4881357906807955,0.12124439752135192,-0.07692994874162054,-0.3837712913422338,0.11469092235038486,-0.5872381969514179,-0.34264480794112945,0.7470301003550606,-0.6081507012368584,-0.19902482709925806,0.47256512584789917,-0.15051514029196883,-0.13432136082816445,0.5706565751259965,-0.2405258707515374,-0.30298183527462363,0.8505829179645124,-0.5101108581279785,0.10034496339538172,0.5897151997965666,-0.6077959238356395,0.2312434066975885,0.781970583306505,-0.6024818431808151,0.09015845522741223,0.7262149849309036,-0.4185428222416454,0.20423393211004304,0.9830317327716643,-0.14953181538931173,0.2603968315994884,0.23552298483162942,-0.23867424055324368,0.2952855254761385,0.11740129847365052,-0.28208196787787754,0.36498019983346147,0.23302770791720798,-0.2036500132795384,0.43453696529236707,0.4123121232153955
-0.2800862122092072,-0.3308291585136375,0.0008002885988673805,-0.2548482111437048,-0.38441625350138525,0.3031113882131124,-0.15529511144174654,-0.4846647374450357,0.1247765499274356,-0.07615164459587226,-0.38033718274623385,0.10912574973852338,-0.5847488456188781,-0.33961525985420565,0.7368723424863447,-0.6009247344452907,-0.1921379465790985,0.4681500826762133,-0.1491213465322993,-0.13794129702026078,0.5728971008021945,-0.23569824983136878,-0.2959667948378075,0.8419904991606276,-0.508663280009674,0.10614116323639915,0.5792026782517681,-0.6111138580359614,0.2312954360844765,0.7817974422867178,-0.606566576175962,0.09163647280086482,0.7277113741946852,-0.4176223773568443,0.20593106326747143,0.9777191897745137,-0.14649133847885593,0.2645855396968624,0.2369839301905476,-0.24043685942992038,0.2938545337477366,0.11662180734160409,-0.2748647108727184,0.358943838909901,0.2262725435840432,-0.20331111669263002,0.42788980200683047,0.4034954214573813
-0.27436152479738657,-0.33366970533932083,-0.0006812751643642435,-0.2541357375109079,-0.3863202674996609,0.29759608135626603,-0.1538304533823829,-0.4722719620901064,0.13024401351737358,-0.07343640657945266,-0.38545577938995246,0.11325528528715482,-0.586429262281742,-0.34490031442822533,0.7369596849196619,-0.6075274247036342,-0.19394774293071387,0.4677259906370037,-0.1523454818535689,-0.13434130483595128,0.5694565795440005,-0.2383997544081815,-0.2964861793563713,0.8405823614136725,-0.5137005131437677,0.09699957090259266,0.5851705579426075,-0.6017870850952074,0.22661057262869477,0.7782086246419376,-0.6031131153866844,0.09623303120735283,0.722407971885389,-0.41999800959180805,0.2040991812703127,0.9711429047551303,-0.14057298174052305,0.2616545157605219,0.23185692605926342,-0.2387713367479962,0.2923926904620932,0.1184003069235015,-0.2776323808396002,0.35878919681887717,0.23126083355181026,-0.20644075545384327,0.4223200149301742,0.3987638052705461
-0.2817892001592805,-0.3286627095482976,-0.0025543007168912567,-0.2618226463468969,-0.38415597807110585,0.30809463037992774,-0.14956615032447537,-0.48745792658334464,0.12054226133202277,-0.06843886138420198,-0.38710572990126135,0.11255921807308374,-0.5830909344370816,-0.33248678786136143,0.7368068649974394,-0.6126207590139624,-0.1943082302644828,0.46320669979865065,-0.15488420527789343,-0.1323044713382146,0.5754653644797986,-0.23601576811595082,-0.29807873007684393,0.8467755260880555,-0.5140136333691929,0.10270217464975047,0.5750767243443626,-0.6072247811971009,0.22567274620928618,0.7666238748600226,-0.6047131477655703,0.09514223722973705,0.7200984156765409,-0.41993228926662723,0.2061614587878625,0.981293192086188,-0.14352188033594915,0.25887754918609895,0.22701939151447667,-0.23555219705223193,0.29528433354077094,0.12101638561323048,-0.27593554718081925,0.35703203654157595,0.2329669871638516,-0.20689010782633827,0.4257539553197842,0.4091401185546213
-0.2757074847307278,-0.32432537137780276,-0.0005842644518820213,-0.2584779621247843,-0.3828348919063733,0.29893648463196854,-0.14875292023267744,-0.47555500135503415,0.13139627116667615,-0.07818966798233887,-0.38545336481370673,0.1231942178255063,-0.5844754633253454,-0.3280909810407225,0.7091277326220188,-0.609940294617666,-0.18314315302649362,0.4645007846967112,-0.15355262371611375,-0.13336817177510504,0.5709041266033121,-0.23875474559404894,-0.29293081513589797,0.8530387146173611,-0.5082365392384183,0.09854913060803157,0.5578509083280753,-0.6067543366860875,0.23049963860141728,0.7647661158686528,-0.6021600586726252,0.09367340918647281,0.7193070550211329,-0.4187796885990269,0.20988865841898732,0.9851245101383928,-0.13714825570665318,0.2516858806940418,0.22046413517206495,-0.2268869706949093,0.2829704212984867,0.1008973491204663,-0.2785064103478183,0.359994378903294,0.23591062714000488,-0.20512823893842422,0.42601869671373455,0.4067098220916802
-0.26943689094325207,-0.31633353429980454,0.002526054885399893,-0.2559301297846142,-0.3744815140212638,0.2964603920009529,-0.14967849190717214,-0.4818592719437426,0.13002061312321872,-0.07972989588908545,-0.3924085064362258,0.1235876221096336,-0.5779311038489535,-0.31874035390635846,0.6909132148019443,-0.606349631294036,-0.1878138249867543,0.45431292532811657,-0.1559249249084204,-0.13051285032215604,0.5743270275666145,-0.24256058532782032,-0.3056278025910753,0.8632496458872922,-0.5088258356532768,0.10372580065629104,0.5245098608789085,-0.6070596613175433,0.2203449870433806,0.7462689314630857,-0.6110117653780487,0.0962366992854,0.7127114548944269,-0.4295637602592056,0.21276963048223246,0.9986072162884904,-0.14074514367928928,0.2347941125898643,0.19301751136201167,-0.23080276647988418,0.27724363018592124,0.1013953175619725,-0.2863521785325011,0.3552863381615145,0.22780703799651916,-0.2101360331548729,0.43029087875346717,0.40933991326250463
-0.2668761722355302,-0.3095061189452508,-0.0029679152943677236,-0.25561591380554965,-0.37457076419680857,0.2940945145019546,-0.1537179747988908,-0.4822163050426304,0.12365206954230165,-0.07554918563460172,-0.3871962860113818,0.11671860465023697,-0.583731326583482,-0.31181031852116753,0.6746515238367395,-0.6143081110307438,-0.18657517836927628,0.4466892313848633,-0.15789172135566507,-0.12603249875321648,0.5715237698021948,-0.25052058280611345,-0.29945628684894365,0.8642888404362771,-0.5046565580330871,0.0967485703057727,0.5265223040174529,-0.6054913588981018,0.22378851189784882,0.7401144300287462,-0.6126446254078926,0.09501655945074823,0.7254489536562453,-0.432185669243028,0.21285666264410336,0.993732292725725,-0.13823019805186934,0.24039039132107046,0.19972745728901167,-0.23228221169313903,0.2788431633643085,0.10618503521026668,-0.27798302785504714,0.34884244100977146,0.2253599134707737,-0.20655652952097947,0.4309502366211337,0.4033227090078587
-0.2700494472620855,-0.2984135024455265,-0.0031203556352018434,-0.25251482870072683,-0.37147588446363006,0.28691038530416846,-0.14896703113843898,-0.4770496783773242,0.12171932227733287,-0.07098625704307567,-0.3888289464558776,0.11888392068096212,-0.5719846539790752,-0.3012095475430353,0.6571868256937766,-0.6043602289132841,-0.17790958722024366,0.4416306687726997,-0.15630067377017318,-0.1287561187700808,0.5722016908050936,-0.24474063684127287,-0.3045567870168677,0.8834180649084293,-0.49501017946915804,0.10211153645886199,0.49591964327583293,-0.6033296197117798,0.22385124267093182,0.7382394851966607,-0.6106608582149101,0.0931139283417841,0.7292062832276189,-0.42368252250204486,0.2126773802656476,1.0147745719224406,-0.13762818133967641,0.22765887044435995,0.18233504374170145,-0.22316469250454504,0.27566269547087746,0.10391817786640437,-0.27871380899390624,0.3538217350415237,0.23896526063241091,-0.19773079165601484,0.4360378625509477,0.42646264168093606
-0.272013731494348,-0.2986739559353524,-0.002944818044427756,-0.25485475994982876,-0.3611734554415114,0.2897356214219121,-0.15472711615684476,-0.47206947716547953,0.12452220624449588,-0.07115766965766418,-0.3905523809835677,0.1202331727845961,-0.5722650547593404,-0.2998494653143264,0.6605830468244972,-0.604149096166139,-0.18002343916512903,0.43876578602353394,-0.1601906024054673,-0.12373573055948411,0.5562178479055848,-0.24977065328467793,-0.2957548104602851,0.8822419288202888,-0.4933382344691965,0.10818675882164065,0.4820973652498263,-0.5987143541525495,0.22309085949226676,0.7201818434106656,-0.6082631400020805,0.0938410477888066,0.7070812014150343,-0.43056064439025254,0.2129568381162984,1.0045914646372618,-0.14156584377512782,0.22069834147508632,0.17352045190098483,-0.22175271562500704,0.26504735362544474,0.08690625441777976,-0.27627287249554205,0.34032385467767023,0.21810230819081275,-0.20694774949280598,0.4300671435215929,0.41141961657764664
-0.26251142156360724,-0.3014959277603543,-0.0019343089976254486,-0.25282931659628544,-0.3713870022087703,0.289277503587937,-0.15211176406751928,-0.4732572793275663,0.11818114961208015,-0.07348257918841893,-0.3837226624017515,0.11333610671121638,-0.5718768794525222,-0.302903467889909,0.6560358424766767,-0.6002462518660965,-0.16930907780169294,0.4350189310588988,-0.15647716263663,-0.13002463836119307,0.5591643931356272,-0.2448576226915794,-0.30206550732614307,0.8571507457824699,-0.4987081457518543,0.0954015874479014,0.48684478259659986,-0.5981801090895681,0.22033966980789832,0.7115040365609869,-0.6041911745425667,0.09350454589466282,0.6944423711468425,-0.426586035431986,0.20846840896610924,0.9802464547208903,-0.1329040813264661,0.21907538372097263,0.17520630033077675,-0.21371546627756174,0.26359569853056286,0.09503057218362991,-0.2745424567690865,0.33791784687176624,0.20879947977652957,-0.2045627295812439,0.4169134752576827,0.39252626395593354
-0.2640765154691453,-0.2928922509779816,0.0032609735446429682,-0.2481124592691323,-0.36988036076336533,0.2855727011234696,-0.15277732641433744,-0.4672168920960719,0.1192450510331195,-0.08029832139279491,-0.3786259590958894,0.11483441838601925,-0.5695524701518517,-0.3058181444224235,0.6491095353632635,-0.6049365959695594,-0.17311112844604845,0.4332946453890561,-0.1579492011807821,-0.12926698421452384,0.5522384634260376,-0.24120181819453237,-0.291364327486577,0.84805516389641,-0.4909980381892117,0.09935846386588569,0.48278407125361,-0.5937521371394484,0.22080393693624925,0.7007618525215051,-0.5954899795933869,0.08873393664836925,0.6950015574059284,-0.42527686270466203,0.20073648991593948,0.9714680143400652,-0.13485974135163847,0.22194166981490487,0.17470043757398035,-0.21966228929945555,0.26371126889412294,0.09426754150138127,-0.27116578832450094,0.3374805568504921,0.21120395070790177,-0.20769747414069678,0.41726591250047756,0.38928615651510423
-0.25850737462440593,-0.2962402341850132,0.004597759969815084,-0.24989740215519626,-0.36484070729972723,0.2836767443926421,-0.15551101944425766,-0.44657126430867294,0.11394310613456828,-0.0767696883745541,-0.3733840315555533,0.11230125229908025,-0.5704597918129833,-0.31136335942962723,0.6614131630945057,-0.5957230289355225,-0.17560952908685065,0.4274086259056176,-0.16121125496850044,-0.1260574625219861,0.5341716631343809,-0.23741373502283622,-0.2976914068736887,0.8159373432827162,-0.4939831338817165,0.10002857365817779,0.5026529467209964,-0.5799684641406799,0.21400772437449864,0.706093760054455,-0.5840454437502869,0.08490551423563078,0.6848072503063459,-0.41485323567602805,0.20333670189741024,0.9504813572141108,-0.13585078715027538,0.2262088376199028,0.18366814550619215,-0.21448285885373905,0.2562658936428462,0.09207840467488157,-0.2635300465967708,0.3280016867909305,0.19136724563824195,-0.2040480273283273,0.40471833520733885,0.37876838426670806
-0.25834735532251524,-0.2971585079796969,-0.0021419079355345103,-0.24455564086623355,-0.3635093204887461,0.27524433005366483,-0.15277756891899968,-0.4420606253887488,0.11573474693353458,-0.0809461532185101,-0.3700236304787844,0.10730326607004159,-0.5641559463780554,-0.3157181437069954,0.6485710076335519,-0.5985045544404477,-0.1814096319582261,0.42432023477623837,-0.16294434325548152,-0.12506787450747023,0.534515509144442,-0.23979243611953482,-0.29798615905012155,0.8071610894872602,-0.49084074006881717,0.09057579521588696,0.516149131748382,-0.5856999155700504,0.21395938560321995,0.70876846281615,-0.5802445037869257,0.08324845419576862,0.6851239108000685,-0.4184666462154924,0.19591270815578818,0.940335257360669,-0.13284758406356778,0.22474062430000724,0.19253498078715628,-0.20867112026914914,0.260511625950827,0.09235777509374929,-0.26360590612070794,0.3256162849983359,0.20343017089557966,-0.20707354731581068,0.40532099330592847,0.37320496078920967
-0.24591902139146646,-0.2812876109860675,0.003224346615270185,-0.24049456828137347,-0.3487614931038157,0.2618057899440311,-0.14568691958275573,-0.446252055754614,0.10340710676486567,-0.07346008043933287,-0.368133606119778,0.11122518965887469,-0.5513768060262514,-0.305033280434416,0.6186082404933889,-0.586262493979667,-0.18300604061989412,0.4083841927873119,-0.15418626849568404,-0.13360328203426533,0.5285417697156806,-0.24279344001028313,-0.3108090908746578,0.8303863445127324,-0.48280548319599886,0.07718172114238618,0.5024650788062777,-0.5799369032634266,0.19975444987211682,0.7059194796641048,-0.5722637993091028,0.0694178119335217,0.6916875638160116,-0.4286543028693838,0.18641610428862937,0.9900087044528085,-0.13075280195711195,0.22186760994439556,0.19091127527056678,-0.20910580862845632,0.2576592617103469,0.09445658601678673,-0.2736291089493342,0.33199439457419044,0.22719824661106627,-0.19755105802710332,0.41717560637699314,0.4181363560498669
-0.24837185124572642,-0.28931202781697096,0.004308368949375703,-0.231862016305817,-0.34893523741493293,0.2599691305745604,-0.14876366180864717,-0.43454673094670904,0.10659986358559975,-0.07154929358018718,-0.3664675298705615,0.09845772759595112,-0.5545316471598977,-0.3170738665872092,0.6377311810774814,-0.5841717802376569,-0.1911477365690162,0.40052404647922957,-0.15111254360282472,-0.13837123040213584,0.5209419339649508,-0.23921120233320772,-0.3077271852187646,0.8134360565303144,-0.48911881984679145,0.07197228856546749,0.5344803342507974,-0.5719946265579363,0.19638450239548497,0.7076886076857105,-0.5756139629417387,0.07031407379136877,0.6847008950447523,-0.4234927443135397,0.18563958040150708,0.9693422614963275,-0.13242562111092587,0.23038745737265698,0.20450752773473618,-0.2068351522298127,0.2606517936114634,0.10026028331160956,-0.26937869379780227,0.32665373757229804,0.21497590838254418,-0.20159373214550766,0.41174682830461573,0.3981270641578764
-0.24056718493878312,-0.28844241179356556,0.0045138894662508176,-0.22837139973255516,-0.3476408518228536,0.24963898950549476,-0.14332954049482496,-0.42050890992095713,0.09611797887194189,-0.06967456192622203,-0.34736815756277933,0.0945463938301391,-0.5481822811961132,-0.3268554879757245,0.6471738251053959,-0.5739665723357799,-0.19523883679793322,0.39743835101636865,-0.1512087664275221,-0.1405495871607384,0.4987394356640413,-0.2362389611499304,-0.3118799576809547,0.76812619026395,-0.48447160783288257,0.06230127114725041,0.5517353564629335,-0.5616591137385931,0.178866791619612,0.7065269939241813,-0.541880403452977,0.05567310926355301,0.6705919540644442,-0.411990057920102,0.165367218144007,0.9291666505793345,-0.12872774676280083,0.23596519942299687,0.219701849890914,-0.20662523518763823,0.26803237207828207,0.10528173644224853,-0.2578813032856532,0.315329586383513,0.2165127129828031,-0.197931277195148,0.39180653564882034,0.38580011269496617
-0.23729268250913202,-0.29476493114492147,0.01179290180730972,-0.2377248830853792,-0.34556767118725956,0.25702157419068233,-0.1384545770124695,-0.413370582989327,0.09402908449492829,-0.06962945383697955,-0.34910509981040994,0.09445043571093098,-0.5468106497154974,-0.33511090520294246,0.6749378769908047,-0.5666435799266606,-0.19293273080377443,0.4033022264564997,-0.14989621130768993,-0.142468926437324,0.49462534128774616,-0.2263192563833044,-0.3032331618564666,0.7367468655485386,-0.47743369645085654,0.06618141280701524,0.5829784827585158,-0.5597847591495047,0.17698689975071005,0.7122897551921871,-0.5429006962486818,0.05715184738952662,0.656471937107217,-0.406560758984013,0.15914179184012647,0.9166232077348837,-0.12376526017371871,0.24576526991680597,0.23725803051009417,-0.2002569482932121,0.2696398230311424,0.11865106201130438,-0.25381101967733694,0.3145155036972138,0.20376616645874723,-0.20230759798672154,0.3811984985320465,0.3716535268100016
-0.23977503191528432,-0.2983589900232972,0.021741443641678477,-0.23554770076048115,-0.3490212612528722,0.2561449540571319,-0.13302256944485424,-0.4088944685189419,0.10181837507320521,-0.06537902357158082,-0.329984726759926,0.08576151349136307,-0.5450039573278572,-0.3611513008862905,0.7213247456987897,-0.5543498837256204,-0.19753718744202103,0.4149014627605857,-0.14645264612895548,-0.1495381885731669,0.48827149734567815,-0.22269913079747958,-0.2938239537839053,0.6958643034035468,-0.48121381998866514,0.05772228270135908,0.6479379107248792,-0.5484852934114727,0.1837219842077909,0.7336241445781565,-0.5224523741527013,0.06096303773155527,0.6488210899937927,-0.39399445824481577,0.1608989323392967,0.8617535582262577,-0.1274107316957472,0.26566453178027727,0.26690920697991666,-0.19887603171208437,0.2696606738686833,0.12100514644868272,-0.23272297763081518,0.30364650760431766,0.1915019616769245,-0.19966434047140705,0.3625932628481634,0.3467591503730696
-0.24218393070734115,-0.30772607864877305,0.019227718114865944,-0.23604025649400162,-0.3454821061704463,0.2601211045518207,-0.13577693141782304,-0.400457668795854,0.09271043920892603,-0.06732179233841765,-0.3213105465870175,0.08690247834490981,-0.5506140382458921,-0.3611119934943671,0.7262439023968659,-0.5498027127579121,-0.2050164547038262,0.4142475859968386,-0.14563407312816826,-0.1512652720906177,0.4861092206302411,-0.215535790111354,-0.2895609153958166,0.6602138385307884,-0.474072077101564,0.06767555306092309,0.6625084566114656,-0.5466187611410162,0.1818425555899529,0.7393741271739367,-0.50774862655265,0.057556401339963315,0.6457893804968882,-0.3865630233231102,0.16178149103007627,0.8376527918302307,-0.12885793418307814,0.2727714857922851,0.27958095985900033,-0.19729438391622464,0.27834061681713534,0.12121410941322523,-0.22918579123928745,0.2966896440337107,0.18290302754808435,-0.19213648443869366,0.3571339000691805,0.32587175127727597
-0.2458560156804569,-0.30582586144961915,0.015975491747964924,-0.21887982562695338,-0.3526032347882528,0.25677175779127503,-0.1344783621948608,-0.4004591710555443,0.09572034644518941,-0.06136975280295204,-0.3178551231373252,0.06884934664617365,-0.5522805688458273,-0.36073102778484745,0.7252704080310403,-0.5539202154100173,-0.19895676335931903,0.419569859188144,-0.1502027529983329,-0.14760586289036698,0.4921015125787279,-0.2189322668159073,-0.28434705493158646,0.6524380615912669,-0.47780174064146663,0.06421975932439572,0.6601728913330271,-0.5423019664826926,0.18669288095702258,0.7356677952812583,-0.5071112078718769,0.060130937862253625,0.6339451751306813,-0.38001425529631305,0.15721343063705057,0.8183801890494448,-0.12406850076151227,0.2698639979231106,0.2649480293742927,-0.19740651287681799,0.2738530886181584,0.11518337051394502,-0.2304507277302716,0.29852374162017137,0.17910223484801532,-0.19678667619346796,0.34444091729918547,0.31722724654340123
-0.23798648555883176,-0.30174054314698234,0.020502156629267975,-0.2302685947369296,-0.347123263095624,0.26387134999804784,-0.1313486108218502,-0.393714853115468,0.09467193677495087,-0.06073844934396846,-0.30911186811314734,0.07452502047665448,-0.5579763265904489,-0.35328519817479836,0.7302662801188765,-0.5521354564789966,-0.19559554092655834,0.4162204843290107,-0.1538752929683064,-0.1436224159851212,0.4926914029453783,-0.2124281467962946,-0.27337144837015054,0.6475116633994996,-0.47605663362282497,0.07025554325516399,0.645429427740638,-0.5376267009531965,0.18716845371570692,0.723993912291308,-0.503812976507783,0.06344216426500295,0.6273428454808342,-0.3797778702563041,0.16257862680515273,0.806919007448874,-0.12621100143547845,0.2599766619371016,0.25614232575518725,-0.1907605971255198,0.2619308284098323,0.10834869807169961,-0.22325192858316142,0.28091390100113445,0.17247308531261218,-0.18981265007667247,0.3392306920325927,0.3083380231678925
-0.23841943883638034,-0.3047681267985633,0.028196742370460774,-0.2309680003704789,-0.34863275870158356,0.2689922677806745,-0.1291152914561212,-0.387582696847193,0.10040707358494953,-0.058299567905196546,-0.3038303008763679,0.07938949868119469,-0.5526074538907992,-0.3556401388524891,0.7286976645560594,-0.5482013133852608,-0.18952013939705997,0.42262172920291413,-0.15578783693456497,-0.1416210157245941,0.4903011916321013,-0.21492272600361104,-0.2663886644757675,0.6543342265596039,-0.48184057078903814,0.07420726992003315,0.6353646012971246,-0.5392193514746181,0.19384692788901456,0.7172622014620905,-0.5118180745427736,0.06524253148387844,0.6283128299003493,-0.37795241460036894,0.16244516153844082,0.8062704082162002,-0.12302970479401315,0.26417266922423543,0.2563474189882974,-0.19745311114857592,0.26501628827781026,0.10969081742207402,-0.22484614718130724,0.28260666097181725,0.17073864830894742,-0.19295218426433147,0.3381199022570882,0.30473023985541287
-0.24558944743674807,-0.30187631597026826,0.015016198622213947,-0.22579598636516557,-0.34725340727755155,0.2617688389099174,-0.13103625899141486,-0.3901051932291175,0.10292344055777965,-0.05851614105875914,-0.3038254630982531,0.08080875227106905,-0.5572855354676741,-0.3444471296207837,0.7202916620491634,-0.5532337087655133,-0.18183829428772652,0.4253320515770127,-0.15525610485105854,-0.14185430441565913,0.4872849942733646,-0.2142650482957548,-0.27032509056870985,0.6646217462906292,-0.48342167384404466,0.07543262204885731,0.6099641608254914,-0.5441391458754508,0.19583667699431798,0.7103282779233516,-0.5089753969706172,0.06821400470661482,0.6253871315057128,-0.38302277272752,0.1646442605328198,0.8058921216708971,-0.13288583632629145,0.2487812124029147,0.23897787963918715,-0.1967821629258359,0.2633395236874848,0.10047395275778206,-0.22558365717677445,0.2846276419444997,0.1638170984411583,-0.19639717230293313,0.3452773138283975,0.3090617787558596
-0.25144245431981577,-0.30250843098836505,0.014494888290762953,-0.23271975031784667,-0.3504014008206547,0.2662782305936605,-0.1308399879978392,-0.39636872471091245,0.10455847326687093,-0.05886130812618184,-0.30729610674485797,0.08340547952484191,-0.5551833488991802,-0.3440219638027463,0.7156752601922768,-0.5610307378413769,-0.18394234680923,0.4215310389224684,-0.15558387339769023,-0.1422717561898691,0.49923026706064916,-0.21637792688569926,-0.2575071152656481,0.671957495684876,-0.4710480307810318,0.07736806669215601,0.6104157886729455,-0.5442765738887234,0.19612394771928776,0.7043312722341439,-0.5159138027225725,0.07282970521626711,0.6259954768645315,-0.37842077671685154,0.16815954898675242,0.8096176289495333,-0.1320890432760666,0.248759944116681,0.22724841283270097,-0.19558678005504507,0.25470048234503323,0.10498345144729113,-0.2265748092040505,0.28574256504708717,0.1695105916699063,-0.1981643000975508,0.3450413321731799,0.3115162947992673
-0.2472388099764426,-0.29651062564159186,0.01581780988306317,-0.22399355365793272,-0.3522999156302714,0.26362824266667795,-0.12824065055206949,-0.3963748282294882,0.11056998898976227,-0.05881720673213475,-0.3090360740322366,0.08328543073465797,-0.5527962596596023,-0.33737375523539953,0.7066562920723679,-0.557340543108436,-0.17777017177444945,0.42895233074303624,-0.15794064274982939,-0.14004015809945203,0.5062785716422596,-0.2125382165172194,-0.2569814829333101,0.6803678360072348,-0.4781473436659989,0.08928295011665607,0.5826660186017171,-0.5484796371878351,0.1963424873790453,0.7010903673679821,-0.5249605105020395,0.08329763456680775,0.6262346880015782,-0.37800448062487557,0.17933560290296952,0.8080760780355627,-0.12610834579224126,0.245803922660167,0.22021462239429923,-0.19188598368191812,0.253040786140343,0.09945950977307332,-0.22312266899578037,0.27947433877985367,0.1719683203555285,-0.1982115500262168,0.34196812057410847,0.31198020874866633
-0.2429537117823255,-0.2886961695381061,0.017625647315905414,-0.2271534126931917,-0.3451831312101658,0.2720565853421755,-0.13126385955044978,-0.3987764522323188,0.10872108485781584,-0.05903386674369599,-0.30903099261307654,0.08470523146342288,-0.5520090815570311,-0.3283045068336365,0.6955657419448932,-0.5594257475555866,-0.17243247607006806,0.4264458501580725,-0.1630388550151009,-0.13315737778241066,0.49871790803790866,-0.20525989438978465,-0.25365947711183134,0.6780505169339315,-0.47733867251930223,0.08494445488169498,0.5632908898798759,-0.5484910807107799,0.20172137188769232,0.6881176023614884,-0.5193678185146345,0.08187510181604557,0.6230502155586657,-0.38322911108061175,0.18156997956049264,0.8086826371070047,-0.12641125076725276,0.2359037338043806,0.21120586086554854,-0.18977252990087848,0.2528247437721129,0.09208240457290037,-0.2195536574555119,0.2815095536071183,0.16122611120429406,-0.19588873645879978,0.34339649308116105,0.29785138736593325
-0.2380282415549469,-0.30037382465402374,0.024117074177774308,-0.23305673513851646,-0.3469070943754453,0.2690692808332389,-0.12917199594985565,-0.3961313969146941,0.10485145516120953,-0.05131345337056001,-0.308908389086924,0.0874306020502102,-0.5488879159959178,-0.3332556282264277,0.7008323112727912,-0.5555254213425003,-0.17037957400562567,0.4292289657098459,-0.16506191885860858,-0.1317199436342799,0.5030447198318224,-0.2087600094455079,-0.2466136925727297,0.6754096533840827,-0.4736921083334267,0.0900441203119775,0.5696032124570446,-0.5436802756473259,0.2047782724285073,0.6890683971336343,-0.5149151659592176,0.07865205304199865,0.6241733637952318,-0.3772911812001798,0.18483162443804038,0.8042258501791653,-0.12448377019390433,0.23726905950011468,0.20672803203015463,-0.18754180452901154,0.24697670177320083,0.09239928616510812,-0.21490271520280047,0.2816555482957585,0.15532685268237106,-0.1941212167036512,0.34363153855005735,0.2953930016308866
-0.24164967221148298,-0.29679588448828714,0.022460971752954136,-0.22392799444127948,-0.35061800891529665,0.26325033601963554,-0.1278107871079265,-0.393968905645842,0.10640658249458174,-0.050773177660854554,-0.31245767970817323,0.07355413727843385,-0.5527286495178029,-0.3277465358866796,0.7045570708309389,-0.561310844445964,-0.16641541867935852,0.431421148559776,-0.16339268188934167,-0.13469078464152676,0.5069963322141071,-0.20478064165194984,-0.2514988639968229,0.6708172287120738,-0.4836975078790561,0.0884866708814791,0.5608354135589129,-0.5393930588555428,0.20298621842277173,0.69197239408811,-0.5066552297563612,0.08003114456778028,0.6199016968784198,-0.3683350723822849,0.18398331080659108,0.7914133267491403,-0.11686577686507743,0.2328442952666971,0.20226899158752107,-0.18400914431962678,0.24550149320687042,0.09453734682433414,-0.21528480897068022,0.27341747747339784,0.1479786129719191,-0.18918019170028366,0.33462575723219085,0.29409295972591515
-0.2357173234682111,-0.29586977575510326,0.020874323715021115,-0.22443067104871642,-0.3470811147243335,0.2672372940658758,-0.12351877510803232,-0.38737185898580884,0.1097090212879786,-0.04446847484623632,-0.28980632782994253,0.06221142410797413,-0.5493701439798561,-0.3379537080014433,0.7074961245464549,-0.5398455622713666,-0.1677283471512888,0.4197745943811938,-0.16052032085078255,-0.13858906244527358,0.4955401989050703,-0.20016756274124656,-0.2362760469716704,0.624654218308913,-0.46840189846815045,0.08410004920927551,0.5835596294611017,-0.5307940230299164,0.19368565294000833,0.6844650414331864,-0.49429635183781984,0.08219676352524335,0.591598642252644,-0.35447604644461067,0.17284403024997397,0.7476435099563309,-0.12701231968980717,0.24016086968410072,0.21476252201131735,-0.19028025496104448,0.24113906514448863,0.08873715365124296,-0.19879709949523472,0.26149814074368694,0.13799970782927748,-0.1816872563039339,0.32749765485620297,0.2739630188481011
-0.23431551614059581,-0.2990930119499291,0.03148956964388897,-0.22385204138211356,-0.34043774338682264,0.26336149530793235,-0.12429342456627696,-0.37641584179580345,0.0980924886033112,-0.05220115419039047,-0.28116277160942155,0.06942649439498584,-0.5449555241799806,-0.34206055904444416,0.7182394958904589,-0.5354424161015019,-0.16385842381200896,0.4223183314118306,-0.16220879700022672,-0.13681683145784893,0.4868607600537649,-0.19516303655337716,-0.23679600036682866,0.6042553688805186,-0.4691464324041194,0.0835889532277711,0.5934716072207045,-0.5242052291776516,0.19704289622872417,0.6785050570892678,-0.48644267206295627,0.07317191271972981,0.591421023586304,-0.35245113112920573,0.1632889245244615,0.7450213457560638,-0.11938798636122362,0.24566511791877635,0.22445583418141973,-0.1740595444164966,0.24081144951140518,0.08886223084054486,-0.20038804909149152,0.25658671863325383,0.12630639812600766,-0.1861026221979792,0.31379084791550627,0.26034312993377423
-0.24021248981573343,-0.30442617235544245,0.02424986188928668,-0.2215392975624295,-0.34052440186777244,0.2617217623599595,-0.11430680675094641,-0.36039820665741795,0.09506100220256888,-0.05254749489924254,-0.27593107494549723,0.07125137211220832,-0.5407040617293107,-0.35595853334366695,0.7321817924363049,-0.5348005808377247,-0.17341192430657754,0.41883815968433613,-0.1546302144818268,-0.1450552470425634,0.4642945497862955,-0.18274244509897186,-0.23142787065377496,0.5522534994852134,-0.4699314305608535,0.08189266917223133,0.6270707963529327,-0.5125638689423175,0.1981164457048628,0.6854954027643109,-0.46391456604405773,0.06786649059162896,0.5739278188295294,-0.3424294680028042,0.14869018466397735,0.703524832465785,-0.11561510023332099,0.2541004418645234,0.2366785511657946,-0.17979098328887788,0.24540172284218903,0.09403020976681886,-0.1950466166364754,0.24959729480578005,0.13849796839557665,-0.1773042941151512,0.29987364184935217,0.24691909551883962
-0.24378823378165118,-0.2991804093594068,0.02415446364805191,-0.21434318547057,-0.3425526755199505,0.25479764092730933,-0.1211641556225694,-0.3570692987236634,0.09239666690817315,-0.047602753889614526,-0.2672046147551295,0.059541181446093425,-0.5393231261197566,-0.35495310471795233,0.7365365193781664,-0.530669006118341,-0.17546864983686247,0.4170328038865652,-0.15414426572403286,-0.14564691333197802,0.4635730179613242,-0.18644729394085643,-0.2317913936546383,0.5399686965299061,-0.46027216262964427,0.08155148842966091,0.6373530389909428,-0.5050431151626819,0.19497220504144822,0.6822731554242789,-0.45911058115285436,0.06704958496385492,0.5649691579999688,-0.3419092393378176,0.15192547451711394,0.6793190562315425,-0.1212693425745577,0.2542132431798833,0.2421163289800746,-0.16995398322334768,0.2392796165727217,0.08892049350807578,-0.18347861315480002,0.24572600675436376,0.12324926970031767,-0.18047008503049916,0.29126388709134515,0.24279420490723638
-0.2378557412462728,-0.299769161279235,0.020002416143524708,-0.21197586227166987,-0.33245551965950676,0.25331299367109256,-0.12136846410632145,-0.3423731387627194,0.0876896860792829,-0.04910131601157992,-0.2585067730295748,0.05798129595572184,-0.5434445382839137,-0.35222623538510056,0.7224312064655607,-0.528062715340046,-0.17314971329031,0.40218231517442915,-0.15696485533140142,-0.14171218289023507,0.4535203745716786,-0.1907836452421157,-0.23795550180451108,0.5293832468925567,-0.4570131208288621,0.07317963498736518,0.6267770557586677,-0.5053429830149905,0.19077610268206835,0.6702843148805105,-0.45155089966548917,0.0660233130932204,0.5563708172631386,-0.3414135014735759,0.1441026331888666,0.6651267898843318,-0.11160204670333787,0.24834248000923037,0.2355868788140385,-0.17130550902826347,0.239250787899954,0.0865381315436272,-0.18418931182884252,0.23308915236617858,0.11759406816183368,-0.18188630287350618,0.28730751261397103,0.2372129461843855
-0.23798648555883176,-0.30174054314698234,0.020502156629267975,-0.21219622082449868,-0.334096414640105,0.25486720882392666,-0.10927460479552345,-0.34088912934756804,0.08960949496197307,-0.04798904912329922,-0.25150424434717367,0.06086931034564402,-0.5342553021186243,-0.3582785181452471,0.7171251299155388,-0.5252748480602062,-0.17999326180649544,0.40849486979840327,-0.15941846432365647,-0.13834905120723093,0.44284599491267784,-0.18838532212885445,-0.2316377509299177,0.5196289830456566,-0.45477756381174783,0.07073328637403843,0.6405528949139974,-0.5027786670255935,0.18424022236414703,0.6731577117768401,-0.44312156791906415,0.06454559965136655,0.5516457253332947,-0.33484578323353065,0.14538630913342235,0.6565048756710626,-0.11926784393503699,0.2527556666475014,0.2402072544523603,-0.17045343086404396,0.24077558310802524,0.0904688299505916,-0.17488203894550516,0.23281626714005613,0.11527840288517359,-0.17983065600642864,0.2866188813048835,0.2285253381004785
-0.2358042215107526,-0.29768974659333,0.020349562603220704,-0.20641773620199722,-0.3243775273708074,0.24346919610901183,-0.1169707728125815,-0.33712574189958583,0.0798921154743315,-0.04159360084325277,-0.24972165717508982,0.05097628941103861,-0.5332897461855309,-0.3523068253072208,0.7260564288076953,-0.5236679019600946,-0.17329312908385314,0.40115887552299806,-0.15201813326284588,-0.14689832545408502,0.44069904462261844,-0.18459471744385716,-0.22688165503458244,0.5066022229723073,-0.4516812661059967,0.07497748317354151,0.628095629272983,-0.5004399661994556,0.18939230953110012,0.66424060040694,-0.4393806638152004,0.06701676644340628,0.539147019005648,-0.3306042912868873,0.14125668778204462,0.6513014309272356,-0.11637504485470321,0.24419001852293054,0.2332325388438807,-0.17099348160773564,0.23055167486984474,0.08670517731845435,-0.1695090020918018,0.22532669535285846,0.11538984721247801,-0.17366597855967225,0.2796059464459701,0.23725629477411603
-0.23089864264661983,-0.3094693663101796,0.028067514119570362,-0.20641773620199722,-0.3243775273708074,0.24346919610901183,-0.11051645894576376,-0.3302771936825971,0.0820713485184441,-0.041764690625137296,-0.24273937140433363,0.05161267581445613,-0.5329316521329106,-0.3645588154271382,0.7447724340557926,-0.5103936560132162,-0.17028734545935575,0.4157381144463415,-0.1572678579963563,-0.1401316150596967,0.4406787286477374,-0.1762293354947101,-0.2211719063801137,0.4870487911791499,-0.4468911218939859,0.07195247087404096,0.6540317912189031,-0.49470892995834115,0.18246374725296616,0.674319255272974,-0.43082909247863255,0.06362959889221677,0.5389412080292065,-0.3234545849205065,0.1386741693721299,0.6388253655707093,-0.11306974814336014,0.2568911703504193,0.24778326277470306,-0.16401316805539656,0.23628360221009534,0.08982599862725654,-0.17083405299416202,0.22413184371685865,0.11265257486574477,-0.1731558782797412,0.27915782476128304,0.22634339068380985
-0.22162767294125926,-0.3101034492346196,0.04069176302631223,-0.203566789119518,-0.32918139334415414,0.25315640671638595,-0.108384160961045,-0.3265098274709131,0.09060019365434802,-0.037472623746327316,-0.23398340949084898,0.0443535226351477,-0.5281410957265325,-0.3845887215995878,0.7740959886539965,-0.49947781574092626,-0.17788370097677603,0.41462922833898147,-0.1514670518374175,-0.14631702823683598,0.43061389560516117,-0.16663911285187258,-0.21714442543203571,0.46794404867703976,-0.44331722638031756,0.06369045732060365,0.7131384322316517,-0.4782818080649264,0.18311160757421813,0.6885967447395335,-0.42265232147839965,0.06584198666174762,0.5404061019328447,-0.31690540303785497,0.1303547390883832,0.6191225953370928,-0.11436616088758456,0.27253610647026316,0.2756058707969727,-0.1621881962288455,0.24076237861785185,0.09710788002576398,-0.16476299603418124,0.22486050767518603,0.11900062945311296,-0.17293481166518532,0.2691540297498795,0.22048802887685345
-0.22547077008117286,-0.31184225620571154,0.036379160655453296,-0.203566789119518,-0.32918139334415414,0.25315640671638595,-0.09940140284292209,-0.31696852459227376,0.08748256284444285,-0.033960142997438554,-0.22871129592505646,0.042448743957926666,-0.5286466932157854,-0.37978778924463513,0.7797526110860412,-0.4924722784819342,-0.1755199353879641,0.42128345992344096,-0.1503208655574077,-0.14722743008279832,0.43222193604161074,-0.16584917363495943,-0.21309114309328733,0.45975398049236266,-0.44106839204410364,0.05958552967681057,0.7239867650255578,-0.4778345543974049,0.18477177005616072,0.6869333370260633,-0.41286424516935566,0.05753571088845902,0.5310936942846647,-0.3111436537163365,0.13157984144946744,0.6047499583562254,-0.10798150107103345,0.279546514659518,0.27907986201287155,-0.16140300809545763,0.2451786166375128,0.10094945717685525,-0.16273913432311832,0.2198669736226947,0.10661249376673927,-0.17088433067846093,0.2699295082701604,0.21212052539315923
-0.22696291904261812,-0.30894212143351873,0.027763976329145946,-0.20295478521419422,-0.32084696736754076,0.24897476438421318,-0.10123641094874218,-0.3151300003901595,0.08712586545907858,-0.03350058464700377,-0.23043311493596974,0.05023669430709343,-0.5237762984373622,-0.37403543903208514,0.7616455088859676,-0.4904522805207902,-0.1722651746108369,0.41679847476679166,-0.1490464504330656,-0.1484561454714187,0.43404132985705063,-0.16354740997947576,-0.2087367187288508,0.4498086203991688,-0.4439605709372976,0.0771713624251686,0.6944165427847729,-0.4791664869831354,0.18326935522219537,0.6855463839728256,-0.4107204752438346,0.06466055908830576,0.5304476263547115,-0.31041354697002355,0.14084274076032996,0.6006398411682053,-0.10810928519920004,0.26674303406661315,0.26794125670973196,-0.1582044770727608,0.24340742630117748,0.08994370147598908,-0.16298991682773598,0.22121338474744395,0.10814527351141133,-0.17295074598013635,0.26165556013134145,0.22001497671622544
-0.2193396870272061,-0.31180898536834833,0.028248194414169658,-0.19490597096791618,-0.32767583950855694,0.2510013542727722,-0.10474725666694576,-0.315529839193719,0.08659643159627119,-0.032132587741140056,-0.22517623848987758,0.05167205305047476,-0.522537614608358,-0.37707080542785365,0.7681597490435068,-0.48831991316527884,-0.17756497813076025,0.41953271713661744,-0.14805651790047378,-0.14957589685557396,0.44115091374016524,-0.15525776310030256,-0.20576321331998243,0.4610651624525858,-0.44229072644982553,0.07102609711102678,0.710145121664654,-0.46938861837001594,0.18623117335270373,0.6867254075581168,-0.4076360645852688,0.06649929495173146,0.5387809483884964,-0.2990405736646826,0.13644140999295945,0.604440930812139,-0.10329638738520239,0.2695015061811422,0.2724252647007927,-0.15030161402732858,0.2475920381310658,0.09036021152136624,-0.1567719984290798,0.21912694685367579,0.11351357916642353,-0.16256076930860927,0.2653860211032665,0.21048309760230996
-0.2232505997801762,-0.3076554918574354,0.03515681728334326,-0.19636121774109477,-0.32611643392310685,0.24634382701582114,-0.09669824077866838,-0.30992182585039435,0.07929097277457116,-0.03323869830720764,-0.22344931790166103,0.048115078486143804,-0.5159023553634768,-0.38625092643794046,0.7729907369133828,-0.49197167559074767,-0.1737078001803078,0.4210282154431456,-0.14883092632745912,-0.1484222280692069,0.4404258918249966,-0.15212845997095456,-0.2050774079297352,0.4550208358249223,-0.43171555916308446,0.07123802219434898,0.7082609353488534,-0.467482287513294,0.18624136429932506,0.6858338136740284,-0.40053571575377783,0.060365799558460165,0.5379913135466058,-0.2982349460192929,0.1419281575488457,0.599670906242364,-0.10871417101881822,0.27101960757944393,0.2724025217062673,-0.150738974690314,0.23897844485233588,0.09275017614968657,-0.15030021838525096,0.21858346472505058,0.11728148234419254,-0.16422036251730743,0.2654081231020041,0.21061282719752247
